[1.86657892659849,1.15933032814045,1.25098868822115,1.2321857599972,1.33335513119752,-0.0344974916916365,-0.070812012949483,0,-1.14763051667742e-12,0,-0.0151516510568741,3.28687659224396e-12,0,0,0,-1.65864680056296e-12,0,0,0,-0.0303688060730676,1.15933032814045,1.68760720291144,1.35099298233178,1.17317403979114,1.03683557704891,3.64363739320821e-12,0.0151689044155114,0,0,0,0,3.32400632886724e-11,0,0,-1.28180531625301e-11,0,0,0,0,0.0283589649963764,1.25098868822115,1.35099298233178,1.99748874107085,1.4542969418804,1.41272713721108,0,-0.00274007680684141,0.0278649031090538,0.103993601906319,0,0,0,0.0136308423488933,0,0,0.137182374286229,0,0.106354474478365,0,0,1.2321857599972,1.17317403979114,1.4542969418804,1.6567484428632,1.32951736333378,0,-0.0706771040655773,0,0,0.00427188843843432,0.0212563983734002,0.0132071501333439,0,0,0,0,-0.0172138412309305,0,-0.0180873212300786,2.26925934255255e-11,1.33335513119752,1.03683557704891,1.41272713721108,1.32951736333378,1.70188974075332,-0.0750539389970087,-0.150010630695826,-0.0061743797328418,0.00361538192697095,0,0.0650861142869247,0,0.0256667565336628,0,0,-1.34767685103471e-10,0,0,-0.0638591727432635,0,-0.0344974916916365,3.64363739320821e-12,0,0,-0.0750539389970087,1.75819925830427,1.1667001020151,0.898610950787528,1.32017394141418,1.30628369667541,0.142922928942826,0.0363254608517974,0,0.0286910144632136,0,-0.184891680031462,-0.120067770715649,0,0,0,-0.070812012949483,0.0151689044155114,-0.00274007680684141,-0.0706771040655773,-0.150010630695826,1.1667001020151,1.55706897333394,1.06434001608108,1.29867747187825,1.17120215712579,0.0278821146922342,0.00772249865919524,0,0,0,-0.0484817038101823,0,0,0,1.31142009445548e-12,0,0,0.0278649031090538,0,-0.0061743797328418,0.898610950787528,1.06434001608108,1.44072241325245,1.12033144399595,1.16436350311055,0,0.0159336589897193,0.011476395836508,0.0422586516985769,-1.91075968335661e-12,0,0,0,-0.00126521655969948,0,-1.14763051667742e-12,0,0.103993601906319,0,0.00361538192697095,1.32017394141418,1.29867747187825,1.12033144399595,1.86336802900125,1.43520121802572,0,0.0106815632189634,0,-0.0487883666298033,0,0,0,0,-0.0278185235432352,0.0975949615764176,0,0,0,0.00427188843843432,0,1.30628369667541,1.17120215712579,1.16436350311055,1.43520121802572,1.90267811662162,0,0,0,0.0508052916924751,0,-0.0409746081449494,1.23308450092596e-11,0,0,0,-0.0151516510568741,0,0,0.0212563983734002,0.0650861142869247,0.142922928942826,0.0278821146922342,0,0,0,1.6527058490329,1.02647790089001,0.952683007880471,0.708317920063098,1.0633083231394,-0.127847819818431,0,-0.0788046633275426,0,0.017210795343245,3.28687659224396e-12,3.32400632886724e-11,0,0.0132071501333439,0,0.0363254608517974,0.00772249865919524,0.0159336589897193,0.0106815632189634,0,1.02647790089001,1.41480416479132,0.932020317671369,0.88115463767564,1.08335467745779,0,0.00769970499291987,0.0104520387736688,0,0,0,0,0.0136308423488933,0,0.0256667565336628,0,0,0.011476395836508,0,0,0.952683007880471,0.932020317671369,1.28875596970546,0.843468126548629,0.954922873428567,0.000156356161052459,0,0,0.0216377832448767,0,0,0,0,0,0,0.0286910144632136,0,0.0422586516985769,-0.0487883666298033,0.0508052916924751,0.708317920063098,0.88115463767564,0.843468126548629,1.05770630255981,0.843093889860119,0,0,0,0,0,0,-1.28180531625301e-11,0,0,0,0,0,-1.91075968335661e-12,0,0,1.0633083231394,1.08335467745779,0.954922873428567,0.843093889860119,1.6083518168038,0.0325149989702498,0,0,0.143625503010273,0,-1.65864680056296e-12,0,0.137182374286229,0,-1.34767685103471e-10,-0.184891680031462,-0.0484817038101823,0,0,-0.0409746081449494,-0.127847819818431,0,0.000156356161052459,0,0.0325149989702498,1.54428723924651,1.0986459309213,1.18583446264643,1.00823211702201,1.06497805629476,0,0,0,-0.0172138412309305,0,-0.120067770715649,0,0,0,1.23308450092596e-11,0,0.00769970499291987,0,0,0,1.0986459309213,1.40768917889245,1.12426693826773,0.858408530385161,0.943922038091033,0,0,0.106354474478365,0,0,0,0,0,0,0,-0.0788046633275426,0.0104520387736688,0,0,0,1.18583446264643,1.12426693826773,2.07222984283581,1.0533527490999,1.34778540542087,0,0,0,-0.0180873212300786,-0.0638591727432635,0,0,-0.00126521655969948,-0.0278185235432352,0,0,0,0.0216377832448767,0,0.143625503010273,1.00823211702201,0.858408530385161,1.0533527490999,1.27634210622126,0.921184114144289,-0.0303688060730676,0.0283589649963764,0,2.26925934255255e-11,0,0,1.31142009445548e-12,0,0.0975949615764176,0,0.017210795343245,0,0,0,0,1.06497805629476,0.943922038091033,1.34778540542087,0.921184114144289,1.35248044481844]