{
    "pos": [
        [
            0.900250413835022,
            0.6599589228729752,
            -0.2448634529211611,
            0.16502140211207858,
            -0.32829064808489905,
            0.9169256869115179,
            -0.1772028431177174,
            0.023723559837224798,
            0.12483563303232416,
            0.6326982563857974,
            0.05500094058752539,
            0.7231394086962686,
            0.7086153677451871,
            0.36661415818487664,
            0.11681883767531379,
            0.6734754360059292,
            -0.042350252402540624,
            0.6295056839760435,
            0.7937290135950409,
            0.474020974644354,
            0.22233878412325095,
            0.49420396231858255,
            -0.4900475291090383,
            0.7288287197615712,
            0.36100814424357125,
            0.11850440785079029,
            0.15969878102731028,
            -0.1719755908801392,
            -0.2156676363503825,
            0.6364558076003853,
            0.33687886648035736,
            0.046615179659123776,
            -0.17435862716965136,
            0.5909004144604654,
            0.5765906641271686,
            0.8120210361016824,
            -0.18866159755402456,
            -0.45034850703693474,
            -0.016514644682155882,
            0.1579951785111508,
            -0.4421047122352077,
            -0.09498138602342106,
            -0.4586364444802902,
            -0.4053375631232621,
            0.5524388617059005,
            0.02417045657510571,
            0.07545601548445811,
            0.6448725670299054,
            0.6319305938534268,
            0.39958502183028055,
            0.23074083320960892,
            0.39908789128046207,
            0.7103303269107174,
            0.9151959956602477,
            -0.44822839906214385,
            0.5209792460270033,
            0.7069764066761178,
            -0.01966052383146917,
            -0.07730701405660459,
            -0.027094771960435776,
            0.3241337101538039,
            0.6138804743608991,
            0.11408255182659996,
            0.8101733336441219,
            0.089003247806525,
            0.11683470653423901,
            0.806260289985889,
            0.4153556379544823,
            0.5635186542212773,
            0.8119865969224135,
            0.7640632721864732,
            0.0981071154800073,
            -0.5429013780726492,
            -0.62563755494374,
            -0.3526479012591961,
            0.5919746620636481,
            -0.3293992284792119,
            -0.1865788906926024,
            0.3943028608334761,
            0.26556054552373354,
            0.7682981114679889,
            0.21181358351562743,
            0.7166201625090447,
            0.1369932154032991,
            0.7278189589015635,
            -0.10119103302684385,
            0.23523945539240682,
            0.3719863025494168,
            0.04069006657287925,
            -0.6587093475666326,
            0.15509277628750914,
            0.5857697849311136,
            0.27799108263642724,
            0.33198281506137256,
            0.46079338590311586,
            0.3960158778417175,
            0.18857126068461003,
            0.8148778491727652,
            0.7606680627435379,
            0.8316760837416861
        ],
        [
            0.6599589228729752,
            0.9448269383246618,
            0.07266549909018169,
            0.17356668966111916,
            -0.1553238029516038,
            0.6261648489653279,
            -0.006344335906830211,
            0.04681405568149219,
            0.49460372755872906,
            0.41874038986889617,
            0.2232186645056071,
            0.5223068912094175,
            0.5377737041887263,
            0.20491149665036115,
            0.03623495286313004,
            0.4822866280515178,
            -0.09274216707971214,
            0.412245840202622,
            0.8678282638636019,
            0.509461025874474,
            -0.04184524755050461,
            0.32543059393000034,
            -0.5781837594506678,
            0.4179287836965373,
            0.11141729134604175,
            0.3098333422909323,
            0.019340032650493857,
            -0.35657889548618726,
            -0.0594161298970438,
            0.30010002681534337,
            0.1227866585387231,
            0.09200663540775578,
            -0.42420256935489487,
            0.5909946562812222,
            0.5125499893491715,
            0.6742670885539253,
            0.07342175903353378,
            -0.4537182818824952,
            -0.052195197953828994,
            -0.022502235350946247,
            -0.12010332228284984,
            -0.1357521055705212,
            -0.40902351124722336,
            -0.24783371653354594,
            0.4244550817820645,
            0.043277402001201476,
            0.25157697385945205,
            0.47818719070890764,
            0.3136861788484573,
            0.3873301218148595,
            0.04883968181398541,
            0.2333685944701873,
            0.5725865223444891,
            0.7263420288283833,
            -0.418587440343336,
            0.38554808708800686,
            0.46258880246679435,
            0.02537235653820226,
            -0.1180593286288755,
            0.018477955505559043,
            0.2554875929153451,
            0.43888622085250945,
            0.035121536763869865,
            0.5129459199263081,
            -0.01864594423211791,
            -0.0033747564456922488,
            0.7502358693564637,
            0.09398899764559925,
            0.5513066239877723,
            0.6089064167264107,
            0.6568145816524422,
            -0.17751173314918606,
            -0.4659278604780445,
            -0.5749873252706147,
            -0.35773577085504976,
            0.41937550413284724,
            -0.03799183037472221,
            -0.17294874717649095,
            0.3389915782390972,
            0.1069991168906775,
            0.667556292707758,
            0.19256990693240755,
            0.5160087544638788,
            0.18901020400041382,
            0.574619268662586,
            -0.18915668782803555,
            0.3870889557042406,
            0.34052992267985405,
            -0.00923883151306413,
            -0.25345958890592424,
            0.3485992963640961,
            0.25109820969761587,
            0.17340203775493446,
            0.3160400823790404,
            0.22884810664429686,
            0.40652465345566685,
            0.39229632735915276,
            0.43021548666383674,
            0.5601127863605811,
            0.5634986408335142
        ],
        [
            -0.2448634529211611,
            0.07266549909018169,
            1.4143042883280392,
            -0.05967350185688899,
            0.2350766908057472,
            -0.3565242384449179,
            0.2711405555771238,
            0.5393972886825631,
            0.47704539021539905,
            -0.1425960423169831,
            0.6189509592412191,
            -0.38422279098252765,
            -0.09792718960939586,
            0.2208081124120393,
            -0.12406008210484518,
            -0.5231766577625908,
            -0.12870053660032468,
            -0.6773826944815577,
            0.5761859595536022,
            -0.37049377723344606,
            -0.2690829225173346,
            0.005485987119577247,
            0.7475357768941885,
            -0.43142334272456473,
            0.14860386961624195,
            0.5734498788433229,
            -0.014696250533361148,
            0.22274416000965844,
            0.4883377320115452,
            0.14773057124431432,
            0.16454109043382675,
            -0.13691281052009088,
            0.3022465817666377,
            0.18186941903851048,
            0.08615549192064197,
            -0.1043824349879171,
            0.7730486154917526,
            0.495506521350207,
            0.23953425423622032,
            0.03957185780017575,
            0.47583063646032275,
            -0.03269954409760748,
            0.2812211879428838,
            0.2294343226583058,
            0.11339036738890917,
            0.4607785262977661,
            0.4284070606172879,
            -0.19971456180336655,
            -0.356968604512227,
            0.006592990164040671,
            -0.10850870399578069,
            -0.15110875722360925,
            -0.1649718472072302,
            -0.268411622693649,
            0.13053805207112779,
            0.0017142498801679265,
            -0.27030889087528137,
            -0.05219339155545936,
            -0.005663781246946758,
            0.15856971581646645,
            -0.0012705462121151015,
            -0.4654641067433807,
            -0.10219506315179584,
            -0.593601946565385,
            0.00919079185444931,
            -0.01743857985350926,
            -0.003942408631500451,
            -0.1209106306010347,
            0.13631133334597104,
            -0.24913111702256602,
            0.17814996975993105,
            -0.2484666325513904,
            0.30348500197679423,
            0.03867068456858021,
            -0.2006018843120906,
            -0.4464776584604112,
            0.2355419085994898,
            0.2413352850510105,
            -0.38608118483567155,
            0.07598489950651918,
            -0.10255509079474624,
            0.006254932339251448,
            -0.31255702110110434,
            0.3905684554016557,
            -0.06571328469959965,
            0.13097890002716403,
            0.18428302576870512,
            0.3496963184092885,
            0.3771305728133594,
            0.12632468036653688,
            -0.41609428660319103,
            -0.9559010828837734,
            -0.1141093101236519,
            0.2665652135858922,
            -0.34641208522245154,
            0.08365916598799937,
            0.5251946967817536,
            -0.36855099500768695,
            -0.45045704280281307,
            -0.37443418707824794
        ],
        [
            0.16502140211207858,
            0.17356668966111916,
            -0.05967350185688899,
            0.6600812951569652,
            -0.2261589764381445,
            0.17815317847356327,
            0.00043533678684470363,
            0.02340091478116013,
            0.1830264266801915,
            -0.05153991484607065,
            0.5627952110098665,
            0.11042823287046659,
            0.22881709268169956,
            -0.3087254830667232,
            -0.34245743017910985,
            0.15932471055809566,
            -0.2485455374323965,
            0.19843067520362934,
            0.11140599146896761,
            0.16265530755045796,
            0.09564641578274513,
            -0.30784867104174957,
            -0.17747854789303993,
            0.30772221982571896,
            -0.3069964265571054,
            -0.1967773239386196,
            -0.14346864203379936,
            -0.2505495417533816,
            -0.08762364182084299,
            0.29419878279371675,
            -0.047404562789972016,
            0.142599328933125,
            -0.2160624882894575,
            0.06259799781249314,
            0.177132393262746,
            0.12917473025146642,
            -0.12356757446783685,
            -0.25882719512903063,
            -0.14092311896269819,
            -0.12901471759997135,
            -0.2226846763027703,
            0.25294889106417484,
            -0.17873478604619117,
            0.026477903352129357,
            0.0783104097933223,
            -0.06349564609595917,
            0.1496655461384498,
            0.11683649911152763,
            0.053776269889274496,
            -0.18015788202239277,
            0.044186232447118,
            0.224119239629396,
            0.055084342398731265,
            0.15422429697547826,
            0.11914723946673193,
            -0.18034795891358343,
            -0.18413994494697725,
            -0.17325517555298572,
            -0.04292692692195786,
            -0.16841377737289817,
            -0.005717086997020656,
            0.2529646379350406,
            0.07125029105903452,
            0.38779819873132676,
            0.08620333410745463,
            0.11190168417741583,
            0.08130408316344859,
            -0.2070304871465567,
            0.09578716238502154,
            0.2349015485609262,
            -0.11727922825379922,
            0.2472523176892616,
            -0.023844538685583495,
            -0.10844778142816829,
            0.04699850322255893,
            0.06952028668088278,
            0.14551052894761735,
            -0.20310674564659878,
            0.30824927644205014,
            0.13909388459851563,
            0.07370635930010395,
            0.045142956917449295,
            0.2936926170232437,
            0.11523502758320704,
            0.07143726934460295,
            0.3474339139094547,
            0.04781106353215168,
            -0.37113160139585355,
            -0.24279070146563192,
            -0.027529787238594807,
            0.30429624546710204,
            0.11764450605040963,
            -0.1149486372926004,
            -0.2553039579426273,
            -0.17195857652072286,
            0.38436031983246255,
            0.256528423555166,
            0.08915014723047499,
            0.13234901022516507,
            0.21480958175416695
        ],
        [
            -0.32829064808489905,
            -0.1553238029516038,
            0.2350766908057472,
            -0.2261589764381445,
            0.6316421016239118,
            -0.394808507622495,
            0.23977260946628678,
            0.2886680264301482,
            -0.08528056038455159,
            -0.385253359638834,
            -0.00974903097564165,
            -0.19854586597486365,
            -0.342108102988459,
            -0.25274853642436396,
            -0.11388052225005034,
            -0.2904268043314974,
            -0.028972022361024922,
            -0.07432950071193357,
            -0.33977060176668306,
            -0.38094034409719923,
            -0.0021038904934203217,
            0.0756126443996266,
            0.6095824381774129,
            -0.32713888966643884,
            -0.3347362878622663,
            0.10643524245675913,
            -0.04436145782013561,
            0.36842568017996186,
            0.18196830207016032,
            -0.5655602921159762,
            -0.18168649264673306,
            -0.15301299858627962,
            0.38852960154285077,
            -0.2139351611869988,
            -0.19104678218019694,
            -0.29054724200664145,
            0.22403672900781577,
            0.29233476990222296,
            0.0841555964494061,
            -0.024552500641955324,
            0.5203946374266547,
            -0.08318420386990508,
            0.1825364666355672,
            0.26163827567330206,
            -0.11080830207812872,
            -0.27096940075230597,
            0.015021220325061497,
            -0.10518362495342862,
            -0.017591927746535452,
            -0.004752403307648277,
            -0.3502465253707526,
            -0.4429704003173011,
            -0.1755498868962751,
            -0.31869826468022255,
            -0.019489044410141505,
            -0.13954988573765964,
            -0.3514440078001778,
            0.2043693358055419,
            0.02694953135182837,
            0.38454621413190077,
            -0.09873274012226084,
            -0.10994854162311508,
            -0.10439656148272479,
            -0.41803093241057504,
            -0.14329032263778455,
            -0.16312426798187324,
            -0.16981076395295394,
            0.06969081703787926,
            -0.08275077602759576,
            -0.3779138328933548,
            -0.32709248092659693,
            -0.10719541799766757,
            0.2728060994886401,
            0.29262990712380915,
            -0.4223211921787988,
            -0.010586881703300284,
            0.03157969119087382,
            0.3076007061976132,
            -0.486962862420583,
            -0.3472166422685045,
            -0.27818706395184883,
            -0.1410708433669735,
            -0.287597740463106,
            -0.1120199063852467,
            -0.28096104044904185,
            -0.004379457595732266,
            0.021405096760475847,
            -0.07252479722559473,
            -0.11028554429861787,
            0.15832690364456023,
            -0.02113116856412117,
            -0.30374302675987735,
            0.010127106461503397,
            0.06670584967601469,
            0.05372956294751587,
            -0.1524126309644733,
            0.16392166421738324,
            -0.327948255510511,
            -0.3136514894528202,
            -0.34118014800476315
        ],
        [
            0.9169256869115179,
            0.6261648489653279,
            -0.3565242384449179,
            0.17815317847356327,
            -0.394808507622495,
            1.3365549911822214,
            -0.027593071650548806,
            0.0052926494508091625,
            0.18100976515799697,
            0.869733950472724,
            0.014601158656975049,
            0.7686956555997883,
            1.0171169750268476,
            0.5354681666369997,
            0.16572350237339822,
            0.7169020199119419,
            -0.11710389260330954,
            0.7389582563736862,
            0.7965482736074296,
            0.5590803825470451,
            0.17817941739074988,
            0.6883676831644828,
            -0.6466941460487279,
            0.8257982549164641,
            0.25912002360518577,
            0.26129558138850695,
            0.2074288907763551,
            -0.2508039761373788,
            -0.18286924725284295,
            0.5671721748945687,
            0.3798211755273416,
            -0.06712522394065037,
            -0.2854325606053375,
            0.5318833323423066,
            0.7439797747706802,
            0.8958389952513909,
            -0.17607357122515171,
            -0.4347708723127245,
            0.015050725042654636,
            0.1842048461913968,
            -0.5237004552040427,
            -0.13064639425719368,
            -0.5123182147364312,
            -0.4601405800544508,
            0.6364500048981838,
            0.2232868427461962,
            -0.01446809654046999,
            0.7231000689110104,
            0.6725047436248286,
            0.43727001073656474,
            0.3445896952826305,
            0.7065429771986584,
            0.7662439712212308,
            1.0402641664714387,
            -0.3653567273725647,
            0.5453922645842354,
            0.8538334765165532,
            -0.08317128710592751,
            -0.0732672653423416,
            0.026567497411056042,
            0.447837283812603,
            0.8144261714437225,
            0.14267653961554813,
            0.8753629564675015,
            0.0582455408688374,
            0.08492900321225691,
            0.9753785515489827,
            0.3894410012655256,
            0.6209774357690693,
            0.8090014430846492,
            0.982440268403153,
            0.0029576717109008237,
            -0.6887838337897009,
            -0.7249244468823913,
            -0.09633838137841905,
            0.6817171484732698,
            -0.2693425244734628,
            -0.14516171257368715,
            0.41985152480447363,
            0.195262172725096,
            0.8994792030700522,
            0.20472335031843025,
            0.7468548247426142,
            0.2363815791221445,
            0.9005671772315859,
            -0.17377538572731724,
            0.47685638679621883,
            0.5026229215507827,
            0.0795157655897411,
            -0.6325644732910811,
            0.08326497716261455,
            0.89325357845112,
            0.3082705663731467,
            0.43688346581344045,
            0.6396140464803268,
            0.262533014268228,
            0.18602249000219384,
            0.9194030504576232,
            0.9031433928014713,
            0.9790426373338724
        ],
        [
            -0.1772028431177174,
            -0.006344335906830211,
            0.2711405555771238,
            0.00043533678684470363,
            0.23977260946628678,
            -0.027593071650548806,
            0.6800108363278655,
            0.04524729826446912,
            0.41408267960124584,
            -0.21261016698097682,
            0.18003674364721786,
            0.008158640622031902,
            0.12043423149838481,
            -0.44663708458583756,
            -0.3037458034047239,
            -0.16168054253021272,
            -0.12950313932969632,
            -0.08974040838346659,
            -0.04297826059689114,
            -0.053098904572907606,
            -0.3077197022641596,
            -0.05379075148132824,
            0.10601244688244414,
            -0.06898331308799857,
            -0.34468608908013637,
            -0.05847191804844637,
            -0.14656754518277798,
            -0.04752251548459418,
            0.11465047396107726,
            -0.10701065112402615,
            -0.14402097691422236,
            -0.10011993450582997,
            -0.039667993994655155,
            -0.08638738067521791,
            0.04675450088097279,
            -0.17627729123730185,
            0.16740155814992744,
            0.02052358219846184,
            -0.00779368989276093,
            -0.1737783707451981,
            0.20940254869875788,
            -0.1664125788309775,
            0.06919303175898059,
            0.21293989087936294,
            -0.09896303999590313,
            -0.15629715689185475,
            0.24464712464650887,
            -0.2364460918703968,
            -0.23053368145178205,
            -0.1585762228427548,
            -0.14337906693460226,
            0.08411040790596287,
            -0.23196011333565325,
            -0.2436820722640253,
            0.009994896953564756,
            -0.1891560548627327,
            -0.5495899904353138,
            -0.08221724350956551,
            0.05053117070333506,
            0.17264526991623239,
            -0.27846900840225025,
            0.14153544394298082,
            -0.0058241036545733085,
            -0.19316965518103563,
            -0.180768380216514,
            -0.19748536887030377,
            -0.018194107983689395,
            -0.1436843904828668,
            -0.0024857094751317825,
            -0.163388854471689,
            -0.1357897335241669,
            -0.29105564251263727,
            0.04524476462048115,
            0.04603821244291643,
            0.0031046740062342245,
            -0.043682148382136,
            0.09161704672547906,
            0.17772746475933726,
            -0.17352641352635495,
            -0.031178382621008718,
            -0.0861203934393033,
            -0.11085279280453786,
            -0.27569979277505463,
            0.15535747778160874,
            -0.21617076606397212,
            -0.1049403476039833,
            0.3110989928495392,
            -0.13610221220852192,
            -0.16549966615156667,
            -0.035642616327174956,
            0.10577742359750758,
            -0.12082496407004566,
            -0.33842342751235566,
            -0.01438537125016646,
            0.003659052467089139,
            0.025550090799994114,
            0.5280125612748838,
            -0.1632777235324812,
            -0.12185842108688533,
            -0.27332694961921655
        ],
        [
            0.023723559837224798,
            0.04681405568149219,
            0.5393972886825631,
            0.02340091478116013,
            0.2886680264301482,
            0.0052926494508091625,
            0.04524729826446912,
            1.0785492565806196,
            -0.19227370692120008,
            -0.14112994486170458,
            0.5491255904845483,
            -0.14270049760605066,
            0.04667776606464665,
            -0.23290798592614492,
            -0.17417627161083526,
            -0.20107969462468858,
            -0.07372757076942384,
            -0.03766283755574327,
            0.17008556044246326,
            -0.3885837869699662,
            0.05216733303018829,
            0.023261854860551857,
            1.2487662517518563,
            -0.1877885349153532,
            -0.3212151321323688,
            0.12501599725419105,
            -0.12494677280210299,
            0.6228088364709069,
            0.0042377957302406665,
            -0.1071225913615767,
            -0.28521551228852915,
            -0.1287717175373404,
            0.9386021564003,
            0.07611893319032072,
            -0.11614379282162737,
            -0.013662455092564639,
            0.15040412416980065,
            0.4297535543802261,
            -0.12035042055449022,
            0.5373657294791859,
            0.2731585103768973,
            0.036050302109219404,
            -0.027844587568658943,
            0.22228520986288344,
            0.07018455943202372,
            0.22782542850855678,
            0.09007305027327078,
            -0.09994871542832831,
            0.20634929502754815,
            -0.016807745673053476,
            -0.2717283647203426,
            -0.24971933163490967,
            0.08584451981320626,
            -0.013030428052074002,
            0.39059738740537536,
            -0.17292303412700885,
            -0.2848192555097432,
            0.1967216823101543,
            0.04812713520449278,
            0.0904407748653718,
            0.29235841371317006,
            -0.07586691920412078,
            -0.12859497671187645,
            -0.1582106374371174,
            -0.034374157424875144,
            -0.030647096126570485,
            0.041077966846950136,
            0.0234540421187734,
            0.38240342281993156,
            -0.09540579080522463,
            -0.04193376013237469,
            0.07775652297182664,
            0.49203584984866994,
            0.2633865053895036,
            -0.5618146669662807,
            -0.08529592629422307,
            0.2856716507749111,
            -0.10485214455346853,
            -0.49203837932048944,
            -0.15201055543565062,
            -0.06509171564726772,
            -0.0026365803667549445,
            -0.08210720038320732,
            0.11702145607906356,
            -0.09072893681411888,
            -0.040608441014614874,
            0.06175380692128106,
            -0.2364426825083814,
            -0.1668197217006115,
            0.06374936000827931,
            -0.04396364933417788,
            -0.19485290704074687,
            -0.23711620329471694,
            -0.03958740916998708,
            -0.1199852485187314,
            0.23209226444088554,
            0.5793768497912547,
            0.02694685638695224,
            -0.10853810737293483,
            -0.2114965286536573
        ],
        [
            0.12483563303232416,
            0.49460372755872906,
            0.47704539021539905,
            0.1830264266801915,
            -0.08528056038455159,
            0.18100976515799697,
            0.41408267960124584,
            -0.19227370692120008,
            1.2380550141863662,
            0.0940185861747178,
            0.7074494368816713,
            0.0744808848633201,
            0.39107572802244395,
            -0.057735076457453176,
            -0.37886620736912,
            -0.06221885792261382,
            -0.17156158866703952,
            -0.14573375837546904,
            0.5111943792361253,
            0.2654567853725,
            -0.5416072690807521,
            -0.03927543230806449,
            -0.5175917455519455,
            0.04323135892299817,
            -0.08641881781100448,
            0.22436175582270712,
            -0.1526256068367347,
            -0.475515484693265,
            0.2651031591079646,
            0.2530615423048777,
            -0.009104944779327204,
            0.06784346052892817,
            -0.5471055225784837,
            0.3477835664702084,
            0.42705134788525767,
            0.17360076305859268,
            0.3700702619269622,
            -0.17322014525801124,
            0.14140236521712324,
            -0.383474215466312,
            0.12961614020004347,
            -0.15160479831945317,
            -0.09701401026356576,
            -0.07778185734795491,
            0.17090950739193841,
            0.1600886509819859,
            0.7206200717289508,
            -0.03450357160677915,
            -0.1795761210140257,
            -0.01820007762137815,
            0.10557126363174871,
            0.2665845599414166,
            0.13470726982170358,
            0.13266652088366582,
            -0.19630878424168316,
            0.044743550267940545,
            -0.2081079907936668,
            -0.17638692096971947,
            0.03318869206631537,
            0.18856811391783318,
            -0.22690396903980567,
            0.16560875316055657,
            0.019956113517215938,
            0.03334038234155265,
            -0.14473474090851804,
            -0.15583205234929373,
            0.24132371898021712,
            -0.28180738165674385,
            0.2808037566364559,
            0.20338033105897135,
            0.26832551853658276,
            -0.5503390862570645,
            -0.3072950814069793,
            -0.34685382631788925,
            0.11427466236353101,
            -0.05981686896791324,
            0.061278787949118424,
            0.09659978225898357,
            0.05494517361400919,
            0.4655304239167505,
            0.28464271776146116,
            0.01003471306869806,
            -0.021508029860425323,
            0.48318269391169266,
            0.26359528240197494,
            0.06569465952928599,
            0.5553985615879458,
            0.0967087304227525,
            0.004331080348679643,
            -0.03841094720889982,
            0.1618607646602585,
            -0.3298246004299757,
            -0.1679227486644139,
            0.12599249038991153,
            -0.12076569025919286,
            0.057728654082398585,
            0.38876945591139506,
            -0.032390405197678225,
            0.033118104584894434,
            0.03069323620990197
        ],
        [
            0.6326982563857974,
            0.41874038986889617,
            -0.1425960423169831,
            -0.05153991484607065,
            -0.385253359638834,
            0.869733950472724,
            -0.21261016698097682,
            -0.14112994486170458,
            0.0940185861747178,
            0.8644018976590322,
            -0.26617633230864063,
            0.409791564368111,
            0.6484517021268793,
            0.8579053256105413,
            0.42741271734810377,
            0.48272243732956477,
            -0.01927437380147047,
            0.27413353430299064,
            0.6224196929502053,
            0.30280310699855806,
            0.09417167792940022,
            0.6718026186190537,
            -0.4670755956383523,
            0.4881678599789124,
            0.6216906377745652,
            0.3628530007202572,
            0.3164224855051293,
            -0.11601368678736827,
            -0.11385239268045026,
            0.31728474238769877,
            0.36202399062989976,
            -0.12438733240922448,
            -0.1700132678090234,
            0.41928699579647044,
            0.5446241634047098,
            0.6732902519469239,
            -0.048738029073171554,
            -0.2166513185459919,
            0.1104131998002361,
            0.2337591054224653,
            -0.3771386644787048,
            -0.09523920477970353,
            -0.2697690316200949,
            -0.4547483163524275,
            0.5219976717465619,
            0.37178146943275614,
            -0.20175486455172803,
            0.54450320933526,
            0.41908904940269326,
            0.4625862308913009,
            0.3543134994965794,
            0.5081566306166239,
            0.5297460993002808,
            0.723062468988536,
            -0.3141169538014777,
            0.643513324413208,
            0.9125039444732583,
            -0.11890607748129284,
            -0.03902737409033913,
            -0.036143701634985786,
            0.4145038914743114,
            0.3375716926239872,
            0.07133515891465417,
            0.5367342516087208,
            0.07460189287256162,
            0.08735239726976328,
            0.6981153447142815,
            0.40381112609008507,
            0.3053466786905259,
            0.5713999804861982,
            0.8794837590947967,
            -0.19583297156177534,
            -0.47889212701457196,
            -0.48263478116495356,
            0.07640212141463688,
            0.32653379288701884,
            -0.2194723919961592,
            -0.08947909624234258,
            0.4718792101309246,
            0.18944882663106855,
            0.7120005902472016,
            0.18532528321836814,
            0.49597858136964934,
            0.06040933744411657,
            0.7231072535421411,
            -0.13082106297644633,
            0.309458027482073,
            0.7286526903235186,
            0.3766362223585669,
            -0.5279708062574681,
            -0.005993984625822072,
            0.539990646296381,
            0.40441734265987705,
            0.4691617971098856,
            0.4680326273714839,
            0.19026511731729406,
            -0.3252954496480308,
            0.61631284754635,
            0.6607846527251732,
            0.6586775010617155
        ],
        [
            0.05500094058752539,
            0.2232186645056071,
            0.6189509592412191,
            0.5627952110098665,
            -0.00974903097564165,
            0.014601158656975049,
            0.18003674364721786,
            0.5491255904845483,
            0.7074494368816713,
            -0.26617633230864063,
            2.09774558575443,
            -0.010015113534737292,
            0.13158385936628467,
            -0.32882724243689576,
            -0.5957157973638821,
            -0.32658880739275165,
            -0.2929356274143329,
            -0.17682456903875365,
            0.5934774832465582,
            -0.1711562034585484,
            -0.2124695245994889,
            -0.43374965020283385,
            0.2633354846846547,
            -0.027704063363434776,
            -0.5598378258838074,
            0.0446662055270718,
            -0.25675991614970706,
            -0.04894111222017195,
            0.23107531266089276,
            0.2304687676941769,
            -0.0725088888024229,
            0.21829016719789707,
            0.023977455190723612,
            0.3180717097213583,
            0.0167046580630432,
            0.006513497162528513,
            0.25725014736955226,
            0.013068142309641961,
            0.0487825085400605,
            0.03153697743700036,
            0.2517229751887025,
            0.28103513275272823,
            -0.04093998231307764,
            -0.027103473806458864,
            0.14082407402349306,
            -0.08257917426093495,
            1.0490054068246903,
            -0.0699802423205722,
            -0.06558119728475399,
            -0.3635280637864263,
            -0.14423583376528326,
            0.04647998528564303,
            0.04962406442383867,
            0.06156878831198787,
            0.1830157346147694,
            -0.37158416398072575,
            -0.4059724870880166,
            -0.18686429030960244,
            0.13521243476787154,
            0.21950887653935958,
            -0.2795734971925964,
            0.32864533188352235,
            0.024403542928732078,
            0.10108775204773661,
            0.04398709625810802,
            0.056104582641810875,
            0.03896637217713346,
            -0.3096400478729593,
            0.49318017467941877,
            0.07178438432994778,
            -0.04872640316288349,
            -0.32199642320247973,
            0.09793892531274075,
            -0.17859359765781363,
            -0.2368943859649356,
            -0.058413353395418935,
            0.41817471356367464,
            -0.15528830131881793,
            -0.4950787697756554,
            0.4026715717293689,
            -0.08994478716171277,
            -0.05318904597338138,
            -0.21501279610331828,
            0.7034015687579454,
            0.08474695233710586,
            0.5465547396794079,
            0.5422247134092328,
            -0.46163231759544654,
            -0.36652274975832017,
            0.590212813236973,
            -0.03525997961851201,
            -0.5678734272592451,
            -0.31549059809565594,
            -0.1249318217044154,
            -0.2295776773327305,
            0.465415959184839,
            1.173076694501161,
            0.036896507943813356,
            -0.17712616793097713,
            0.007033293124501174
        ],
        [
            0.7231394086962686,
            0.5223068912094175,
            -0.38422279098252765,
            0.11042823287046659,
            -0.19854586597486365,
            0.7686956555997883,
            0.008158640622031902,
            -0.14270049760605066,
            0.0744808848633201,
            0.409791564368111,
            -0.010015113534737292,
            1.0733818353749955,
            0.6168448285994906,
            -0.06270061631992246,
            -0.14024246376501961,
            0.5449877309813436,
            0.19980551934838806,
            0.7906847858997823,
            0.4890136631769221,
            0.5036344896291974,
            0.17487734968266888,
            0.23567427263895105,
            -0.6306078611794821,
            0.6470632141377377,
            0.03797537075529069,
            -0.14887784101828377,
            0.06646103948556437,
            -0.22638176220248585,
            -0.17077571254182275,
            0.6564089131718664,
            0.3842996702116999,
            -0.014679782909474502,
            -0.4240893765190896,
            0.3243238679637478,
            0.4462495458809799,
            0.5014396759529282,
            -0.3330070797652502,
            -0.6132909840277305,
            0.02898720190071108,
            -0.09499851733398659,
            -0.3780571579272328,
            -0.20010601332165398,
            -0.29049396386208415,
            -0.462399575531629,
            0.30863744905779716,
            -0.2002314809819804,
            0.03775960429161061,
            0.724872647188378,
            0.5512225644917551,
            0.09375732664521241,
            0.4789675451297234,
            0.6182959280915382,
            0.35510143266069594,
            0.7340858507799483,
            -0.5235414977284967,
            0.2231795151206019,
            0.4273551149243447,
            0.24790173086213807,
            -0.09494124423743484,
            0.302155449623729,
            0.20806043559856094,
            0.7707828725370836,
            0.1561428845130776,
            0.6958086847834122,
            0.07057687149600621,
            0.08924696806626799,
            0.6494015287767982,
            0.28622485395535985,
            0.2771968092007316,
            0.5987003504916275,
            0.374267020950564,
            0.0739936959006789,
            -0.5280681544149433,
            -0.46225410996014626,
            -0.2949158913122548,
            0.8536352779411672,
            -0.3501590173916153,
            -0.05704695542119205,
            0.4534721197318367,
            0.3611427908947538,
            0.46844925574808655,
            0.12412530117331631,
            0.49646276491847824,
            0.2696166644465387,
            0.41193876619782854,
            0.008337895487437628,
            0.1564843084508571,
            0.06568485653750618,
            -0.2422907946470372,
            -0.5834105542686396,
            0.1417272576042845,
            0.46943937696722887,
            0.05162825102539937,
            0.29107092720752076,
            0.8897889397543236,
            0.30475347696440724,
            0.49982500734820356,
            0.7733513401768947,
            0.4498758743680159,
            0.7646301379969146
        ],
        [
            0.7086153677451871,
            0.5377737041887263,
