{
    "fast": [
        [
            1.0945575135891146,
            0.8254095173662301,
            -0.5882728909363851,
            0.4582119209001998,
            -0.5181815175232507,
            0.7576203964892104,
            0.39497427762261117,
            0.5519483483436652,
            0.04823124896586585,
            0.8355249047424429,
            0.1407059953326298,
            0.7519351052401239,
            0.9781821022111297,
            -0.2956594168059134,
            -0.44892399385285636,
            0.6705412803062781,
            -0.5635661406295195,
            0.9306337194721509,
            0.33930287987144875,
            0.3515257301063905,
            0.2699883279197696,
            0.0948373880596639,
            -0.14561833265077948,
            0.7856367181611404,
            -0.10924637414042028,
            0.20409472127153755,
            0.11336020210507725,
            -0.09231482116051586,
            -0.030180637120651044,
            0.7020755650210818,
            0.16122427862906577,
            0.03142016254212898,
            0.00976491241583954,
            0.9226964618910418,
            1.013328261631427,
            0.9780830016914854,
            -0.514793273469921,
            -0.4227095476207893,
            -0.12962226211371,
            0.059572701652216675,
            -0.34322017208028266,
            -0.4366691025915913,
            -0.6088227676172903,
            -0.8388826799063872,
            0.7760116891739736,
            0.1365544737757623,
            0.19551473660196672,
            0.6739607052011444,
            0.8265810813812665,
            0.23793442086074615,
            0.3455875932469762,
            0.4359484156681983,
            0.9156113158902172,
            0.9248639874480479,
            0.08285501907530339,
            0.49672475580193,
            0.34567315453757425,
            0.364732776700814,
            -0.05947409638407271,
            -0.039665684612136286,
            0.7182772870568167,
            0.4128814331959121,
            0.8191271671501477,
            0.9313728160407073,
            -0.49220627891162566,
            -0.5045218756533413,
            0.780790498757138,
            -0.1587984939907399,
            0.7644014816415384,
            0.9562745761573599,
            0.7413585743751843,
            -0.2672445872318976,
            -0.2744277545255154,
            -0.6637214562842518,
            -0.6086256645256309,
            0.8311926209675035,
            -0.15428114451277533,
            -0.602045586591895,
            -0.24988708474456367,
            0.3861774650804252,
            1.001817511278104,
            0.2919121864980586,
            0.6235543110207465,
            0.2379355973848806,
            0.7915416062299109,
            -0.36593342037710797,
            0.31484788493089566,
            -0.15588523942314633,
            -0.3253234434063878,
            -0.30394164180218786,
            0.5832834718812638,
            -0.055878595304459086,
            -0.19454127894387502,
            -0.13113667532828,
            0.63677695927336,
            0.37842389422185085,
            0.1870785593175266,
            0.9797093043830475,
            0.7696376723464426,
            0.9283339875551048
        ],
        [
            0.8254095173662301,
            1.0070588307581914,
            -0.7097099829652648,
            0.3471549149017344,
            -0.4821650926641916,
            0.6214910724362331,
            0.30992907735704744,
            0.44641616742197676,
            -0.2198977879428575,
            0.6163571281508726,
            -0.0842057846822376,
            0.5698365833983691,
            0.7485234463928883,
            -0.4228233966193418,
            -0.49768850439651724,
            0.6665570462027955,
            -0.7042246343615285,
            0.8609273509463009,
            0.06181175339287496,
            0.4409281697485487,
            0.15580251286914218,
            0.11897364782091241,
            -0.003953880518782149,
            0.743405538779796,
            -0.11809370622126052,
            0.018542509959565905,
            -0.005809518332778262,
            0.06188302164410838,
            -0.08786102218602575,
            0.5919713174639089,
            -0.1286847047100186,
            0.12848449047238872,
            0.16212797445143898,
            0.8255321958007038,
            0.849931332483452,
            0.8579113562097309,
            -0.6548677224986832,
            -0.2698441073166319,
            -0.3256335843625991,
            0.19745553471556396,
            -0.251159780566206,
            -0.4071387557425432,
            -0.6543627258418833,
            -0.6036385350404996,
            0.7012926834660901,
            0.0866983180005007,
            0.10268012601429378,
            0.501276092308101,
            0.7972240381875652,
            0.1601195272862068,
            0.2161019223837552,
            0.304475672008564,
            0.877478592882758,
            0.8347474839473941,
            -0.032203451192577566,
            0.27844162114211457,
            0.31629082650602347,
            0.3420042416526071,
            -0.0385959023266651,
            -0.21045128509310376,
            0.6923060425857832,
            0.23316371692742505,
            0.7360951144526209,
            0.8671607941288245,
            -0.2542755845106452,
            -0.26107528947379016,
            0.6690709684221724,
            -0.25214449447240733,
            0.7580762468435001,
            0.8837359894200989,
            0.5222354931914787,
            -0.5557017648890812,
            -0.09127446816490423,
            -0.3823244015320333,
            -0.25279596678279403,
            0.6072604444474529,
            -0.004237198847626352,
            -0.6637669315742233,
            -0.5120269672159125,
            0.361741463695254,
            0.8389700798636739,
            0.3599192021630051,
            0.7352008879247127,
            0.08436274434755427,
            0.6966468082954639,
            -0.564676307217908,
            0.4684581643890449,
            -0.2182573050880757,
            -0.44210719127524467,
            -0.2809798099845155,
            0.7975915856945658,
            0.1926534414073384,
            -0.19257337835545088,
            -0.3507439726696742,
            0.3182698573753777,
            0.4305451956749298,
            0.16280375854273815,
            0.7905354758810134,
            0.6261703406374689,
            0.7647287222581293
        ],
        [
            -0.5882728909363851,
            -0.7097099829652648,
            1.3312798716301701,
            0.223280427568268,
            0.7742929704279228,
            -0.44347973031267873,
            -0.23006551163563185,
            -0.509444726562957,
            0.36475536472795805,
            -0.6089133580567431,
            0.5326860252405732,
            -0.5883090928111333,
            -0.46754899569715086,
            0.06499235396838797,
            0.1914346971923135,
            -0.7120552298338598,
            0.9929859551528738,
            -0.43109368690637034,
            -0.09368476441501734,
            -0.5808817411325474,
            0.06642915129477034,
            -0.2574542685769149,
            0.18506215152067237,
            -0.7403419565238419,
            -0.20150336924393916,
            -0.022628919576056065,
            0.04044280101092982,
            -0.010565590305460263,
            0.3903053299811477,
            -0.38744213359169943,
            -0.4711205783544241,
            -0.28481725839868555,
            -0.16308588515879022,
            -0.2861144416177799,
            -0.45246136350004856,
            -0.7031783809646984,
            0.8354695006451903,
            0.2612250989555568,
            0.3266678472772366,
            -0.14506985325281138,
            0.43678159096579083,
            0.26623263757135235,
            0.48459921134276296,
            0.5176836035675095,
            -0.6161960915535463,
            -0.209269221253252,
            -0.25232185173585997,
            -0.5290546898925534,
            -0.6666849963606858,
            -0.26102021349577414,
            -0.2494313076011829,
            -0.7091451389103764,
            -0.7352158097889825,
            -0.7648852264580299,
            -0.2966187432820536,
            -0.3734854733081189,
            -0.1253282432710884,
            -0.17043278068252235,
            -0.018632533457433747,
            0.40558991733046434,
            -0.8298657698911852,
            -0.26222619802867747,
            -0.22490126362654714,
            -0.8118443354387705,
            -0.07510721261099133,
            -0.06212346315089533,
            -0.5977962284032843,
            0.07025983756200414,
            -0.587051302703359,
            -0.6725710613953999,
            -0.6437390938473063,
            0.25429446592517535,
            -0.16433962242724653,
            0.41251909525654257,
            0.16509838214015496,
            -0.4587431297232387,
            -0.008119003598591525,
            0.6205476861490119,
            -0.05794567601732656,
            -0.502477129887994,
            -0.7043028751097202,
            -0.3875540389778868,
            -0.7334649676403117,
            0.1606724948818703,
            -0.41451082810734546,
            0.11563226755939128,
            -0.6533732843022345,
            -0.014971708347977784,
            -0.0062139180649815095,
            0.4632269634819868,
            -0.6363585931071837,
            -0.3854730764098913,
            0.14610312212815324,
            0.1953795521174453,
            -0.2845852907478248,
            -0.5262635687953141,
            0.30350010987077836,
            -0.6610404746333907,
            -0.5680278719921089,
            -0.6605414398622719
        ],
        [
            0.4582119209001998,
            0.3471549149017344,
            0.223280427568268,
            1.1877965221308808,
            -0.1685897556089818,
            0.3237339993977677,
            0.03882268313974642,
            0.007609564412450865,
            0.010937354945463612,
            -0.03663935573106985,
            0.6348387993239561,
            0.7209277844246575,
            0.396825054076032,
            -0.25195178660520434,
            -0.25800369768011105,
            0.43525161008941504,
            0.13357592522966127,
            0.6012712688534921,
            -0.058737334805381174,
            0.13359827032283902,
            0.29573219583327326,
            0.20602462102905664,
            -0.30554163971596143,
            0.35103545335539055,
            -0.24901779218383865,
            -0.37040690886919625,
            -0.3197781320080035,
            -0.4472191802279242,
            -0.33767131461408334,
            0.3042578722229414,
            0.026184281466469974,
            0.08635944346080483,
            -0.3737632036479094,
            0.7695966851472059,
            0.4564390765869345,
            0.5315325264218843,
            -0.34491438966183513,
            -0.559717867323409,
            -0.4960048338326984,
            -0.3582381708270481,
            -0.27086892806924434,
            -0.3939896883645658,
            -0.5468378605765006,
            -0.29829142324882896,
            0.3296740762800324,
            -0.20221855428956295,
            -0.2681917851858235,
            0.3584214165199448,
            0.24714096762508905,
            -0.02493420955263189,
            0.10589293889412,
            0.2198216179768329,
            0.35623892116257677,
            0.44810597489504894,
            0.2761168159963197,
            0.02869309978820224,
            0.2762168413101577,
            0.022441461461494668,
            -0.006784352053888428,
            -0.4106915629312143,
            0.10537502265599125,
            -0.06797980667306597,
            0.5552504469420592,
            0.47764196294965905,
            -0.08875815045741216,
            -0.10223013956547454,
            0.3310485383273923,
            -0.22999457915254115,
            0.14230826550053557,
            0.5908073644131175,
            0.3642392007640138,
            0.016648674861469034,
            -0.21038410665483437,
            -0.27501781418357346,
            0.027511883921900293,
            0.32437856762165496,
            -0.36610508380036305,
            -0.5211332462450565,
            -0.3055465388481449,
            -0.0887560758393077,
            0.45842871816884384,
            0.11610136955924454,
            0.522399662280676,
            -0.25437430851296866,
            0.47983182878007,
            -0.40669670662542967,
            -0.12427476897027077,
            -0.19987419886387484,
            -0.6565255250414587,
            -0.0785291343757219,
            0.33752145840035347,
            -0.07723788238603449,
            -0.12251968538785328,
            -0.48372586219811137,
            0.10639562517602935,
            0.22762954471838356,
            -0.07501880273953486,
            0.2944824755046849,
            0.4694260588452842,
            0.4040163771917533
        ],
        [
            -0.5181815175232507,
            -0.4821650926641916,
            0.7742929704279228,
            -0.1685897556089818,
            1.1379343632722394,
            -0.591245963932339,
            -0.3784271357441758,
            -0.1818461913871663,
            0.1566804197562168,
            -0.26681829947359836,
            0.11691576529492775,
            -0.7471659195886236,
            -0.6105000566303507,
            0.12055775087037551,
            0.29314039697467287,
            -0.6454033920807539,
            0.5888319063689375,
            -0.3617984003018242,
            -0.3966763028306702,
            -0.43759470508357207,
            -0.22143463163721414,
            -0.0019055387686274477,
            0.5351206903928776,
            -0.7058688818851332,
            -0.10403898825224096,
            0.32258947907788255,
            0.28283856352803005,
            0.45465895764622616,
            0.3844751747414739,
            -0.4458406338033321,
            -0.37700315144676083,
            -0.36937155178465303,
            0.3598480384594533,
            -0.49259995574994947,
            -0.30303422936603486,
            -0.6508686265343955,
            0.6401441064559967,
            0.6505093905091534,
            0.39441934083586744,
            0.22484712567105147,
            0.8574680761366196,
            0.36612149656330145,
            0.6810378220203676,
            0.4249427042712742,
            -0.3324288969542057,
            0.3277432927303949,
            -0.51789211735101,
            -0.5465340570812414,
            -0.4035171495860753,
            0.025590579284955894,
            -0.3851436564974057,
            -0.5935826790348693,
            -0.6394401084514438,
            -0.7693476974621508,
            -0.03682652022972676,
            0.02116766357072919,
            -0.3670244221086159,
            0.02678085586301369,
            -0.023142957780907157,
            0.712542303869582,
            -0.5746971104318711,
            -0.40485072452854376,
            -0.17152781861533614,
            -0.830596561478639,
            0.03596446722967845,
            0.042690004249571305,
            -0.5458160158575023,
            0.16091988942341,
            -0.3242613139483973,
            -0.7251840527533301,
            -0.7399998221173967,
            0.09490625290920025,
            0.3049388081656483,
            0.5772518723206987,
            -0.04300212755583575,
            -0.3810059529580469,
            0.032039354477414975,
            0.8578279134869933,
            -0.29772403306034756,
            -0.483722140204302,
            -0.7414789875992799,
            -0.37644882298155374,
            -0.610623474401707,
            0.3948414947576399,
            -0.41095243022820116,
            0.6002623043281996,
            -0.48545905607854173,
            0.2389782168196664,
            0.3111419883156979,
            0.2586068665763609,
            -0.362426619741679,
            -0.3504589328301133,
            0.3192751863262625,
            0.42570996440458553,
            -0.2095126858263288,
            -0.4181484357456081,
            0.4897904453141976,
            -0.6988066626139912,
            -0.5695741485441607,
            -0.6572089971582467
        ],
        [
            0.7576203964892104,
            0.6214910724362331,
            -0.44347973031267873,
            0.3237339993977677,
            -0.591245963932339,
            0.8272814739762372,
            0.3379195127294636,
            0.3824663414264501,
            0.17302724794126179,
            0.5377081764233164,
            0.17945688426991763,
            0.556458873547098,
            0.8899020907684668,
            -0.2985250935188297,
            -0.32090037237152297,
            0.6584561853833366,
            -0.6036422848804266,
            0.7448733546779766,
            0.4944525904236312,
            0.4308642914756013,
            0.23394557496561835,
            0.17876182642922248,
            -0.3351484745685247,
            0.6000291305070331,
            -0.04450945311345452,
            -0.05464232791874227,
            -0.054971539039431506,
            -0.2474518228386434,
            -0.163180087837655,
            0.5135972696321408,
            0.15709548705942225,
            0.01505069497953246,
            -0.2047892202097367,
            0.8255300409196441,
            0.7550795737734576,
            0.8372416873844863,
            -0.34229835815467297,
            -0.5410325239457775,
            -0.2533248988596211,
            -0.043723736395027836,
            -0.4470331083066766,
            -0.34516980360007316,
            -0.6751470317428244,
            -0.6558032850434217,
            0.5926495157232511,
            -0.17012530979323712,
            0.2749470568168601,
            0.6461005420620527,
            0.589205875801706,
            0.18726010719091662,
            0.3569201915199257,
            0.19300108096797755,
            0.8973825576988508,
            0.8175023593022126,
            0.013682322139809126,
            0.2429021947361344,
            0.4882058220804313,
            0.09471829114054672,
            -0.05256942809024696,
            -0.22263604253287375,
            0.6342790070540273,
            0.4614873608190142,
            0.3792919411367109,
            0.831035632370675,
            -0.5532178392370811,
            -0.5510138784379321,
            0.7085668060242489,
            -0.17443744526925675,
            0.49433829834640014,
            0.7894736779207342,
            0.657028540573371,
            -0.35789987748448077,
            -0.14738398511621306,
            -0.715860700453265,
            -0.32649144449413775,
            0.5711385278678796,
            0.0842619677754216,
            -0.5953084048125789,
            -0.05794440386775353,
            0.5201671698800409,
            0.8382114643644022,
            0.2699900939331491,
            0.5615298664135512,
            -0.03830206869904672,
            0.6103087538833037,
            -0.48440527405673967,
            0.30240019813483504,
            -0.23611921873643157,
            -0.3942379097462373,
            -0.24607388593821666,
            0.47256272763403,
            0.18883542075307008,
            -0.13056900788610035,
            -0.22876059928774503,
            0.4081139960705893,
            0.46432031017922465,
            0.0529691584342835,
            0.860311263330117,
            0.7255684774811014,
            0.7896183156417238
        ],
        [
            0.39497427762261117,
            0.30992907735704744,
            -0.23006551163563185,
            0.03882268313974642,
            -0.3784271357441758,
            0.3379195127294636,
            1.0790755997731631,
            -0.00729628425595311,
            0.3330918511369923,
            0.5354974817381241,
            -0.5401616012047503,
            0.4989557032352391,
            0.6373044375419147,
            -0.36835485681155894,
            -0.5241413967038737,
            0.4661759530507607,
            -0.31547203106687116,
            0.662542717878707,
            0.4283548476286467,
            0.4843325525959696,
            -0.06917340809823316,
            -0.31253513070894684,
            -0.5739372612974529,
            0.7273236405482922,
            -0.4126428257518842,
            -0.04533384458637233,
            -0.31713977194932197,
            -0.4865435268298307,
            0.19724353703835915,
            0.37927550840261626,
            0.33479245819663617,
            0.0234518925293601,
            -0.5518496964622827,
            0.14787070484261275,
            0.6257228394386444,
            0.2504995561001655,
            -0.29653730554421465,
            -0.7158698012309781,
            -0.13594434353947307,
            -0.3220294889778008,
            -0.5378441641264532,
            0.09076636154515504,
            -0.3446480410723888,
            -0.2555695221283018,
            0.08808815395600832,
            -0.3497451674493492,
            0.5388647607503244,
            0.255732252946569,
            0.22260532829223637,
            0.03247188078972667,
            0.46621850086806194,
            0.545881699614905,
            0.39472596450102315,
            0.40212402830088234,
            -0.0822425725087941,
            -0.17758601969342602,
            -0.09627524276406567,
            -0.03851340340169131,
            -0.042912406881294184,
            0.09272471123232524,
            0.34995824482506416,
            0.4171392629017651,
            0.45836332273458263,
            0.4279362831202562,
            -0.06553669457451751,
            -0.10467430362005896,
            0.288145362677008,
            -0.5139870365522369,
            -0.10076450752668356,
            0.41916045007355524,
            0.3408729417799013,
            -0.04947678448011764,
            -0.8085384043696021,
            -0.30550777989615374,
            0.04515623023216626,
            0.697261216826249,
            0.18900474170769668,
            -0.47225414063583965,
            0.3653834303182935,
            0.48296141499248707,
            0.20205524488747728,
            0.30288944931601897,
            0.07681263982097859,
            0.28735309487606314,
            0.3431178302400168,
            -0.18944352133131723,
            -0.06600810453604003,
            -0.4784323992499603,
            -0.4227937655519967,
            -0.13999841092883497,
            0.3401183401671447,
            0.3866383015931244,
            -0.2542153479609629,
            -0.2216356780742402,
            0.6000456202087462,
            -0.022607543942133504,
            -0.11073108386457368,
            0.6428557171068937,
            0.24670681680877407,
            0.4455822671738773
        ],
        [
            0.5519483483436652,
            0.44641616742197676,
            -0.509444726562957,
            0.007609564412450865,
            -0.1818461913871663,
            0.3824663414264501,
            -0.00729628425595311,
            1.1742792242562479,
            -0.16313476759978668,
            0.7314542147709712,
            0.188090679690635,
            0.498506653564172,
            0.35377914968714375,
            -0.0007235040765002493,
            0.021814932195947555,
            0.1742207207564056,
            -0.898666566132302,
            0.3938599100899335,
            0.3548445737848035,
            0.550689334532573,
            -0.1822418472749794,
            0.20524581163413033,
            0.719036953688874,
            0.16919837222987158,
            0.09194748551562955,
            0.3430967912163752,
            0.4073065104836203,
            0.8492068899888636,
            0.014765666498603733,
            0.11680460739412712,
            0.14786882151677655,
            -0.11245649390262658,
            0.9601405244646937,
            0.43804165348593144,
            0.4921127825200183,
            0.4240544615675613,
            -0.35563491715110085,
            0.4668087521070018,
            0.13426543606074243,
            0.8555963581815622,
            -0.0002944514951655107,
            -0.3474212841097882,
            -0.13243304298343989,
            -0.37818186950185,
            0.7650165095413345,
            0.685117638668717,
            0.16126699973097458,
            0.2518587133200836,
            0.8390958886738855,
            0.001933336827893611,
            0.3060131227832724,
            0.16571727591600696,
            0.7100577005912475,
            0.38732310776316037,
            0.001496859128513644,
            0.44690224604955825,
            -0.20772945453638153,
            0.5174492972603305,
            -0.007153234709392904,
            0.36304119448075506,
            0.24728344480920614,
            -0.028761814541646013,
            0.30261506489369944,
            0.4112665619194391,
            -0.5352365208157318,
            -0.5228371064001304,
            0.37510785722584683,
            0.19702797581000644,
            0.6399922536391052,
            0.42627164504695086,
            0.2985652701287136,
            -0.4211323284051866,
            0.48539677835945333,
            -0.2921317968587038,
            0.022384551150719,
            0.2509945726290457,
            -0.15433190630302632,
            -0.17704274406776593,
            0.03383671317504862,
            0.2376856740531988,
            0.5137937430549661,
            -0.05605002928952035,
            0.2202590054116497,
            0.21628284439668366,
            0.27054087463141685,
            -0.42419244683977175,
            0.5928441754678745,
            0.12686927289086508,
            0.14649139506259462,
            -0.21455984202822406,
            0.20893684014828787,
            0.31457616217018264,
            -0.08020778002878932,
            0.26568692169969854,
            0.3400450309833025,
            0.6511064675680915,
            0.2030051980699541,
            0.5016301753290187,
            0.29763677925262877,
            0.2787342753062199
        ],
        [
            0.04823124896586585,
            -0.2198977879428575,
            0.36475536472795805,
            0.010937354945463612,
            0.1566804197562168,
            0.17302724794126179,
            0.3330918511369923,
            -0.16313476759978668,
            1.0786226790986984,
            0.1181066967590142,
            0.26965142470123826,
            -0.14868942988129358,
            0.2488584723160272,
            0.07724029132575902,
            0.04377551345700746,
            0.04363476280000209,
            0.1756592357219645,
            0.1034420748352013,
            0.4855707037009718,
            0.29821967413365813,
            0.04457205466102508,
            -0.2049342681531281,
            -0.2755167225490376,
            0.14126404278829863,
            -0.12498019469124975,
            0.13473171530349218,
            -0.05019169996643801,
            -0.2507524366397848,
            0.025821919122227237,
            -0.004097826222161679,
            0.4555172133970123,
            -0.29120935658478836,
            -0.36586794728013583,
            0.055124533062484715,
            0.21121189018094685,
            -0.013335694094470732,
            0.15308409783563598,
            -0.4049583864103431,
            0.029953114809276784,
            -0.18062759864146388,
            -0.10223489392373174,
            0.35596996112737395,
            -0.11632189819842019,
            -0.0023427510917029973,
            0.0031379490224712927,
            -0.25087445608740033,
            -0.1620397917652019,
            0.10307918225996635,
            -0.08349805544067837,
            0.3904124960903947,
            0.31039662154099673,
            0.16475230587087308,
            0.027710995283230122,
            0.026650103638466007,
            0.2526065219629701,
            -0.13983116988126862,
            0.27970411968949127,
            -0.1756701629348719,
            -0.052198126326589836,
            0.3679875665123429,
            -0.04515012561859145,
            -0.2008200438348807,
            -0.05919072312310714,
            -0.10890553610050337,
            -0.1970508756698297,
            -0.22190102881882603,
            0.11352294071610247,
            -0.17182554797583857,
            -0.2406275405564217,
            0.022251064901509483,
            0.017962763046034197,
            0.27911511418193663,
            -0.6405275453704495,
            -0.3623961838356585,
            -0.4138487702177179,
            0.13147969596284464,
            0.2208942042538941,
            0.008468201014991353,
            0.6568459217884232,
            0.14884142514751683,
            0.0140126308160805,
            0.016500354872293007,
            -0.230591985596401,
            0.11754774049245566,
            -0.01629453618874138,
            0.3628637918067006,
            -0.08688009474829983,
            -0.15308838724825827,
            -0.1504891305330556,
            0.039296686558018004,
            -0.596109673836905,
            0.01884234518813471,
            0.18364237479613132,
            0.08420235719989587,
            0.20595018457278116,
            -0.1980269104203912,
            -0.04525999893942804,
            0.08318661038025094,
            0.240864519475225,
            0.22748904004000406
        ],
        [
            0.8355249047424429,
            0.6163571281508726,
            -0.6089133580567431,
            -0.03663935573106985,
            -0.26681829947359836,
            0.5377081764233164,
            0.5354974817381241,
            0.7314542147709712,
            0.1181066967590142,
            1.0181888156564016,
            -0.22691861644272146,
            0.5729659495670671,
            0.8035303675599049,
            -0.13025695382983662,
            -0.2874190296865233,
            0.47186089643829604,
            -0.7275641097196707,
            0.7901215847463974,
            0.46564171776465835,
            0.47857963905183165,
            -0.003370289807204441,
            -0.01899587549528,
            -0.009228332104214598,
            0.6001198834651527,
            -0.09624537580649181,
            0.46569250094702924,
            0.3242699782443139,
            0.13415359417601497,
            0.2848586497152716,
            0.5250772146770561,
            0.34429387085545976,
            -0.053310878890724396,
            0.2080399142083548,
            0.518790966568905,
            0.9181652500167614,
            0.6319574001002688,
            -0.28700771677634646,
            -0.19053915346106615,
            0.21751535049044235,
            0.18973049647316956,
            -0.19069252468669778,
            -0.18604448902083598,
            -0.26126328285243516,
            -0.6427269097375942,
            0.6574736203560466,
            0.34935406411456715,
            0.38682424733045645,
            0.4505554777069502,
            0.7391701765190093,
            0.32889097208337603,
            0.4606464579634202,
            0.45655740023317487,
            0.8010678503120875,
            0.6725446505177637,
            0.0011985594812489399,
            0.5027580123232317,
            -0.008213320430314221,
            0.3913419441110378,
            -0.059006779886577744,
            0.2712673441701686,
            0.5429338442185511,
            0.40352300917205874,
            0.7436596581830289,
            0.6594103147492597,
            -0.45819869538450136,
            -0.47288612707618005,
            0.6065410574708869,
            -0.0924740063234411,
            0.6559853532122291,
            0.6520691031946876,
            0.5435245563796797,
            -0.22518666245239366,
            -0.2956213631925463,
            -0.523340858292978,
            -0.38844825901976987,
            0.7057867127087574,
            0.06790937195607666,
            -0.22418509488730234,
            0.07464050282213852,
            0.40245580701009737,
            0.6796829782086031,
            0.15381885606365814,
            0.2345781456571502,
            0.5580672201280882,
            0.6044347693312812,
            -0.13574855824778434,
            0.3165224956051794,
            -0.0998421067618166,
            0.03881810464288899,
            -0.3074899788471511,
            0.408384222419679,
            0.14524732879895358,
            -0.046382610797075494,
            0.19924409050410588,
            0.6557695553694255,
            0.20927581266902698,
            0.24125005139831418,
            0.8248196582950557,
            0.49631780656419455,
            0.6639861321029615
        ],
        [
            0.1407059953326298,
            -0.0842057846822376,
            0.5326860252405732,
            0.6348387993239561,
            0.11691576529492775,
            0.17945688426991763,
            -0.5401616012047503,
            0.188090679690635,
            0.26965142470123826,
            -0.22691861644272146,
            1.3584929985012895,
            0.08411177299815689,
            0.00040323323593178997,
            0.05906029958890526,
            0.2285341437046892,
            -0.1389562835630588,
            0.06929834762373543,
            -0.12458987823036993,
            -0.07730950343384979,
            -0.29993173517546484,
            0.5970865992947998,
            0.10400389810281473,
            0.26681047400797864,
            -0.2366045401302423,
            0.1804866503259297,
            -0.07685670292204196,
            0.08040964760064062,
            0.22322423048302686,
            -0.2582589550902454,
            -0.13394001206010558,
            -0.19292126755499844,
            -0.22026398314628584,
            0.22490428170400537,
            0.5781395997284434,
            -0.02881788116345167,
            0.3113725800200477,
            0.056395171161469124,
            0.16049270986906872,
            -0.046636098692031884,
            0.2885436499489376,
            0.07735087822635493,
            -0.3617905463722927,
            -0.11842595731864253,
            -0.22121203157983896,
            0.18568947876790048,
            0.05588214420009554,
            -0.4975492411998577,
            0.2606035293696586,
            0.03930022890206391,
            0.06989534717617327,
            -0.12928025385640868,
            -0.28791957677605745,
            -0.098931070685281,
            0.09617215275454846,
            0.006712976208515678,
            0.12888903664630563,
            0.8427680575785563,
            0.08459585745254748,
            -0.0015011257548483623,
            -0.1293171221187043,
            -0.2872096806223306,
            -0.3707710484959167,
            -0.024127097665287235,
            0.023385411768776645,
            -0.2634026393311595,
            -0.24085319493887913,
            0.1482185048685391,
            0.41239124034050867,
            -0.0019252153663159616,
            0.18298316678627907,
            0.11078649901093915,
            0.10959159184541765,
            0.11583183452203902,
            -0.3060617482157591,
            -0.1808548876210411,
            -0.10387433765175552,
            -0.48232945516794495,
            -0.04293564528413054,
            0.016208782574449347,
            -0.3685348828783074,
            0.31238613448167274,
            -0.14970699405336513,
            0.25246948739798364,
            -0.35278402844133,
            0.04141262503303556,
            -0.3161017475581589,
            0.03767382104778806,
            0.23879238560856494,
            -0.03471057857588593,
            0.031714154818398066,
            -0.32647223417053384,
            -0.25518668179091003,
            0.15283304192239341,
            0.04017486567314421,
            -0.1242176948200989,
            0.24099409498012825,
            -0.040641330957868746,
            -0.15595740494134458,
            0.290952855126708,
            -0.01981416775556545
        ],
        [
            0.7519351052401239,
            0.5698365833983691,
            -0.5883090928111333,
            0.7209277844246575,
            -0.7471659195886236,
            0.556458873547098,
            0.4989557032352391,
            0.498506653564172,
            -0.14868942988129358,
            0.5729659495670671,
            0.08411177299815689,
            1.2923039877042197,
            0.6915042258816049,
            -0.20572272981791262,
            -0.3339103815702184,
            0.7174384605415081,
            -0.7375794309020692,
            0.7780023408365216,
            0.3450137790265729,
            0.6346990886886368,
            0.1604776480410691,
            0.17383695337998406,
            -0.5422677333530992,
            0.7237333389722332,
            -0.12772223162204766,
            -0.12980032665497745,
            -0.1723606422718791,
            -0.5171321106153665,
            -0.2911839249623042,
            0.5072821588136194,
            0.4167731909579296,
            0.26815339406887145,
            -0.37478738293886155,
            0.7460612751138416,
            0.7091078903047989,
            0.7742018038051671,
            -0.724471916576779,
            -0.7925412331633215,
            -0.3667171819016916,
            -0.3569127276821659,
            -0.7754190949426558,
            -0.36989881442016437,
            -0.6362524586981202,
            -0.5769391306064016,
            0.5450691095588489,
            -0.10653674634879241,
            0.22416460732840582,
            0.6285459701991362,
            0.512166593554245,
            -0.0018423053160683696,
            0.5536071129982804,
            0.6967406279242726,
            0.7465579351956628,
            0.8917403963986679,
            0.26598904555866865,
            0.3583314659809479,
            0.16102049833657434,
            0.12507114462183264,
            0.023173985063859447,
            -0.545291747818382,
            0.5450918931060061,
            0.19586883023546814,
            0.6977580340253303,
            0.9054596787766286,
            -0.22149632162967325,
            -0.25440297931468214,
            0.5895606536886775,
            -0.20477717280439625,
            0.28335410113038256,
            0.8802927289420068,
            0.737995591044348,
            -0.09409309469635199,
            -0.34904492066405585,
            -0.6052866400731947,
            0.207026958635876,
            0.6425505635389015,
            -0.32306500088251977,
            -0.7502558698352494,
            0.2234959553557019,
            0.3935653527322543,
            0.780049719299068,
            0.3477377619727124,
            0.7225355781361645,
            -0.1458973361466982,
            0.6276556892144647,
            -0.616527718935781,
            0.18885939091020815,
            -0.23316521105379312,
            -0.35392182784945986,
            -0.4215121900891844,
            0.5545123672732566,
            0.4256285463062883,
            -0.24083952504948272,
            -0.3245681818532106,
            0.5133361262951857,
            0.3757813861417983,
            -0.47168093060173316,
            0.7818477341568197,
            0.6493411881998273,
            0.7058187539430554
        ],
        [
            0.9781821022111297,
            0.7485234463928883,
            -0.46754899569715086,
            0.396825054076032,
            -0.6105000566303507,
            0.8899020907684668,
            0.6373044375419147,
            0.35377914968714375,
