{
    "fast": [
        [
            1.5741837195281927,
            -0.537160748430275,
            -0.12169755527928522,
            0.6230053460995533,
            0.2180149152519464,
            0.19581941917521142,
            -0.30460648484235764,
            0.002794876932577858,
            0.011542956560487073,
            1.0188466849493434,
            -0.3480655356983258,
            0.15500660250883408,
            -0.13748152165216793,
            0.4545708767630306,
            -0.2958439239488017,
            -0.7300420844200148,
            -0.6304945401949098,
            -0.3471050742529078,
            0.611951678291998,
            0.6447906872551052,
            -0.08034519800843569,
            0.14613577817515674,
            0.6733664334436787,
            0.21643088667075772,
            -0.059124494705068434,
            0.27396394854743467,
            -0.22246699371747153,
            0.04133569706910344,
            0.6156944596180789,
            0.12071065932834898,
            0.03455375568235668,
            -0.08134149682674226,
            -0.7946362133827719,
            0.2465516383305469,
            -0.7067200490314559,
            0.1348058196048003,
            -0.056399533119741926,
            -0.12084165268043685,
            0.6095247711847501,
            0.20835159689190957,
            -0.9080752148421224,
            0.6539759929200012,
            -0.07522795355488615,
            -0.33631257113021334,
            -0.1622635734189542,
            -0.14221487703842353,
            -0.36080606631711876,
            0.4589319886282526,
            0.5111144520104722,
            -0.1681770806140635,
            0.013264911122990015,
            0.8723625459776866,
            -1.1989466943906757,
            -0.07900324809109209,
            0.13255743016265037,
            -0.11775521298062538,
            0.0104149464010885,
            0.08388370070242965,
            -0.024022952614431315,
            0.6488824576591875,
            0.19214416439166052,
            -0.11488721244289316,
            -0.38157838334487265,
            -0.29016236628994496,
            0.7439908524718247,
            0.7206051049074027,
            -0.28410228182350783,
            -0.39802940593471564,
            -0.35851338630168084,
            -0.1848339412988785,
            -0.3983888884585368,
            0.22394241092833375,
            0.406826514997433,
            -0.22455804510828167,
            -0.3792149094357118,
            0.13446379435239822,
            0.9211696643857378,
            -0.09722919604555248,
            0.06874606213569688,
            -0.591487773604116,
            -0.029295196787204176,
            -0.22853067034533073,
            0.12461804884681069,
            -0.4612292749412529,
            0.6730163377534436,
            -0.3076160449424867,
            -0.2251736979531378,
            0.36529934904209016,
            -0.21890620885671264,
            -0.4408529342515899,
            -0.07330447257252576,
            0.31756164799677183,
            -0.4401243924629704,
            -0.30199976858090116,
            -0.04913221398582671,
            0.12604607651808353,
            -0.608249567542117,
            0.0007704823781399572,
            -0.1780831298974699,
            -0.5039620585858133
        ],
        [
            -0.537160748430275,
            1.1010404706326504,
            -0.3389865351326395,
            -0.4894499418314725,
            -0.1913122858805744,
            0.07870518926027327,
            -0.12001421850394636,
            -0.2357879770959413,
            -0.060706552132324176,
            -0.5738028125359387,
            0.8073204175048083,
            0.17398420186942215,
            0.29894285990290553,
            -0.15425604089826442,
            0.1340007131359586,
            0.33827256743455575,
            0.4051007929602455,
            0.016362725372132635,
            -0.6605255022004072,
            -0.5774121647803332,
            -0.3986445539712947,
            -0.24077057321239564,
            -0.27607015072664,
            -0.19128818805079523,
            -0.03925079292850131,
            -0.13972296096819875,
            0.16797974479354907,
            -0.2620427851992046,
            -0.18720419625998216,
            -0.25785630827755374,
            0.7126291093153205,
            0.27351562559319753,
            0.18891966752218983,
            -0.0701420714344614,
            0.2643386055911108,
            -0.5131701374798447,
            0.055999007729331175,
            -0.24693876563829945,
            -0.5403858737609387,
            -0.5022494807708832,
            0.8001563195057424,
            -0.31911343031003286,
            0.4986764262147466,
            -0.02001444504772998,
            -0.44655045236375734,
            -0.47196671404497276,
            -0.16039925448520606,
            -0.5499006485049663,
            0.020405158188176797,
            0.6519284217698749,
            -0.22467480993944408,
            -0.20807648020238337,
            0.26394028189492835,
            -0.3489847218140099,
            -0.3386140528842062,
            -0.24057118171413758,
            0.06408130991373438,
            0.4397460892396434,
            -0.11376709851465289,
            -0.2521846820395544,
            0.04136681690379866,
            -0.0275525025642151,
            0.2789317448126765,
            0.1215394390763037,
            -0.7110943039325184,
            -0.1239069158717991,
            -0.18106397472272046,
            1.0375348515670966,
            0.7561389851486031,
            -0.3335790230906348,
            0.8021825416802759,
            -0.4557474777934148,
            -0.34605231778966694,
            0.28603264166164133,
            0.592880605255806,
            -0.106812647096951,
            -0.3526819174425941,
            -0.1932939949500003,
            -0.645337147443813,
            0.3871153106126532,
            -0.6028544195471353,
            -0.18067343262725027,
            -0.31637437176702643,
            0.026961784479785932,
            -0.40883534994393117,
            0.5451257042459103,
            0.301576866941995,
            -0.3021172586379362,
            0.6797383710499048,
            0.20855945609739662,
            -0.5694499367340042,
            0.3926643508462347,
            0.7134506644804467,
            -0.22803514211039094,
            0.08117375022132195,
            -0.5092617398958751,
            -0.1452741871053287,
            -0.19412638270915528,
            0.44062018562700556,
            0.09271366535935624
        ],
        [
            -0.12169755527928522,
            -0.3389865351326395,
            0.8063273307668486,
            0.02256062945088085,
            -0.21301324435267313,
            0.552084467848074,
            0.26810481174658807,
            0.11981466735224663,
            0.6884259057419627,
            0.057956741702109724,
            -0.41135492997950057,
            -0.4460394035029895,
            -0.4679273661167256,
            -0.130850514677772,
            -0.4338644861877403,
            0.1503926201336469,
            0.44844710683190037,
            -0.0858931596403328,
            0.4048006439218301,
            -0.25374410817099247,
            0.5683762419215087,
            -0.006798333253076617,
            -0.28860354620213274,
            -0.20891532284693876,
            0.16906150443054718,
            -0.23521288030249354,
            -0.09342003204218917,
            0.26172247737500454,
            -0.18417524361380375,
            0.0680310322660908,
            -0.7704309764185989,
            0.07798836703571967,
            0.0759444744886118,
            0.05341116618999173,
            0.49764746517783515,
            0.6644546629198245,
            0.1626981699524856,
            0.1446182512609737,
            0.18544877590707812,
            0.6208125680682561,
            -0.02093869881358278,
            -0.0210621127634954,
            0.04761832832506037,
            0.49650124119895755,
            0.6890106255553462,
            0.5504981513656619,
            0.3990368185688472,
            0.07614405668582913,
            -0.698207971770733,
            -0.4200464557573276,
            0.7450656517584694,
            -0.27923282472518374,
            0.15411495808597206,
            0.40473280724441146,
            -0.24090851363874036,
            0.42187904436462853,
            -0.29295158416180417,
            -0.3719905924441734,
            0.5699302962909439,
            -0.16958061637548943,
            -0.3073052708788195,
            0.09439931649492665,
            0.5194039948853254,
            0.30910097856170343,
            -0.01583080974543,
            -0.28509715906459876,
            0.15071788607652442,
            -0.47237642433773125,
            -0.47211138978476624,
            0.28888300331941286,
            -0.47088061420865385,
            0.3965419615454203,
            0.04534745257708607,
            0.04256797143193084,
            -0.39194124332469793,
            -0.27215207737690433,
            0.020918834425873063,
            0.20789046248281282,
            0.3414909720255094,
            -0.20108489067957705,
            0.6399038366649792,
            0.2922124093568918,
            0.5861404924257643,
            0.7628726346097064,
            0.28805466757092785,
            -0.2800684068400016,
            0.05953788940159666,
            -0.025276175584241917,
            -0.6004854993584849,
            -0.18091189283615172,
            0.5953596972934111,
            -0.5593170826169669,
            -0.3609387827801381,
            0.7984575411625414,
            -0.10243957847216428,
            0.22013931418960672,
            0.25110679322706525,
            0.7763507529292305,
            -0.4070357978496974,
            0.15383013969439435
        ],
        [
            0.6230053460995533,
            -0.4894499418314725,
            0.02256062945088085,
            1.3860716648932538,
            -0.4800746941011042,
            0.27257860142139195,
            -0.1814867375624417,
            0.15736144538169958,
            -0.27231856288040635,
            0.4028508948433107,
            -0.1464346533660793,
            -0.11782523782272626,
            0.09829075936221406,
            -0.240722324777529,
            -0.13505939199514788,
            -0.3822654693156625,
            -0.23437010530447155,
            -0.4243753864852504,
            0.5232670580924919,
            0.28373041567586216,
            0.023470237410819772,
            0.23428813866027992,
            0.06546521259921671,
            -0.5701277872066757,
            0.05642130201133147,
            0.3622404286620911,
            -0.4002841504688828,
            -0.331081100201906,
            0.5635257360980768,
            0.34971099880935647,
            -0.09556159696517798,
            -0.2193142637649534,
            -0.5289106758360623,
            -0.10727683743339703,
            -0.6104812204803018,
            0.13600343633987316,
            0.3725162945602708,
            0.7354402276747294,
            0.4274331536007396,
            0.16898628926930065,
            -0.46473559160487055,
            0.263427367596206,
            0.3860858461510247,
            0.029034296074385617,
            0.10785066113460284,
            -0.06746806133695424,
            0.013296544050835715,
            -0.19642188269640515,
            0.47041236483838117,
            -0.3322405722055276,
            -0.06636375576063058,
            0.252839142770315,
            -0.6450321192477074,
            0.01484235499895706,
            0.3462417976586898,
            -0.18154481478448894,
            0.07385605069819948,
            -0.058246514161719116,
            -0.2415206549278829,
            0.2141820198229971,
            0.1570949154069524,
            -0.03643621822203866,
            -0.005594503423054915,
            -0.2873415732763518,
            0.8070003209089988,
            0.26742121598253477,
            -0.390209597889666,
            -0.3385478786568172,
            -0.5486841726524813,
            -0.186615711788395,
            -0.30391338070022655,
            -0.24316566804142173,
            0.9371814448128162,
            -0.2061713744273021,
            -0.4848093072742598,
            -0.5122188199862917,
            0.7891751342959906,
            -0.4081019514121974,
            0.05230295932378606,
            -0.7338459215012747,
            0.059673406190321895,
            -0.3212119655466337,
            0.8035492046553431,
            -0.18917325159772272,
            0.8011176520531872,
            -0.011363850169532022,
            -0.28609440109936984,
            0.4241033076620406,
            -0.5338045059855576,
            0.09001461488181269,
            0.07024088262161997,
            -0.11617776262137092,
            -0.23985611681479202,
            -0.1188979067382682,
            -0.5528560008366331,
            -0.3358142818044302,
            -0.5274648001709576,
            0.3992704439994008,
            -0.452940990975758,
            0.15946628115843225
        ],
        [
            0.2180149152519464,
            -0.1913122858805744,
            -0.21301324435267313,
            -0.4800746941011042,
            1.3748130464100037,
            -0.5537129968385488,
            0.09404040960815885,
            -0.03913724737551379,
            -0.3301994765718323,
            0.38447339265744657,
            0.15032513290979113,
            0.12965064248962832,
            -0.4401568586625523,
            1.105547082875491,
            -0.13610294414008686,
            -0.34588321470729577,
            -0.5482036458763774,
            0.4579022922320836,
            0.040757170933671795,
            0.9337657511772572,
            -0.15617005490644448,
            0.23907901811638485,
            0.7250383579623803,
            0.9051737746583356,
            -0.19687704637714493,
            0.09574777570945531,
            0.0539352572687296,
            0.28902608944306124,
            0.14189665643872978,
            -0.41419043478682743,
            0.4479845742094054,
            -0.5099586883945109,
            -0.20859296593330734,
            0.5990564635601276,
            -0.10559929608793775,
            -0.04427155441803798,
            -0.4285026285388201,
            -0.5866758049296452,
            0.061028979119972945,
            0.051962620078383995,
            -0.5017444702784354,
            -0.15343068032312976,
            -1.037575437063448,
            -0.6560313410531519,
            -0.02414414509442886,
            0.11258010323180956,
            0.009074525006044552,
            1.0680439638493213,
            -0.07846114022608851,
            -0.3098716743774038,
            -0.2778411618778406,
            0.4733330046457103,
            0.3822263352863922,
            0.2664122833118099,
            -0.22227464729735313,
            -0.020705983150416673,
            0.020038181669056004,
            -0.11080878084436803,
            -0.33150806622033957,
            0.9118032394947833,
            -0.034509773890306,
            -0.038070793785378684,
            -0.9234419884399306,
            0.03609016941139358,
            -0.11177764178818148,
            -0.025123141889424907,
            0.3426641470139682,
            0.018850673870852843,
            0.3145276934737076,
            0.45723646694202835,
            0.281534910697765,
            0.742118302355393,
            -0.28149480858962767,
            0.03491663420849852,
            0.06196326599654921,
            1.3187344422164868,
            0.031949942863549075,
            0.6660269101152354,
            0.5650068373288529,
            0.5333775643578261,
            -0.014195609548039593,
            0.6672183692018795,
            -0.5554467873551336,
            -0.2557487314297791,
            -0.2545884746702429,
            -0.339445811689492,
            -0.0019741995715341154,
            -0.034102584658876514,
            0.3684002627932278,
            0.0405799838963805,
            0.09645652356644918,
            0.17464004308843298,
            -0.8622234720212198,
            -0.20729083987431973,
            0.9961801557937693,
            0.6693284058128021,
            0.28603721538406873,
            -0.4744328998933933,
            0.30301837137442206,
            -0.09077873717777166
        ],
        [
            0.19581941917521142,
            0.07870518926027327,
            0.552084467848074,
            0.27257860142139195,
            -0.5537129968385488,
            1.2294129013451727,
            -0.04399478270824517,
            -0.08081932875094461,
            0.6275084146207457,
            0.27927327126351953,
            -0.28347624476296457,
            -0.2992660799001306,
            -0.21813074699277846,
            -0.320028399732243,
            -0.2805782330949895,
            0.12494054196018876,
            0.47726176562413564,
            -0.5087718897778452,
            0.2842160821171387,
            -0.30849972744651893,
            0.2638787091220926,
            -0.09345524080995987,
            -0.217914869560076,
            -0.6928941594151321,
            0.04620324974428798,
            -0.11596191363012899,
            -0.4974922042042283,
            0.2217671787117858,
            0.21745626816135116,
            0.0863835647349867,
            -0.5631989243943364,
            0.1427961589770909,
            -0.3839150732034471,
            -0.08212771364375107,
            0.1577444880481462,
            0.35679058840581634,
            0.15589741168629256,
            -0.13469572481921369,
            0.08654756385112973,
            0.4508339394737953,
            0.07772925917057419,
            0.03410940889962642,
            0.6195169509109298,
            0.4290100085573422,
            0.335912295156761,
            -0.07208541581405029,
            0.06762412956135506,
            -0.31100525829318726,
            -0.2592465938406586,
            -0.262556346010748,
            0.6198127557270036,
            -0.008350138245645405,
            -0.22231512925672536,
            0.14045208587632532,
            -0.13039110744192692,
            -0.0028744090094552648,
            -0.3104006468194739,
            0.13236147171055543,
            0.4433408348998966,
            -0.259091590017098,
            -0.11663061304059336,
            -0.014813424012274857,
            0.6771137244126112,
            0.1564641159452244,
            -0.0037068604406913864,
            -0.08998373530355924,
            -0.466636117187223,
            -0.2978133550737698,
            -0.5011795147629794,
            -0.1571540450430053,
            -0.4448600794124039,
            0.010275886516503161,
            0.13159975573629987,
            0.34151446665044366,
            -0.24749082398001654,
            -0.5462309109242195,
            0.3784041869664653,
            -0.21831012931076954,
            -0.29160567041623725,
            -0.40074918987195324,
            0.12141071073682587,
            -0.08583689957582621,
            0.6052384775397496,
            0.5650627596763571,
            0.5451597540518289,
            -0.20904796534817016,
            -0.004753016806423659,
            -0.10434232623418313,
            -0.6650032875523157,
            -0.26788004342823596,
            0.12062659484763608,
            -0.20253332064768823,
            -0.0729881443503982,
            0.5264395234821415,
            -0.37409571148457677,
            -0.4793587587791779,
            -0.33222391718321365,
            0.8127819353228947,
            -0.47293322766338963,
            0.24043132321569038
        ],
        [
            -0.30460648484235764,
            -0.12001421850394636,
            0.26810481174658807,
            -0.1814867375624417,
            0.09404040960815885,
            -0.04399478270824517,
            0.7516331892646021,
            0.1442831281699946,
            0.38806497273367013,
            -0.21791962441162147,
            0.08261612248638768,
            0.07058870282835697,
            -0.5402867719807907,
            -0.05451636648672743,
            -0.24600588491096131,
            0.22010704843348672,
            -0.04076160534794331,
            -0.571314171045613,
            0.2678498539590039,
            -0.15874503604856666,
            0.3450183551513823,
            0.11930532342010128,
            -0.22276413977678106,
            0.02841132244926206,
            -0.2264421963253046,
            -0.5871975681574888,
            0.20626418626499202,
            -0.271967657571835,
            -0.13335327855652349,
            0.04275729407335387,
            -0.19389049862231528,
            0.0904889073771529,
            0.01238480182797735,
            0.023864186016822823,
            0.5298562241643152,
            0.27452350743008364,
            -0.5768474170510075,
            -0.1221997520058105,
            0.3481131346544609,
            0.12532969866495258,
            -0.05083207842762517,
            -0.2515046883277789,
            -0.26441076140251946,
            0.2941086720501127,
            0.478006273496978,
            0.5692593819431944,
            0.5325214834436064,
            -0.04860631859942953,
            -0.2130129050545413,
            -0.1025674172452727,
            0.41635569304723025,
            -0.39448965402015507,
            0.2848876654488929,
            0.25314436554314296,
            -0.33258310414454545,
            0.3527307774342047,
            -0.2470823382788647,
            -0.25329139738223805,
            0.13640267417547491,
            -0.16115574010710407,
            -0.27122511199020033,
            0.1211871530539648,
            0.33372493117863555,
            0.01885595040004249,
            -0.12048965137500989,
            -0.22057169432862703,
            -0.3159037818296172,
            0.019293271512969244,
            0.13027437984352455,
            0.3204874688688323,
            0.005652953701229802,
            -0.02713201015478916,
            0.051028345621884394,
            0.10738969653887771,
            -0.1568221955544713,
            -0.0262680107343321,
            -0.12374621779345922,
            0.14308814453821592,
            0.29677940224284666,
            0.3337017878728676,
            0.43962338219406216,
            -0.14553582083000827,
            0.12427535483372582,
            0.4914826105035943,
            -0.022407597273445518,
            -0.2446402890244164,
            -0.24885360695953668,
            -0.20242895127849603,
            0.011048511797674748,
            -0.10427274426582342,
            0.42580717194493817,
            -0.29111812524078845,
            -0.20169806951268765,
            0.46353745521127876,
            0.20138479586233166,
            0.399438759055023,
            -0.18323147693423036,
            0.17520156447954519,
            -0.4367189692195175,
            0.1256832240875471
        ],
        [
            0.002794876932577858,
            -0.2357879770959413,
            0.11981466735224663,
            0.15736144538169958,
            -0.03913724737551379,
            -0.08081932875094461,
            0.1442831281699946,
            0.14211433426580644,
            0.07044311226346367,
            0.011058683330463092,
            -0.11017541398210634,
            -0.06464817168197519,
            -0.11279122010947039,
            -0.0210056011389369,
            -0.10231385546549096,
            -0.018566531950264285,
            -0.07037652972446354,
            -0.13918988394715961,
            0.10643840073181546,
            0.04311173447641432,
            0.17580565051228697,
            0.11142742675542913,
            -0.024454934710298113,
            -0.04346606040415611,
            -0.055201145612772944,
            -0.025251728740077535,
            0.074546559400706,
            -0.1448575110306883,
            0.02466322912873253,
            0.0268442508253745,
            -0.14150430789975038,
            -0.012835525654028715,
            0.05922949591275012,
            0.017542432241251925,
            0.0921987126422531,
            0.13293734012062838,
            -0.03846730327645295,
            0.18587684501649585,
            0.1688225421773425,
            0.13058420478297492,
            -0.1451155702054877,
            0.05239960316347783,
            -0.08188900691039393,
            0.09269799921681213,
            0.17604534463461594,
            0.20169695643587993,
            0.15705639284749445,
            0.09654602947568038,
            -0.013005693350268958,
            -0.1322336963369658,
            0.1585304600645966,
            -0.0948315272585101,
            -0.06689031024713377,
            0.12047523703764676,
            0.00451101937687934,
            0.10459347729090734,
            -0.024249037242524373,
            -0.19329264268601423,
            0.10882284461052522,
            -0.04980301032613045,
            -0.09451368225135424,
            0.04052390399379033,
            0.04512846162346072,
            -0.014065851340367022,
            0.08007244238805897,
            -0.06000025912229287,
            -0.006241448403523978,
            -0.13375191117585786,
            -0.12519382062111686,
            0.05970173067380976,
            -0.12456947786994169,
            0.07541153317828507,
            0.11701492190009284,
            -0.1008448412309754,
            -0.1318356201602505,
            -0.060787176812484196,
            0.04932697517087846,
            0.050221162276002575,
            0.1735984018995185,
            -0.06169548687280244,
            0.19896454889485216,
            0.02221673754327559,
            0.18414759784521312,
            0.09300638943311293,
            0.08982753428008804,
            -0.09557226036649558,
            -0.07510749339138036,
            0.08163883642441534,
            -0.17701270823364273,
            0.07104931225228556,
            0.17608886260729253,
            -0.13488490432543337,
            -0.09740162140448556,
            0.11842976799045127,
            0.012832707789255333,
            0.08475785296768606,
            -0.06512032809597987,
            0.12191782563647871,
            -0.1988598496438377,
            0.03722957090629218
        ],
        [
            0.011542956560487073,
            -0.060706552132324176,
            0.6884259057419627,
            -0.27231856288040635,
            -0.3301994765718323,
            0.6275084146207457,
            0.38806497273367013,
            0.07044311226346367,
            1.1549693264909173,
            0.08907963515659835,
            -0.1626818371480531,
            -0.32834012180343036,
            -0.5942043720319736,
            -0.12790906299781743,
            -0.4168202403280037,
            0.4806786918859259,
            0.47020148421565544,
            -0.3902443015262884,
            0.30463149515841903,
            -0.568268162282713,
            0.5124849353316264,
            -0.16081723135069406,
            -0.35542229810641035,
            -0.09319626722879125,
            -0.012721702469161907,
            -0.580470309523653,
            -0.046599627134562005,
            0.29270477318467514,
            -0.3649429678329483,
            -0.0031000708974959655,
            -0.5699157323991051,
            0.3675672950175995,
            0.2157872152175898,
            0.051632891202972785,
            0.8610492556607615,
            0.6049077472149005,
            -0.2753586155851976,
            -0.3386300151068283,
            0.4357119733486865,
            0.5934396463289703,
            0.16615947722225258,
            -0.024735614435812084,
            0.08138366961891712,
            0.7496630089198737,
            0.5947524178734805,
            0.4628988279400352,
            0.44859235145687043,
            -0.08474119540524484,
            -0.692123920744786,
            -0.03153114842676554,
            0.9214818928511493,
            -0.20852010494013526,
            -0.08015393543169538,
            0.2047208626138171,
            -0.4906861683982948,
            0.4971164589271059,
            -0.522634388569686,
            -0.27408867674881676,
            0.7887645324329706,
            -0.3857058584575328,
            -0.3813564799955237,
            0.1869868870602185,
            0.7633705342959515,
            0.3045169163327982,
            -0.2052842910702763,
            -0.1941171803445942,
            -0.04361777591683746,
            -0.1056611003425284,
            -0.182226499617713,
            0.21227335771944836,
            -0.2956170201015539,
            0.2995205202953429,
            -0.17150579757725806,
            0.057365146135054244,
            -0.14058957093488975,
            -0.4563105258497829,
            0.09804537321319216,
            0.15392482929444362,
            0.020225964165996493,
            0.03109264401412478,
            0.5311503308028034,
            0.035477120972641746,
            0.49028086721628844,
            0.7855544445709353,
            0.2545757587099629,
            -0.2854582178337767,
            0.11572440383499785,
            -0.22927861566061233,
            -0.3705421633851243,
            -0.35680379042873894,
            0.3800296142081126,
            -0.38476275259342546,
            -0.07443352586746434,
            0.8045722707970551,
            -0.17666152099311594,
            0.15051444587152213,
            -0.012878691297290022,
            0.6481691669363328,
            -0.32624162907869036,
            0.03739191612287468
        ],
        [
            1.0188466849493434,
            -0.5738028125359387,
            0.057956741702109724,
            0.4028508948433107,
            0.38447339265744657,
            0.27927327126351953,
            -0.21791962441162147,
            0.011058683330463092,
            0.08907963515659835,
            1.2532234231868034,
            -0.4434450596985616,
            0.17143010656479352,
            -0.30219232427101506,
            0.5032534939628632,
            -0.2433147956710586,
            -0.4826454808203085,
            -0.5578988955330725,
            -0.28521324822003863,
            0.32078810075934605,
            0.9050547994661671,
            -0.011110195520773095,
            0.1621153698019561,
            0.7675316970229521,
            0.209506014514129,
            -0.25049248275029307,
            0.014925153099083741,
            -0.33220972345710625,
            0.6868946096203716,
            0.724332192464458,
            -0.1781591938712379,
            -0.152085637239504,
            -0.1495532524744722,
            -0.49474995450807135,
            0.6510990183581593,
            -0.4275146256752647,
            0.24096344317296878,
            -0.04291844171426187,
            -0.11752306568386062,
            0.5991265193181753,
            0.25477058047434564,
            -0.7380802511378042,
            0.3396221887493047,
            -0.4101991382772476,
            -0.059117768147888584,
            0.25771274843254427,
            -0.21725075491491566,
            -0.062451645304721845,
            0.5031723973486363,
            0.20124744907858658,
            -0.3589761407266599,
            0.1321099423003676,
            0.8750166312634352,
            -0.6402598122748977,
            0.18989785253234176,
            0.09518338058790615,
            -0.07024633072881478,
            0.07586032888334199,
            0.038103041829558995,
            0.05820489029520903,
            0.7025619544095445,
            -0.0341208796017126,
            -0.009445544946519726,
            -0.43109407670069255,
            -0.0919581631524704,
            0.6197691043137274,
            0.5680529902958728,
            -0.31972190864207667,
            -0.6156125761342817,
            -0.36982334850007564,
            0.05966231973005269,
            -0.5021942355159451,
            0.5123286264850634,
            -0.009497294770779872,
            0.11658888542239584,
            -0.3676093449707682,
            0.4245726723976173,
            0.6601823822531262,
            0.2711148424399376,
            0.17490105256537872,
            -0.5054098789890334,
            0.14268544054952992,
            0.2953493137949569,
            0.0927886520238677,
            -0.1377407133258775,
            0.6853353657759074,
            -0.24888783262301253,
            -0.31569954357321206,
            0.2004707008313725,
            -0.4350481886880872,
            -0.3338763983814765,
            0.05452645485530201,
            -0.019188315483859537,
            -0.577867624633941,
            -0.08123597015603486,
            0.12451278942286047,
            0.24128872022093975,
            -0.4285182266314008,
            0.16767299653428494,
            -0.18999397293139342,
            -0.061057208555689906
        ],
        [
            -0.3480655356983258,
            0.8073204175048083,
            -0.41135492997950057,
            -0.1464346533660793,
            0.15032513290979113,
            -0.28347624476296457,
            0.08261612248638768,
            -0.11017541398210634,
            -0.1626818371480531,
            -0.4434450596985616,
            1.4038070544891648,
            0.1534385558925281,
            0.01472500438758548,
            0.19274292565109458,
            -0.10130369229252752,
            0.3039783201758959,
            0.0726227702867286,
            0.03878770216860149,
            -0.44927815864616655,
            -0.2882398776459405,
            -0.3531720158806429,
            -0.02094862955706359,
            -0.3010266532919089,
            -0.20857230376033659,
            -0.26882932036377466,
            -0.2161783858145234,
            0.01695486823360643,
            -0.42860059820925894,
            -0.146985045844609,
            -0.28986542062472687,
            1.3048560452007838,
            -0.021975332200746548,
            -0.058277072824545216,
            0.1880480507888583,
            0.27951035492225884,
            -0.4714824424047836,
            -0.22230573840869144,
            -0.2300306349198284,
            -0.29211055299803673,
            -0.38847689710173494,
            0.7236212555521824,
            -0.30127422177827223,
            0.09705653015132572,
            0.056396938700398566,
            -0.29356836884835613,
            -0.34152404048504065,
            0.09671470056305836,
            -0.3989324251237979,
            0.0466458172929458,
            0.3833957971417858,
            -0.2966284099689965,
            -0.19959570170713578,
            0.22673862972514144,
            -0.44745664510474265,
            -0.261045741099108,
            -0.12413615173877292,
            0.09574346604072373,
            0.2994060691380712,
            -0.2560412282408618,
            0.10326946818060796,
            0.015666507173942152,
            0.03396269445962358,
            -0.17209272409102175,
            0.03639138625542966,
            -0.47419105717869386,
            -0.3673818783888807,
            -0.11574340049624009,
            1.4834727003018917,
            0.8887675227630765,
            0.15454413074913342,
            1.2988047788910644,
            -0.4666413226322862,
            -0.16872555552759086,
            0.033704429339116486,
            0.5263402553429458,
            0.10417606290436444,
            -0.1772672241505578,
            -0.0161250389013949,
            -0.23359362864605504,
            0.2896000715400438,
            -0.4909123749796601,
            -0.23241783025231144,
            -0.2370933022387357,
            -0.029974909235457085,
            -0.42239415025129423,
            0.37181273925672687,
            0.27918867682704895,
            -0.18319724814537636,
            0.6579171456178273,
            -0.011040881625947631,
            -0.4969315810196451,
            0.3058907968582781,
            0.4167180936740431,
            -0.2713030108068307,
            0.34763754017628207,
            -0.25518845718432276,
            -0.23381202574172527,
            -0.2418788941130412,
            0.43085654209981655,
            0.3819808565236651
        ],
        [
            0.15500660250883408,
            0.17398420186942215,
            -0.4460394035029895,
            -0.11782523782272626,
            0.12965064248962832,
            -0.2992660799001306,
            0.07058870282835697,
            -0.06464817168197519,
            -0.32834012180343036,
            0.17143010656479352,
            0.1534385558925281,
            1.1018630995971255,
            0.03689645837804852,
            0.07731023894396796,
            0.1503992664568293,
            -0.37733512264103575,
            -0.7109290361588971,
            -0.6245900213341339,
            -0.2190493636582047,
            0.04637054954300926,
            -0.30433081512874005,
            0.0800181833761563,
            -0.12415441199515329,
            0.0723327273937067,
            0.0234153938719864,
            -0.1836061342495973,
            0.4528080788715869,
            -0.35635971854829446,
            0.3089639246740364,
            0.08750388788546147,
            0.3508258852813877,
            -0.035705130225316094,
            -0.345578008726326,
            0.29533262243815933,
            -0.42578101634103566,
            -0.4450208932863464,
            -0.3644888964883257,
            -0.05732788171615245,
            -0.09907512908842804,
            -0.7429879339991946,
            -0.4081848632294113,
            -0.1873944492376082,
            -0.03184285520867782,
            -0.13374540971777515,
            -0.22963561954044748,
            -0.18258642864781988,
            -0.114673180376238,
            0.019596080470166873,
            0.5715163978382028,
            0.16783084143111823,
            -0.333755823428567,
            -0.2525091956478878,
            -0.1998645036198383,
            -0.0909561680880022,
            0.08679542584677909,
            -0.28325746648186495,
            0.3161552246685195,
            0.020913984631198538,
            -0.4015176914646364,
            0.1291754673913201,
            0.03967057666699952,
            0.020714336932197142,
            -0.1903050181206853,
            -0.09540982250890952,
            0.2883335010365454,
            0.0944363029183015,
            -0.6719753465674642,
            0.11846603594340327,
            0.45993702510448115,
            -0.22668212812460706,
            0.14812992976883002,
            -0.31790725212614573,
            -0.17238662051999645,
            0.25846003093946684,
            0.11570018264994733,
            0.2233692593463484,
            -0.28408663870466033,
            -0.1293009213880907,
            -0.18378981394973137,
            0.03292973536919734,
            -0.15844632348968088,
            -0.16994493642986835,
            -0.5763706479964569,
            -0.20435794586423814,
            -0.324344344071181,
            0.3974135086453975,
            -0.6134805057890677,
            -0.0820648657665482,
            0.4144009968833198,
            -0.16786147631738138,
            -0.20058901832487597,
            -0.03573012807988802,
            0.1305498477986673,
            -0.46832314363691213,
            0.020568336839361167,
            0.0030218128831210893,
            -0.6877428567639009,
            -0.30745290725719127,
            -0.27053923478541464,
            -0.13861317971045997
        ],
        [
