{
    "fast": [
        [
            1.1727485705602378,
            0.016936377171102756,
            0.20328462877726383,
            0.670384532336014,
            -0.3919904859689875,
            -0.22044843815833262,
            -0.06369644566185403,
            0.19381243888128827,
            0.08726387525173714,
            -0.20057130219984248,
            0.1255002009559194,
            0.16881081604194048,
            0.6246159702034506,
            -0.09054881144303592,
            -0.03448791015927634,
            0.18088806363669258,
            0.29995194883395465,
            -0.3419577081677643,
            0.26185956887365985,
            0.529644150352021,
            0.19237718916672872,
            -0.0037980084907354734,
            -0.3482845906370039,
            0.4700808290259475,
            0.1366508871512769,
            -0.023650610186035505,
            0.027639104592018505,
            -0.08603249173597731,
            0.22533306436425568,
            0.590493408555071,
            -0.050475961008110526,
            0.41014706997390094,
            0.008851412806548517,
            0.016543163429812414,
            -0.31852047057562655,
            0.20526645964450763,
            -0.3387450546589881,
            -0.11860607105103507,
            0.23855050282508153,
            -0.357724505507214,
            0.2809721979078077,
            -0.08852515078973963,
            0.23888362402471938,
            -0.03150089832673729,
            0.08995491917349778,
            0.4123342356781665,
            0.05372138382418085,
            0.022259064503154697,
            0.07560794670395128,
            0.0766311029916104,
            0.08317566069870433,
            -0.15007198448821138,
            -0.16662614294668918,
            0.393614133291503,
            -0.12651300633225385,
            -0.0201633070075167,
            -0.2732533294541611,
            -0.04844182272903765,
            0.009433150155462864,
            0.5600779052021774,
            0.10801144564424568,
            0.1436169543139489,
            0.04029294727725067,
            -0.5964955671582124,
            0.13584642537500913,
            0.33348269153666527,
            -0.2532085860006841,
            0.34673052785404074,
            -0.2381438821734141,
            -0.06911029475515953,
            0.05794400935791278,
            0.33414458511410516,
            -0.05633469736756692,
            -0.2810843147386832,
            -0.5046428414478853,
            -0.29744839467780076,
            -0.04112931324053817,
            -0.2866789243303842,
            0.2834096115092419,
            -0.4608034210725501,
            0.1927033015590006,
            0.6016111212063207,
            0.16809796931869742,
            0.3537463335617514,
            -0.25424858574502235,
            -0.07604028295291236,
            0.0663284618145358,
            0.012950809934542886,
            0.9720938362021957,
            -0.48564434844381604,
            -0.18140996471835613,
            0.23539471494963293,
            0.18593004161567295,
            -0.10615046968827745,
            0.20896997485069782,
            0.15749227042038344,
            -0.1582195231896423,
            -0.001346912613806219,
            0.15585625056827185,
            0.14072789612226833
        ],
        [
            0.016936377171102756,
            1.0475129831212686,
            -0.5510712408691004,
            -0.1505728427910157,
            0.17689146235582606,
            0.17721539032986655,
            -0.34281960763878977,
            -0.5727606132269448,
            -0.5792718151765933,
            -0.3749703711839263,
            -0.5456759094040317,
            -0.13134099282757558,
            -0.1731288793195141,
            0.25709320073569625,
            -0.09731733973369124,
            -0.2760217911950873,
            -0.5103436057519136,
            0.3341038794850509,
            0.33539928689149084,
            0.6024327576652864,
            -0.5103065623530899,
            -0.13769350019497376,
            0.5781350493024756,
            -0.07024203655063664,
            -0.44833549434247083,
            -0.29231648017790773,
            0.2428569558963508,
            -0.19131461255269064,
            0.5316380519985774,
            0.02415610800947605,
            -0.4037165878789699,
            -0.2855618841245029,
            -0.6834951758319014,
            -0.22181032688209346,
            0.6090698395493278,
            -0.43575507765037064,
            -0.3974275518855196,
            -0.4550087453206147,
            -0.32452622961599054,
            -0.1734781893011598,
            0.6531204241454083,
            -0.37225275620667697,
            -0.40259023885977585,
            0.7131976930195991,
            -0.5530143499536443,
            0.04311662034962084,
            0.3116308117644176,
            -0.6300139407066547,
            -0.4565575500291587,
            -0.030162219255364327,
            0.6747055446912502,
            -0.28221884978948536,
            -0.7724756750015139,
            -0.21425209337012113,
            0.2192876166480255,
            -0.218508718179413,
            -0.13394762423143777,
            0.703727690121109,
            -0.2847729447987822,
            0.21424813882356744,
            -0.2317083062327691,
            -0.1942340492625485,
            -0.46335268623807774,
            0.49906952047282854,
            -0.5584959104041646,
            0.001484644972207847,
            -0.24338489433683216,
            0.34487634795132427,
            -0.4101591656402652,
            -0.10820803911489925,
            -0.437118509058852,
            -0.33011658730198135,
            -0.2259504242101801,
            -0.07438177648727037,
            -0.09726802797722674,
            -0.16682501912498415,
            0.2581336906101616,
            -0.4971061201375855,
            -0.5715553325197236,
            -0.16110728698367827,
            -0.47862297716420765,
            -0.16593369445725864,
            -0.5156083684420004,
            -0.3552447315045387,
            -0.4845581917250791,
            0.39624332778282817,
            -0.6492214636503639,
            -0.05252487262258535,
            -0.4573010015189101,
            -0.12982677631211548,
            -0.6648792304890098,
            0.2395787669493615,
            -0.5820260965235694,
            -0.6586261885933015,
            -0.2526044608008321,
            0.16159359413145152,
            -0.6317266603046013,
            0.601853165580019,
            -0.5586013933762297,
            0.6874120604188009
        ],
        [
            0.20328462877726383,
            -0.5510712408691004,
            1.5491364148460791,
            0.5055897903902125,
            -0.18315039196312552,
            0.01191771175918587,
            0.19426223523060893,
            0.44494027164623934,
            0.2148015420672737,
            0.06685719781054801,
            0.5845491767405452,
            0.31101193206421046,
            0.00627813512271097,
            -0.618271245303407,
            0.1231778225915023,
            -0.09190654111169184,
            0.3905213185537303,
            -0.12860141163717476,
            -0.13852453312745666,
            -0.21345226105012904,
            0.5409367793324014,
            0.5391077601787635,
            -0.40066016751277955,
            0.5189059875435637,
            0.17008144224779978,
            0.2512613607897224,
            0.16442496352588545,
            0.6499309571353024,
            -0.17433563181332867,
            0.14697523468967055,
            0.13800145033636008,
            0.2802876234008784,
            0.7609063816733933,
            0.16726022666391602,
            -0.7361688424796676,
            0.5304746881273338,
            0.10780997359201555,
            0.625990250393946,
            0.3789763955450232,
            0.581531725075018,
            -0.13003873908417,
            0.3749580368026129,
            0.7038323964974286,
            -0.6068647307383255,
            0.9801322647985528,
            -0.11686211519609198,
            -0.22693029018881172,
            0.9329332306043595,
            0.8334064336484132,
            0.06348111695107826,
            -0.1761026724644054,
            -0.28989608211405354,
            0.7931444550250691,
            0.7326683193240118,
            -0.24500019329442493,
            -0.0818687150405297,
            0.2262182065104131,
            -0.6345616146382945,
            0.7639020795028131,
            -0.3021391249009619,
            0.3372055649684168,
            0.5418685559405979,
            0.3651892760724106,
            -0.623211428656208,
            0.7067694576079107,
            0.09144707995823606,
            0.20024375585915913,
            0.17593864527551348,
            -0.020029176202015088,
            0.0018132863115008092,
            0.34943551490364705,
            0.5965711476372552,
            0.32044149815942735,
            0.12162984778729641,
            -0.12138583740390188,
            -0.0341260539095025,
            -0.5416608235241425,
            0.4657387610275452,
            0.9690474395004868,
            0.21274894801569588,
            0.5932053997693204,
            0.05756146789045591,
            0.2672805195626865,
            0.5547206477364132,
            0.5064598610518866,
            -0.22923197179555738,
            0.864885077009876,
            0.14522530414693943,
            0.17412204753362615,
            0.45780817029249915,
            0.5038833599566798,
            0.05874618386566295,
            1.005550885644651,
            0.3075080262042325,
            0.6337410788362817,
            -0.06138101269172614,
            0.5552936216809731,
            -0.5755066538026552,
            0.46227541874077704,
            -0.5022604471914369
        ],
        [
            0.670384532336014,
            -0.1505728427910157,
            0.5055897903902125,
            1.3334867133594674,
            -0.40742290541549364,
            -0.3970018200229472,
            0.3470040495980197,
            0.3562374683940955,
            0.4138239316476971,
            -0.2487602274520645,
            0.08769440109719759,
            0.24754972917619888,
            0.35480900122595344,
            -0.4249616900198869,
            -0.10271106412828927,
            0.49745730373298613,
            0.18420371388325357,
            -0.5115267495262602,
            0.42345013846235086,
            0.012288242860524618,
            0.39392610491534474,
            -0.09997214989922903,
            -0.3753468713247982,
            0.812064848994066,
            0.06672695142142482,
            -0.15680844127754576,
            0.28721025738139183,
            0.3560767600091192,
            0.28938271788661496,
            0.6165663731238189,
            0.35208142143089965,
            0.6958415735318276,
            0.04871724058869237,
            0.21656270181948326,
            -0.7120056007881679,
            0.6934428828242347,
            -0.4363501687288715,
            -0.016675817208739785,
            0.608555543598324,
            -0.48085278772770823,
            0.4255416149609323,
            -0.10883055689098063,
            0.6289875443352828,
            -0.16300448301925508,
            -0.08494999581967504,
            0.2481867527820012,
            0.1393756728900747,
            -0.07258335012919656,
            0.024587910148280524,
            0.03076475766539691,
            0.1956823930274915,
            0.18898512702381462,
            -0.025713186526585795,
            0.6392994406867252,
            -0.2843197511407639,
            0.6678225313868631,
            -0.28716284042157636,
            -0.1473905894801198,
            0.5067404787472799,
            0.2995140433281635,
            0.43559451931362714,
            -0.050906604974766956,
            0.09276768131486939,
            -0.743393619155802,
            0.10686931288777901,
            0.7099163572320274,
            -0.3193519232615129,
            0.32275747759865,
            0.09684693676464208,
            0.02217088994298798,
            0.1299626757104122,
            0.542020893102251,
            0.10207187259214881,
            -0.18526357114712416,
            -0.7216870980859199,
            -0.19130250200516896,
            -0.15169799131532802,
            -0.30113760179946014,
            0.29438217024217983,
            -0.331852902407104,
            0.38340065234701887,
            0.4711257622149036,
            0.47311437736805545,
            0.34643519664838807,
            -0.22163352874011352,
            -0.08061651205220308,
            0.26940876061634855,
            0.12444062547597795,
            0.5948990709925591,
            -0.5577566351177453,
            -0.10239209502230721,
            0.8702166905931383,
            0.08595640035179351,
            -0.2375713307683083,
            0.4730798064453274,
            0.4625928438156317,
            -0.09299104990897859,
            -0.332622511910057,
            0.3462953038763728,
            -0.14366372896729054
        ],
        [
            -0.3919904859689875,
            0.17689146235582606,
            -0.18315039196312552,
            -0.40742290541549364,
            0.36294462271288785,
            -0.053732126147106235,
            -0.0906101436462033,
            -0.11177226298667896,
            -0.11078639921678445,
            0.06900772040896368,
            -0.056356195508606925,
            0.03711321121216076,
            -0.48338456881171615,
            0.23842507135225913,
            -0.05225518687141949,
            -0.1392596300311633,
            -0.181035902269051,
            0.33444463508874284,
            -0.032075430269313254,
            -0.07706853767628355,
            -0.09192615053607857,
            0.032008724600718824,
            0.25118084628581594,
            -0.5016803532655634,
            0.007505750605844577,
            -0.10806946554771643,
            0.17193102824492948,
            -0.2251701154396074,
            -0.05556311709417626,
            -0.15749372147579144,
            -0.06505354345726264,
            -0.22427131626836422,
            0.03076349015503088,
            -0.04435952116950837,
            0.3277385368708357,
            -0.03800009577059679,
            0.052080221497639786,
            -0.0012801699122763732,
            -0.15922152350193003,
            0.17687750443632827,
            -0.19887962928940756,
            -0.014467944975820912,
            -0.1686091080794115,
            -0.0722859639344683,
            -0.06440245805330318,
            -0.16348455139669366,
            -0.02167215692462703,
            0.01538238657927542,
            0.000620104770306827,
            0.20991841544763828,
            -0.09718387240768313,
            0.013920102053593342,
            0.007618414206509529,
            -0.15182643485136757,
            0.3029516263198134,
            -0.11777109720041617,
            0.12655587568902035,
            0.23503873731013294,
            -0.16801701533582955,
            -0.2858091567528759,
            0.031882691340686956,
            -0.17385241381298389,
            -0.09292797636008747,
            0.24967796409177154,
            -0.15335165870176828,
            -0.13907182100900164,
            0.13220282996958765,
            0.015453281994476655,
            -0.0010406376146511443,
            -0.026722703483872047,
            -0.267712118993094,
            -0.18574054012670796,
            -0.10969974543300823,
            0.10851510427069008,
            0.38828144278807414,
            0.016375066201999997,
            0.059253705134024164,
            0.09341279449215746,
            -0.09135891915678306,
            0.19806185414468647,
            -0.06013360098886397,
            -0.05947955478919919,
            -0.1674297017267669,
            -0.07738319084609505,
            0.025941548540010413,
            0.14297009461845023,
            -0.2754678169833254,
            0.13783930766794936,
            -0.4257352231615154,
            0.031062050287233016,
            0.07037035283174671,
            -0.19945906496051685,
            -0.08096892932711236,
            -0.1434169119335158,
            -0.16796620005174845,
            -0.12040260586534103,
            -0.189806190469292,
            0.11126008107727678,
            -0.1162322250238614,
            0.1398207279480619
        ],
        [
            -0.22044843815833262,
            0.17721539032986655,
            0.01191771175918587,
            -0.3970018200229472,
            -0.053732126147106235,
            1.1723757499085161,
            -0.43826975191220235,
            -0.6129507739861657,
            -0.6994665515887033,
            -0.2663649055773534,
            -0.43644418636517707,
            -0.01078603868671198,
            0.06270806646137606,
            0.031727558906978696,
            0.41258695301888576,
            -0.5053040850376447,
            0.14142001352532502,
            0.10982069001818655,
            0.033167574147458585,
            -0.14847992349980949,
            -0.4247318998894393,
            0.3288723114843889,
            0.034092168560371325,
            -0.031571241511082704,
            -0.4207690362073736,
            0.2421161247793255,
            -0.6451138290932885,
            0.3455939919914416,
            -0.1341675743486569,
            -0.31005622846238906,
            -0.6671139796175912,
            -0.5776231171379609,
            -0.5888174011502108,
            -0.3837140272420216,
            0.5039075659174987,
            -0.7338414913386966,
            -0.09010466176846747,
            -0.09553893207507154,
            -0.7553179501642076,
            0.48883241441177955,
            0.39455334114160373,
            0.04950094842959567,
            -0.48227535524440923,
            0.8382932908922243,
            0.03061262272068224,
            0.0847630223655989,
            0.3503550738793698,
            -0.22110680068742747,
            -0.20308966557244584,
            -0.5894382924235289,
            0.40069172751140525,
            -0.5647065052976585,
            -0.3986134984615696,
            -0.5498707037085881,
            0.17231786736612925,
            -0.7596679722244039,
            0.3245902504888912,
            0.14403616446561174,
            0.49990621537477814,
            0.28235544034282645,
            -0.7084432652637129,
            0.7244555237541749,
            -0.7307852673517485,
            0.5714340698628579,
            0.11485942237830633,
            -0.6981184154112051,
            0.46554210996446227,
            -0.45098899396484676,
            -0.4450646956261289,
            0.03171426615527175,
            -0.10408638633836553,
            -0.5819834633791731,
            0.17924116920394206,
            0.2353023745473427,
            0.08498608866598453,
            0.4142563412086783,
            0.04806699265773914,
            -0.16923300206671313,
            -0.2830148326834497,
            0.1086762946960589,
            -0.6170157756977178,
            -0.7826032661259805,
            -0.7443882554100755,
            -0.5788023691296063,
            0.49218935030379457,
            0.11849909235531071,
            0.10448338327815787,
            -0.5133037921012633,
            -0.5280099829104303,
            0.3138767200564905,
            -0.48973685428941927,
            -0.13639146525066345,
            -0.18985793162408857,
            0.40808726517857086,
            -0.20371445245244174,
            0.15265621550362143,
            0.07483346718936082,
            0.39352990691787315,
            -0.24398748835268763,
            -0.26768242798564357
        ],
        [
            -0.06369644566185403,
            -0.34281960763878977,
            0.19426223523060893,
            0.3470040495980197,
            -0.0906101436462033,
            -0.43826975191220235,
            0.4746266094264502,
            0.3957619010366159,
            0.5266821185551317,
            0.318577558674803,
            0.23041983420904735,
            0.031421040532642434,
            0.13249928219183668,
            -0.06260144491710933,
            -0.11553484484901501,
            0.3997975681548936,
            0.1479640911749315,
            -0.2196074187868499,
            -0.0413709914972097,
            -0.2712843970586888,
            0.3528324588866458,
            -0.1799448276863879,
            -0.1660943555920343,
            0.24157389849403363,
            0.3177114637601128,
            0.032857281733021035,
            0.2522849599025657,
            0.11374434224851596,
            -0.0366665154672931,
            0.19283134217274572,
            0.45795755013595335,
            0.3808248639617532,
            0.4011364870295851,
            0.24453566593366233,
            -0.42192011904839005,
            0.5098218928264491,
            0.23388780133640033,
            0.1998149577025687,
            0.534962433646671,
            -0.2944013017177323,
            -0.21412327831085182,
            0.05374605630368695,
            0.3132114257261298,
            -0.49467540456555953,
            0.08018379574668488,
            -0.07333283419636734,
            -0.23408268266052393,
            0.2349700364393918,
            0.16830864121663494,
            0.16163997742615213,
            -0.17689419779520504,
            0.4219013735865956,
            0.3715303177967205,
            0.38079210709320294,
            -0.1224360981737617,
            0.5022184817832336,
            -0.29545808621052155,
            -0.2697088092204038,
            0.09339003327188454,
            -0.2247252330549763,
            0.457162001998164,
            -0.2681156108903957,
            0.4903285683518268,
            -0.3145856187819121,
            0.1264039055100559,
            0.3973474594973389,
            -0.1681009517585639,
            0.16500284494142947,
            0.47677659986481674,
            0.09501161460121793,
            0.23640237102233227,
            0.3571591464842823,
            0.0350097486970794,
            -0.091804456444414,
            -0.04233414360230891,
            -0.17694450814615129,
            -0.014250948201705518,
            0.22100488106072164,
            0.1924800143386267,
            -0.010151549838342735,
            0.37689065330749766,
            0.17794291712015908,
            0.598994103508319,
            0.3237264164936824,
            -0.10261385184410989,
            -0.061721811891927145,
            0.24215598137978395,
            0.25621196102018384,
            0.12754575453990422,
            0.031010613520748343,
            0.46177110433090574,
            0.1856898910428459,
            0.09582826256334534,
            0.13247093060941692,
            0.1454374853679033,
            -0.08085571896912808,
            0.1136915036112614,
            -0.3935425333548481,
            0.2869011718021197,
            -0.07693755500700407
        ],
        [
            0.19381243888128827,
            -0.5727606132269448,
            0.44494027164623934,
            0.3562374683940955,
            -0.11177226298667896,
            -0.6129507739861657,
            0.3957619010366159,
            0.6984289359537831,
            0.70694326697777,
            0.43343345154678237,
            0.5706575619078474,
            0.10849744935245696,
            0.16743709648201036,
            -0.27788566601868264,
            -0.1392799758620967,
            0.4011304883859269,
            0.11150616379931713,
            -0.25249913461016604,
            -0.019991129037833875,
            -0.14923128244569103,
            0.6369107270558344,
            -0.004771341934365575,
            -0.46648351792238807,
            0.23708309326079688,
            0.5735418763710219,
            0.025343284696566867,
            0.3877638436431377,
            0.09291766149559612,
            -0.18188175540986048,
            0.26278487709623527,
            0.48900601737037275,
            0.4839334954063104,
            0.7195723337341327,
            0.3411210504717523,
            -0.6238770381587034,
            0.7400063977274204,
            0.2651530251377111,
            0.42489429080912877,
            0.6558143523621615,
            -0.2692573395229246,
            -0.4788638582065936,
            0.2249974886702808,
            0.6018203567176562,
            -0.7744534322023989,
            0.4443500434385095,
            -0.0520383170153491,
            -0.28472910496610154,
            0.6092060269314393,
            0.484665777519064,
            0.33107354991024057,
            -0.35907565748857484,
            0.34654346489189153,
            0.6643908141688896,
            0.5705816675546463,
            -0.33543398767395205,
            0.6012965358509367,
            -0.20630703358184663,
            -0.3709820533319265,
            0.1135339289098335,
            -0.20666646585437645,
            0.6367957580974939,
            -0.17957940215818904,
            0.6549887387663376,
            -0.6810246378096274,
            0.35199900813337265,
            0.41334141229541793,
            -0.2399034707811647,
            0.1374820018043095,
            0.4233241489195155,
            0.08455154798269425,
            0.4262103820215804,
            0.5984053303844075,
            0.15939341768053505,
            -0.08723632231866763,
            -0.07083997098157506,
            -0.26462442360882776,
            -0.2633240215749002,
            0.3382528228896725,
            0.6643302532393811,
            0.03477706534491012,
            0.6809916811655553,
            0.5563794729715298,
            0.6887119979747108,
            0.6868026836511172,
            0.07994505856121886,
            -0.15045388365075976,
            0.3089026949810079,
            0.35734322344423886,
            0.5086294068739351,
            0.13449855085293855,
            0.6930480181999222,
            0.11757555204185494,
            0.542016090246617,
            0.08185151598915208,
            0.2522404497134074,
            -0.0775768104734976,
            0.21366920200709394,
            -0.5794473341307318,
            0.50638514144274,
            -0.11753400495784251
        ],
        [
            0.08726387525173714,
            -0.5792718151765933,
            0.2148015420672737,
            0.4138239316476971,
            -0.11078639921678445,
            -0.6994665515887033,
            0.5266821185551317,
            0.70694326697777,
            1.0948986030253096,
            0.3242921061474337,
            0.3019942492684014,
            0.16280736493576203,
            0.42212181314577185,
            -0.24042385366068197,
            -0.3070456638415976,
            0.6268415585848343,
            -0.034125603453855756,
            -0.4349196342291409,
            -0.009177287624666788,
            -0.07874657984908064,
            0.531401375816013,
            -0.4944363006770892,
            -0.5732521681905147,
            0.20444787212921395,
            0.6146525144240783,
            0.1953585812562183,
            0.6688913893050673,
            0.004121864543304056,
            -0.12206571155916131,
            0.2754450903832672,
            0.6572507102229577,
            0.5072919087202523,
            0.5952637391339027,
            0.4158724624191998,
            -0.6681088367183932,
            0.8638003591966039,
            0.20677055434663005,
            0.27431773770859047,
            0.7778851657357904,
            -0.4621665236730229,
            -0.5706297551278078,
            0.12769413417537812,
            0.508742541193242,
            -0.7577006845679602,
            0.08743887832094194,
            -0.060322917251553455,
            -0.23560341699505136,
            0.3073005483934309,
            0.061619936696208966,
            0.291504779002416,
            -0.2905040823383729,
            0.6190807700503504,
            0.3327943098647695,
            0.5234690511089374,
            -0.4678184304078568,
            0.9327106937739635,
            -0.18315425148833686,
            -0.26253518606350296,
            0.09920849536074305,
            -0.11859862944046339,
            0.8197503544382174,
            -0.3142390270999842,
            0.7820317442442851,
            -0.7167660813243745,
            0.3777696086101928,
            0.7641042538824961,
            -0.43392798970354546,
            -0.19539403909571704,
            0.7734716012300108,
            0.19179802350854394,
            0.345134401303915,
            0.6516553043197776,
            0.02176949533402429,
            -0.14898535188984383,
            -0.2965485893936452,
            -0.38741230542733296,
            -0.25801356139450893,
            0.35184585078284036,
            0.29392476530175066,
            -0.09190773792698186,
            0.5369509510717824,
            0.54326764521157,
            0.9285740942368382,
            0.42261411183189007,
            -0.23846443308229892,
            -0.05896004751419826,
            0.4695045225582222,
            0.4563949283430166,
            0.6136142054388536,
            -0.02716018724015481,
            0.7047277738683825,
            0.270358300789889,
            0.4724160582873803,
            0.393441333633364,
            0.27698331097964884,
            0.02992188906247081,
            0.16296036382542356,
            -0.5116459795540161,
            0.6220358022408665,
            -0.12331463715727085
        ],
        [
            -0.20057130219984248,
            -0.3749703711839263,
            0.06685719781054801,
            -0.2487602274520645,
            0.06900772040896368,
            -0.2663649055773534,
            0.318577558674803,
            0.43343345154678237,
            0.3242921061474337,
            1.0996445764108482,
            0.4695848108872694,
            -0.015245802490908912,
            -0.11477871697856366,
            0.13943585909120762,
            0.10238540651685506,
            0.12219455726123789,
            0.1738794655658798,
            0.05217970023129153,
            -0.24376868431098178,
            -0.3584092771930292,
            0.422808652916232,
            0.13778470590920527,
            -0.4303926643501263,
            -0.3368197003012992,
            0.6893066674983128,
            0.21544886378321745,
            0.3567277867734241,
            0.05901093476294595,
            -0.336086609194072,
            0.09216668906815392,
            0.1540838930898175,
            0.19176973310158235,
            0.644865338299803,
            0.13161294635580947,
            -0.005156703750774573,
            0.3705999542856171,
            1.0406620639377229,
            0.3617551444251024,
            0.33542821261162575,
            -0.3092108024784947,
            -0.6535443144902583,
            0.12767882876430042,
            0.249798609452777,
            -0.6493868235232462,
            0.4836155009968361,
            -0.1442887489480212,
            -0.4168039456928585,
            0.7459790616685599,
            0.6386843210917577,
            0.2797544247237742,
            -0.25946586279764094,
            0.27490119018229087,
            0.9306497397920981,
            0.2962966829033346,
            0.28277597845055336,
            0.2673352857116813,
            -0.37879332280840644,
            -0.2922237511581857,
            0.18819026249681212,
            -0.41558009756228925,
            0.36754080946495404,
            -0.14442866619592606,
            0.3471984223628821,
            -0.10499865333783205,
            0.30107901463125186,
            -0.19893385069951053,
            -0.16389127288059907,
            0.2675701309156489,
            0.37580878115337263,
            -0.05769137812757935,
            0.41960577149479766,
            0.14423707803893474,
            0.027761359336183015,
            -0.12740501555118783,
            0.6198112653410045,
            -0.29659894302938533,
            -0.08557897373477703,
            0.4474346701540811,
            0.4839664507561557,
            0.16407527454113002,
            0.4628308188646502,
            0.24557538468806875,
            0.43169523537388726,
            0.6346766112823974,
            0.15500325388595823,
            -0.053111586968785984,
            0.17517926628665137,
            0.3813989410833469,
            -0.17956839211363487,
            0.6481580884756287,
            1.0532021779698326,
            -0.25037328503175416,
            0.10894792119331234,
            0.15668823957206665,
            -0.19398574652698364,
            -0.5512412742251456,
            0.4051792518625235,
            -0.31856554139051324,
            0.3333224433881331,
            -0.014626057658951287
        ],
        [
            0.1255002009559194,
            -0.5456759094040317,
            0.5845491767405452,
            0.08769440109719759,
            -0.056356195508606925,
            -0.43644418636517707,
            0.23041983420904735,
            0.5706575619078474,
            0.3019942492684014,
            0.4695848108872694,
            0.8080813254903735,
            -0.027012322547126034,
            -0.166532274412329,
            -0.34485493796241873,
            -0.013853535848309267,
            0.06682419446531412,
            0.21781854533460066,
            -0.07022372766575566,
            -0.1945287034782408,
            -0.20035291003168215,
            0.6085079477164411,
            0.4487626776202888,
            -0.30432493912848896,
            0.12108449889295081,
            0.44346610178587054,
            -0.057438532025513724,
            -0.015732093513030915,
            0.2540442526796548,
            -0.2857364074612391,
            0.05743358126380379,
            0.26856855755587017,
            0.38278166815511905,
            0.770066005531766,
            0.21079131994484002,
            -0.5868073917497891,
            0.4329993906314364,
            0.3782492451755013,
            0.5892526368595563,
            0.37221714312825405,
            0.02874400660537592,
            -0.4798486179217339,
            0.32139288875570154,
            0.5396379815442259,
            -0.7184820629066231,
            0.7614010779012479,
            -0.12355429842096478,
            -0.39673626862933015,
            0.8108588765476055,
            0.7882526531042243,
            0.2959359753998715,
            -0.482611560532156,
            -0.013438150522252747,
            0.8638625783829538,
            0.5201762871046404,
            -0.1780146803998109,
            0.18587929620851334,
            -0.08530121976125651,
            -0.495162579173578,
            -0.01607138205952695,
            -0.34337883958888693,
            0.3116241062458298,
            0.18409831313947,
            0.5066113973027835,
            -0.5588749776769355,
            0.3913692948447902,
            0.0065244977296379635,
            0.07614761832949554,
            0.36253003001470213,
            0.038256013475493796,
            -0.051966645503264706,
            0.4203617380169679,
            0.43227541542710607,
            0.29024253702968433,
            -0.059246739984803315,
            0.2123393522875018,
            -0.14994441829812544,
            -0.30030921737625316,
            0.3308821169177861,
            0.900855016906605,
            0.16790803040660085,
            0.6953054846171218,
            0.4686322708969968,
            0.37812179053518397,
            0.7720100437232243,
            0.34572077678617924,
            -0.3218652641118324,
            0.1325118916547484,
            0.11654988107574324,
            0.36129472005419266,
            0.24606452617361052,
            0.6149904128861639,
            -0.2615281913455206,
            0.692963141309945,
            -0.1387029282215107,
            0.33304400569293,
            -0.22919633310451726,
            0.415628586495965,
            -0.5220990522307837,
            0.2756935595444215,
            -0.2182738464884656
        ],
        [
            0.16881081604194048,
            -0.13134099282757558,
            0.31101193206421046,
            0.24754972917619888,
            0.03711321121216076,
            -0.01078603868671198,
            0.031421040532642434,
            0.10849744935245696,
            0.16280736493576203,
            -0.015245802490908912,
            -0.027012322547126034,
            0.38254674274586853,
            0.003886001559983085,
            0.04660368101103359,
            0.03305737032479355,
            0.0982746286767952,
            0.17982298122615697,
            0.014553357252453013,
            0.07033680531068978,
            -0.11221809548000224,
            0.15463478328766855,
            0.03423204761366514,
            -0.21083582976753681,
            -0.026263507295505258,
            0.15524196875264026,
            0.0995279079067766,
            0.22187594830987262,
            -0.03155694916143332,
            -0.06478704581680346,
            0.24385600933715637,
            -0.023121036502689433,
            0.034496495153955586,
            0.15554611247954858,
            0.029998465722906372,
            -0.0559706310750266,
            0.33591457853624695,
            -0.06361161322791123,
            0.02506679892892397,
            0.13859347836119074,
            0.08520959224635662,
            -0.13640665655669967,
            0.02110954762023207,
            0.14359003412458013,
            -0.17969644404479052,
            0.10477191486743602,
            0.09156194737640053,
            0.048272115220934546,
            0.12779258346710767,
            0.08702413462284535,
            0.17419896651861552,
            -0.03770315022883761,
            0.04698896402546539,
            0.04293419248811372,
            0.20898824774080801,
            0.16800066986266568,
            -0.11292655593696471,
            0.13995453042558095,
            -0.05372297233781573,
            0.40875130687849026,
            -0.03481840002674913,
            0.230350885405395,
            0.0005441834095095643,
            -0.031631652737179425,
            -0.28150601795249575,
            0.12790039053779728,
            0.1392354604490596,
            0.09861678255765419,
            -0.03566076501685362,
            0.09625897131083948,
            0.026803822956221406,
            -0.18703388262727955,
            0.0821893589156177,
            0.040118112841351965,
            0.0740380508598908,
            -0.022231038792654645,
            -0.04871971751085402,
            -0.19356348282872318,
            0.08492493133730049,
            0.1726264116283968,
            0.01463462027339729,
            0.08337522483499465,
            0.16536354801350786,
            0.09411278462578825,
            0.09789561268155753,
            0.14038151236796786,
            0.05183123529188264,
            0.20810585261450024,
            0.20717874330544908,
            -0.017923242270324557,
            -0.0730281011902022,
            0.15752432200907227,
            0.22077719637883256,
            0.14046504842373875,
            0.13601477178112875,
            0.11331774222097431,
            0.06499824256677819,
            -0.12460561653466992,
            -0.13416212660050073,
            0.2930446806299508,
            -0.2584668126565128
        ],
        [
            0.6246159702034506,
            -0.1731288793195141,
            0.00627813512271097,
            0.35480900122595344,
