{
    "fast": [
        [
            1.0531707453704358,
            -0.047603286948121916,
            -0.07158699624886494,
            0.2547270372022958,
            0.531274846687597,
            -0.5729483769512962,
            0.4999063596130358,
            0.4159773938647893,
            -0.23757923889724006,
            0.1341643979950417,
            -0.3432433433265905,
            0.019729200030671874,
            0.2602544468703236,
            0.5681724693306539,
            0.280446684069226,
            0.3389830228444727,
            0.4772787022545432,
            -0.3158627224378297,
            -0.5020047821633192,
            -0.17542674289607493,
            0.4747420655067016,
            0.6258343269452857,
            -0.6258546155633276,
            0.5871970026751429,
            -0.7029526977985743,
            0.4365571230502612,
            -0.020720128422404286,
            -0.6302267344086229,
            0.1541251594571999,
            -0.22917049751661756,
            0.39188942547268374,
            -0.10076931305305793,
            -0.21693783160496677,
            0.14200870956728645,
            0.7071655334665823,
            -0.11226186674558664,
            0.30709968184972875,
            -0.49121758961175943,
            0.614052223825825,
            0.18126713288339827,
            -0.16901284015903875,
            0.26376365022319737,
            -0.03557688326741968,
            -0.5190083227974073,
            0.5249071403815082,
            0.5535025336343972,
            -0.1339729770243717,
            0.7931989933189664,
            0.4220936328421951,
            -0.1770388834855944,
            0.7182455878663018,
            0.3364663285766955,
            0.17829683050345616,
            0.1851166708210655,
            0.45005680784281404,
            0.30802082437893874,
            0.14341284391297499,
            -0.1583667855137525,
            0.25480631991954805,
            -0.23646820943505287,
            -0.5806720725698377,
            0.28466476190183515,
            0.04661301384804,
            -0.039696581164771386,
            0.3952210104745282,
            -0.28388653055133484,
            0.21215809055314153,
            0.38395189123506407,
            -0.012246507975213336,
            0.645453830194498,
            -0.18453856117715614,
            0.35069133203036185,
            0.8841401233696601,
            -0.22009729367573008,
            0.6202935922798989,
            0.09008406248277304,
            0.7008831527046663,
            0.6582914946031643,
            0.27661284739013153,
            0.7287081441273368,
            0.48684254488588247,
            0.608849042373676,
            -0.16356709511165443,
            -0.3948007439597457,
            0.3174517375259623,
            0.4975837650449813,
            0.4890497618469006,
            0.40446259822386843,
            -0.43292512410113965,
            0.13394138876737477,
            0.3294261976267095,
            0.1166340558127765,
            -0.010015308696352676,
            -0.32198949651800274,
            0.2894702245106658,
            -0.04859220556915518,
            0.2855268921390953,
            0.29335117603588484,
            -0.35155571592185136,
            0.49169359398127727
        ],
        [
            -0.047603286948121916,
            0.9480759478106903,
            0.37953186804918104,
            -0.03930036160965932,
            0.45053359698422274,
            0.2790324405714122,
            0.0006632945995543948,
            -0.6968778948208744,
            0.19199393439716925,
            0.6833221325814659,
            0.03978583679554474,
            -0.8003088851448839,
            -0.3021615430682404,
            -0.34613834856509396,
            0.15719109969977452,
            -0.6771188989648251,
            0.35555031734277687,
            -0.3472071466968564,
            0.22101110853634331,
            0.49230536710425715,
            -0.5244455273408445,
            -0.6883482889372523,
            -0.01981276863090995,
            -0.5608049072774981,
            -0.17475916882784442,
            -0.5992021936507804,
            0.6181847563894595,
            -0.008063887926732958,
            -0.09355874787600184,
            0.16600595796416634,
            -0.3112803606536911,
            0.9122453041094233,
            0.32697918402639037,
            0.37889550624604074,
            -0.1295257151214392,
            0.33427504476538505,
            0.4786944260208493,
            0.3546366024562108,
            -0.21340482150601534,
            -0.13765362248944427,
            0.38687748113853004,
            -0.1591572839283832,
            0.014022701574182405,
            0.6079986809612226,
            -0.07949510481201448,
            0.29137386265127685,
            0.09838950029422176,
            -0.05631824079666468,
            -0.5129645907749525,
            0.5043639821518706,
            0.10238430836424647,
            -0.5699383004630847,
            0.17862728320582244,
            0.02614049702946549,
            -0.1482076038858928,
            -0.6265060573585299,
            -0.03705039885518299,
            -0.07883150287566229,
            -0.1450926373346861,
            -0.39229220733767173,
            0.21183176196493417,
            -0.6055894237965959,
            -0.30692150582294286,
            -0.4636501302542994,
            -0.09597814506069745,
            -0.33272585275726047,
            -0.1339413913062971,
            0.24834765949630103,
            0.5172739355956205,
            -0.04312892433450067,
            0.21409038311190112,
            -0.3582296303924346,
            -0.22464663226700032,
            -0.05770711299139983,
            -0.2825795957904178,
            -0.3217115348389082,
            -0.2459566713000857,
            -0.011571108321408492,
            -0.4863341314442455,
            -0.3128150731490493,
            -0.613139180187902,
            0.1567548966761309,
            -0.5433578272427745,
            -0.007624256034900216,
            -0.7188262430937057,
            0.19140184144819572,
            -0.31014815459443035,
            0.18353085488671175,
            0.5043770525543215,
            -0.3647621698958466,
            -0.028835148920613618,
            -0.35596391707114444,
            -0.4185111750587382,
            0.08727291797351078,
            -0.36066837032403226,
            -0.6366873118203124,
            0.06308497182178954,
            -0.374788407668276,
            -0.3617115439977011,
            -0.2751260089610227
        ],
        [
            -0.07158699624886494,
            0.37953186804918104,
            1.3969922323640918,
            0.7529756117325764,
            0.2875175970919768,
            0.28650267524666484,
            -0.15487922423986644,
            -0.6743862807958929,
            0.15209126388532976,
            1.3410071884886094,
            -0.3108298067307171,
            -0.7627130911416738,
            -0.49251594169401114,
            -0.37399924724247446,
            0.21546526456678858,
            -0.8715398181205731,
            0.42092153897446616,
            -0.1661457436281893,
            0.3420944048665561,
            -0.033236659639132964,
            -0.9070292682974205,
            -0.5178245070667564,
            -0.12964314492141657,
            -0.5105999367215361,
            -0.029990997216798505,
            -0.7029521981139435,
            0.34814901872982545,
            -0.11679391798069172,
            0.1762060532638148,
            -0.1243876749653685,
            -0.7649274444757966,
            0.37644785731899755,
            0.2222417578918137,
            0.07574827052521378,
            -0.17504018962660214,
            0.18287396592679106,
            0.9681027973599073,
            0.31795335814784964,
            -0.30090250735730256,
            -0.2501348770179609,
            0.5350757255784004,
            0.22740661481648858,
            0.1320968528687186,
            0.8852088777425499,
            -0.05256367805060984,
            1.2158576984462366,
            -0.06662264915408282,
            0.30585218149908344,
            -0.35535404320786457,
            -0.34636819630493926,
            0.8174943512656893,
            -0.6484788720357461,
            0.1268012812376366,
            0.29001229022966224,
            0.4689960388745962,
            -0.7356393510271322,
            -0.488900319548458,
            0.15494785299292096,
            -0.4809798877843067,
            -0.3218286623208194,
            0.6815025511032197,
            -0.5169127235493074,
            0.08653015308478047,
            -0.6358892481997672,
            -0.4357206404591806,
            -0.017826339446729143,
            -0.24787370595444186,
            0.6050289995122009,
            0.33054479271539955,
            -0.03897666426945684,
            0.5215473431101375,
            -0.26728329415527563,
            0.2505510431047087,
            -0.34304467330650174,
            -0.5716005016019523,
            0.32789007003963216,
            -0.16578956135734996,
            0.19255098539167004,
            -0.754403535871249,
            0.049251438449332545,
            -0.25361813765056546,
            0.48332831453472636,
            -0.2517287672820571,
            0.5040242837767913,
            -0.5142058772495619,
            0.11858113867820394,
            -0.34165158084270825,
            0.1084794042818222,
            -0.08028308312754116,
            -0.22815952805933878,
            -0.5622889951674837,
            0.3842035439714017,
            -0.13359790535148017,
            0.19550197023282417,
            -0.051617151235820946,
            -0.3097328366693454,
            -0.34994427583781007,
            -0.2203795260603933,
            -0.6953082397793738,
            -0.4874886440048544
        ],
        [
            0.2547270372022958,
            -0.03930036160965932,
            0.7529756117325764,
            1.0710935328764501,
            0.21621792443070345,
            -0.29049565181754244,
            -0.06147602160001831,
            0.06400921833278839,
            0.028939348480830324,
            0.9311186027421705,
            -0.17458732411619204,
            -0.2112811327026369,
            -0.028897312855068413,
            0.30352102477061804,
            0.4381573243599393,
            -0.26182446094165657,
            0.25276614527919844,
            -0.23989107192068282,
            0.052940488655585746,
            -0.3243807009353797,
            -0.1225328795341499,
            0.1871983620756953,
            -0.2557960765894312,
            0.16139967843570058,
            -0.08545655079080099,
            0.026883957655935584,
            0.06622577829691453,
            -0.511090044767795,
            0.11137886390288891,
            -0.5982735830487939,
            -0.30757957360661126,
            -0.04821938707028361,
            -0.289299268448891,
            -0.05766376667878376,
            0.07944369346101203,
            -0.023866439331350867,
            0.9921630075440903,
            0.018810780467114777,
            -0.020210338227964104,
            -0.5230797885739689,
            0.3458252858143156,
            0.2435422395471218,
            0.28702075585545456,
            0.22255572293399906,
            -0.1753926175530262,
            1.1201935344564944,
            -0.27179962373175903,
            0.4883496972151352,
            0.08319224411515008,
            -0.4853182570166,
            0.9113109138157902,
            -0.27313840842315623,
            -0.13865707952994866,
            0.2834900814938537,
            0.9079970269883317,
            -0.009647353788514265,
            -0.019256954977410652,
            0.35992248007307936,
            0.05063072618967365,
            0.014123882870570698,
            0.004286584069647077,
            0.002953831864274137,
            0.3405711810557469,
            -0.146203643566361,
            0.03629102169178609,
            -0.4963188347796582,
            -0.07558364577402218,
            0.6433897263652598,
            0.2118221105834698,
            0.02316883675078075,
            0.380299193800869,
            0.3342027678106695,
            0.36516264550256405,
            -0.06449830529728759,
            -0.06195409779399714,
            -0.0697684036449539,
            0.3080450387617442,
            0.6790125961648178,
            0.026942304499407717,
            0.4733257935116796,
            -0.026335179430263526,
            0.39660431172338506,
            0.10157912970388225,
            0.06195627116295663,
            0.04725087182034363,
            0.3350718801620127,
            0.16049393111728,
            0.35661033523647384,
            -0.3027710152320806,
            -0.1363377133561249,
            -0.3611283839042118,
            0.2013970538618539,
            -0.016640473927942986,
            -0.24956537244847113,
            0.4417722101526216,
            -0.23656068968535726,
            -0.12603758967300213,
            0.11423666024787361,
            -0.5746573086475771,
            0.0362015851882137
        ],
        [
            0.531274846687597,
            0.45053359698422274,
            0.2875175970919768,
            0.21621792443070345,
            1.1624366891987663,
            -0.22052701531567026,
            0.6544691029866261,
            -0.3648118248904981,
            0.05478429827335145,
            0.490227530263454,
            -0.2734852188081594,
            -0.6329142504036849,
            0.08769279274473181,
            0.09495977614087447,
            0.2689139078685826,
            -0.17975556370081522,
            0.7479780508031335,
            -0.18838964509323924,
            -0.22859218450146493,
            0.0007702867329463997,
            -0.10616853430601103,
            -0.08649675058431941,
            -0.35414001469617384,
            -0.36521617072157364,
            -0.7723684141747893,
            -0.33905177188502555,
            0.11294133450928631,
            -0.7069267662479193,
            0.13729661065247664,
            -0.3833661068427086,
            -0.20881182101179593,
            0.2254515113875957,
            -0.000494380068491379,
            0.11654750598236042,
            0.5415323038699406,
            -0.0421683646630936,
            0.3562883937731814,
            -0.2643575522725491,
            0.4591880024900384,
            -0.470684737108424,
            0.22192564825106692,
            -0.5501445420716001,
            -0.15280003903077777,
            0.09807812176119023,
            0.582527180778256,
            0.39986109470189285,
            -0.18367688060318052,
            0.4833966448476473,
            -0.14614772074754748,
            -0.05231859242556315,
            0.6236430825034975,
            0.07192277692526682,
            0.5341344003163063,
            0.1446764368125663,
            0.20989066269782258,
            -0.37668413288366465,
            0.017901367695015373,
            -0.33923172632752374,
            0.10364247738992642,
            -0.44486252867576853,
            -0.20971633011653004,
            -0.5608970200010329,
            -0.26749138468585865,
            -0.20443454639569766,
            0.00017427045625732665,
            -0.233509593994653,
            0.06127998752433605,
            0.30878318044231384,
            0.138903367851985,
            0.5235967645736729,
            0.12233358999805047,
            -0.3528555696969365,
            0.45251115994586133,
            -0.3692018852079831,
            0.042828989899891076,
            0.4291744197707876,
            0.3080571909101193,
            0.5168808333173429,
            0.028590754297565607,
            0.09519102551347057,
            -0.40902014196235964,
            0.7406528854936852,
            0.3197740587190369,
            -0.14587203364214454,
            -0.2139133028416746,
            0.0628858908837906,
            0.2781933197297636,
            0.12018560845925567,
            0.061466817336802,
            0.16958199386657574,
            0.3042917677842645,
            0.2668821758196895,
            -0.35152915014036684,
            -0.19795497147641763,
            -0.5115390096791188,
            -0.17519801828566114,
            0.520421581009794,
            -0.13210658549285223,
            -0.27471766820739607,
            0.0405048983509699
        ],
        [
            -0.5729483769512962,
            0.2790324405714122,
            0.28650267524666484,
            -0.29049565181754244,
            -0.22052701531567026,
            1.5190262640259493,
            -0.5042367863575712,
            -0.8778718094224253,
            -0.17283718537642578,
            0.12994246738550416,
            0.23012044119861771,
            -0.4951616823499477,
            -0.7081416825755507,
            -1.0104781416745687,
            -0.17731160294367926,
            -0.5025811565565764,
            -0.22761791193770745,
            0.19804047352020165,
            0.6141488076897222,
            0.20682599092745105,
            -0.988536636571976,
            -0.9499598206413946,
            0.06367257998733464,
            -0.8638754127159152,
            0.6026332331241322,
            -0.8718526640987683,
            0.17269084347192382,
            1.0136587373229873,
            0.09048657385633706,
            0.03078748878740371,
            -0.4991460960502155,
            0.7435607936175208,
            0.4086193615855549,
            0.060441045282707564,
            -0.7694846040482174,
            -0.06159574946030779,
            -0.21399421515678935,
            0.8268163969019549,
            -0.9350846779189879,
            -0.07730627417989289,
            0.523051200400174,
            -0.22668372779388835,
            0.014580378421584312,
            0.7249480765751263,
            0.01196230168660602,
            -0.27668513019289426,
            0.22083257735995038,
            -0.7048536374380359,
            -0.7714342309508743,
            0.4553078602808492,
            -0.742778627100958,
            -0.8129777954980222,
            -0.02207965347609997,
            -0.4592911035857658,
            -0.8170645450816462,
            -0.8673529078531405,
            -0.4765688655661578,
            0.06780886896650115,
            -0.6679193840483869,
            -0.30569815756321916,
            0.7784647606447457,
            -0.7498243627321992,
            -0.15510937274428846,
            -0.5098686692692015,
            -0.4737746281547154,
            0.533883190215527,
            -0.14428791270233285,
            -0.2877930951284469,
            0.12389594758772866,
            -0.45113394552904396,
            0.30108948078965575,
            -0.650232044320276,
            -0.5877844166225862,
            -0.16024107667152002,
            -0.9836688778517667,
            0.18565455554515198,
            -1.0427637018828726,
            -1.0032851814518748,
            -0.9451856912792923,
            -0.9008122490375177,
            -0.20361635748887894,
            -0.5437563291622685,
            -0.19899996261810815,
            0.5810909887254455,
            -0.513592593975408,
            -0.16622303330839577,
            -0.8465474733950467,
            -0.6251241401456181,
            0.18295435888457937,
            -0.5417352492131186,
            -0.2381262767648413,
            0.08392870258132543,
            -0.1726264489309818,
            0.3884571481704341,
            -0.6002435940033786,
            -0.09339820387206314,
            -0.6655043099804324,
            -0.20427455634051908,
            -0.1973201885750373,
            -0.6172106388357723
        ],
        [
            0.4999063596130358,
            0.0006632945995543948,
            -0.15487922423986644,
            -0.06147602160001831,
            0.6544691029866261,
            -0.5042367863575712,
            1.0359071633021815,
            -0.03640861569051852,
            0.14345158880274222,
            -0.15862045055616011,
            -0.4185105354332301,
            -0.16302510040981866,
            0.2117588047156421,
            0.19571028021224776,
            -0.11665213103560038,
            -0.024237372955762268,
            0.702570089848774,
            -0.23308976826159047,
            -0.38489805522994375,
            -0.08829039172979167,
            0.1759250713662326,
            0.2002878231288735,
            -0.2672306442288015,
            -0.07667194229075246,
            -0.4284678716168751,
            0.09379613190556113,
            -0.1274479695182621,
            -0.6411334257724931,
            0.16450684449691635,
            0.009554651598563828,
            0.344806887088588,
            -0.5193490225896873,
            -0.0018175116874475546,
            -0.008339796640012016,
            0.7058455153644965,
            0.13127113788444764,
            -0.13082721146479284,
            -0.539846613516189,
            0.5010354428613137,
            0.010401540625824858,
            -0.1525450782960369,
            -0.4053923206493706,
            -0.37518521995149606,
            -0.46110667650955545,
            0.897729729268901,
            -0.010086095240104252,
            -0.13907023509594965,
            0.504280802713123,
            0.11546235339674561,
            -0.09762908259284445,
            0.5813280958694662,
            0.4208132339055829,
            0.4476477533582402,
            0.2003710683084472,
            0.024717081117763537,
            -0.03716330016160441,
            0.14312017680963915,
            -0.4465753932400659,
            0.06844635741688197,
            -0.4160763672521857,
            -0.7473616648691529,
            -0.04956689189310117,
            -0.04466498815729869,
            0.049904127502608,
            0.07183681745683387,
            -0.14226799744982732,
            0.126758412167254,
            0.3313604822038141,
            -0.18087636109201044,
            0.6994253628214973,
            -0.3920485126917595,
            -0.2413609654580654,
            0.534150062270248,
            -0.48709022552848336,
            0.29145957037937786,
            0.1935978135298184,
            0.3858877244850495,
            0.3862833538543687,
            0.28883663166034723,
            0.3389267564014395,
            -0.05482548458157458,
            0.5846748335586167,
            0.26486502692967206,
            -0.18680823226448168,
            0.21623038184204463,
            -0.024382292487387283,
            0.1980391343110688,
            0.1823141004416427,
            0.1581977015420511,
            0.10025292245901436,
            0.3949790083287628,
            0.09135791592222683,
            -0.0559467920180301,
            -0.005673617679754396,
            -0.33553606384730783,
            -0.03053333016983881,
            0.6225769266435168,
            0.0565986878898307,
            -0.03235632710293427,
            0.19627789581055236
        ],
        [
            0.4159773938647893,
            -0.6968778948208744,
            -0.6743862807958929,
            0.06400921833278839,
            -0.3648118248904981,
            -0.8778718094224253,
            -0.03640861569051852,
            1.448274115681934,
            -0.24081784851546845,
            -0.6457578046575142,
            0.2074119612332781,
            1.0498342349198397,
            0.6584664110351718,
            1.0092407684543434,
            0.08456315887417237,
            0.8545798580036285,
            -0.39800860181305925,
            -0.18535533020508527,
            -0.639816648239976,
            -0.3476935023020856,
            1.2026723984493994,
            1.1257478924400295,
            -0.12569756305981974,
            1.0331646172122508,
            -0.06373509713084707,
            1.2755854596195553,
            -0.49411198553215435,
            -0.4103758127814777,
            -0.04238310271071656,
            -0.19167704733382823,
            0.5283654771044336,
            -0.6850519799051945,
            -0.6078604966034912,
            -0.3109348773463527,
            0.5009033163886536,
            -0.41023046891496967,
            -0.08066450634325109,
            -0.7681514205785207,
            0.5206624085045328,
            0.4699480749702475,
            -0.673729700871418,
            0.16600825400741123,
            0.0020467840127568627,
            -0.8608090417416674,
            0.03520791625447615,
            -0.0744783360740171,
            -0.1596447323050866,
            0.20475920168518222,
            0.7823025647886722,
            -0.5955070328758106,
            0.2644093611254381,
            0.9142194560894203,
            -0.3668477358892736,
            0.15204944102990156,
            0.6374851020014922,
            1.3089341718470022,
            0.2482382245425594,
            -0.06734000243008487,
            0.5754115500248493,
            0.6443352912399297,
            -0.6707999978651855,
            1.282952180246306,
            -0.08221764860105012,
            0.6093539823878429,
            0.6775456019684382,
            -0.13678993660953398,
            0.3419109508753707,
            -0.03479733661545008,
            -0.2592341022141473,
            0.4827488385591292,
            -0.28016971051223233,
            1.0927014697683004,
            0.2723896083580496,
            0.6291756287233351,
            0.7130356328748777,
            -0.34262807155582864,
            0.9057575119068181,
            0.5861271523359567,
            0.8546081257536452,
            0.9181164549297831,
            0.44211374968819933,
            -0.020333017285543077,
            0.044395319113877,
            -0.7126065611991614,
            0.6289096877039756,
            0.3385808596604293,
            0.7238277281181512,
            0.2026431255796639,
            -0.494569014174335,
            0.5648327695008164,
            0.3008347844730904,
            -0.15567939518549695,
            0.2528147401736415,
            -0.35808205401388704,
            0.7214427048304193,
            0.10908532600328191,
            0.06864381590544098,
            0.31078674469980916,
            0.3238197699461054,
            0.7490704202618895
        ],
        [
            -0.23757923889724006,
            0.19199393439716925,
            0.15209126388532976,
            0.028939348480830324,
            0.05478429827335145,
            -0.17283718537642578,
            0.14345158880274222,
            -0.24081784851546845,
            0.5534823954431843,
            0.15504184364780288,
            0.11873387299579125,
            -0.1755927529819248,
            0.02391478062632556,
            -0.0766826619990371,
            -0.018838352468879098,
            -0.4226332445858378,
            0.11525788428796943,
            0.17086212878705548,
            0.2683080845074951,
            0.15533881424789922,
            -0.16727156036851584,
            -0.2411384242186832,
            0.3588857127526472,
            -0.22596145843672144,
            0.24028125804695344,
            -0.09524106092809932,
            0.25545528709457027,
            -0.07909101379067242,
            0.03825727747781574,
            0.2130430805174713,
            -0.11560266650536773,
            -0.0544629004179485,
            0.11455349395888556,
            0.06008558027743625,
            -0.15821101899136722,
            0.5315469032050893,
            0.13709852963934163,
            0.15255344912159605,
            -0.2596540752402732,
            -0.15487045321334347,
            0.20004542436192388,
            -0.046641122703867006,
            0.14899786996303344,
            0.3302427116103004,
            0.2323560079607258,
            -0.0637672848558664,
            0.04288058134659041,
            0.002054867102515572,
            -0.06741096708279544,
            -0.08669461303306454,
            0.08657727736661376,
            -0.1907543388923975,
            0.0007743407644010763,
            0.1493002031591701,
            0.1044639125340111,
            -0.1353849785540122,
            -0.06181325711946932,
            0.043886331964126134,
            0.10571261424399671,
            0.05836409220428556,
            0.007466033940361615,
            -0.11687568189195696,
            0.11387669204919183,
            0.2655377908262663,
            -0.13011895379833435,
            -0.14969117022335504,
            -0.031478153370888065,
            -0.0603433319688614,
            0.09579252954178685,
            -0.18322938689502138,
            0.06328913467531354,
            -0.2642973754043235,
            -0.18093247612215954,
            -0.013202949091763803,
            -0.20536507735742782,
            -0.02792720388438898,
            -0.2249900850045778,
            -0.03154567875402087,
            -0.06838933110770334,
            -0.1631159264021752,
            -0.3490552234474347,
            -0.09242176810264205,
            -0.08680811521756157,
            0.19393610487749285,
            -0.1369619438232774,
            -0.043386307986063403,
            -0.15562490154143405,
            0.158606708092583,
            0.2582933338101432,
            -0.18759014820920938,
            -0.15973166358441326,
            -0.29453943730290055,
            -0.08505661576086429,
            0.02640669983379204,
            -0.06148777522693544,
            -0.3488982908927681,
            0.22575426809603524,
            -0.04982153864605023,
            0.020471122840322577,
            -0.06645082362498227
        ],
        [
            0.1341643979950417,
            0.6833221325814659,
            1.3410071884886094,
            0.9311186027421705,
            0.490227530263454,
            0.12994246738550416,
            -0.15862045055616011,
            -0.6457578046575142,
            0.15504184364780288,
            1.62770014350904,
            -0.17042366647693716,
            -0.8795349446352673,
            -0.39717083901716305,
            -0.12703906497347614,
            0.5138962394351896,
            -1.0601377875286624,
            0.5836975038492599,
            -0.4195846441994798,
            0.2654868968649413,
            -0.0012338396810096927,
            -0.7430618176157404,
            -0.43748065981044215,
            -0.19409444529855988,
            -0.4148315365610173,
            -0.13201158756944414,
            -0.6278182134924063,
            0.5345260860016249,
            -0.45653721670416053,
            0.015056184110873554,
            -0.3724931783142646,
            -0.6842218644899155,
            0.5926296153308607,
            0.10537791783986579,
            0.19368944411977665,
            -0.016211076515888226,
            0.26513984393327467,
            1.400043047810042,
            0.32456738012740616,
            -0.18376237186257535,
            -0.3974332037656779,
            0.6420680420346582,
            0.23843123307264635,
            0.23699323598937266,
            0.8672350301028048,
            -0.27995314946421523,
            1.5048338613962278,
            -0.11646427479705584,
            0.39267582855790406,
            -0.4391175504684657,
            -0.21031009912188417,
            1.0108095817877323,
            -0.7439423079996649,
            0.15616748845594236,
            0.30539642402579703,
            0.6884502105055449,
            -0.6864109159144673,
            -0.2643930097958901,
            0.32317346858847695,
            -0.30032095697792793,
            -0.38019913233468544,
            0.39031618393032963,
            -0.5427648235104482,
            0.09729699253891774,
            -0.6310959900286554,
            -0.20928806454693638,
            -0.4441933928009623,
            -0.186177072687782,
            0.9028138229534052,
            0.5315606796274673,
            0.05779943019298756,
            0.6392949506363788,
            -0.04551971712611496,
            0.2792605738743229,
            -0.2275149400887601,
            -0.38347220974600965,
            -0.10446620775733864,
            0.084082824910038,
            0.5689461589921345,
            -0.6403297609879745,
            0.20686927486071602,
            -0.4399241182638312,
            0.6418602777401776,
            -0.3848105795576879,
            0.2149218695963189,
            -0.6079560666700984,
            0.41573817032337895,
            -0.20776252787475744,
            0.39189548442435157,
            0.018528823415458546,
            -0.38921474790031124,
            -0.40596407089283576,
            0.28166853561159866,
            -0.25921274949778134,
            -0.06888328395505455,
            0.19735479439948325,
            -0.6665039317512297,
            -0.1511102737519447,
            -0.21894343308272957,
            -0.7648833558652145,
            -0.3236906816111979
        ],
        [
            -0.3432433433265905,
            0.03978583679554474,
            -0.3108298067307171,
            -0.17458732411619204,
            -0.2734852188081594,
            0.23012044119861771,
            -0.4185105354332301,
            0.2074119612332781,
            0.11873387299579125,
            -0.17042366647693716,
            0.8165672262314934,
            0.22068292651444135,
            0.22206028480972137,
            0.3015709426748607,
            0.20610197253465154,
            -0.07915873700611124,
            -0.36756718314863873,
            -0.12754751884022195,
            0.13174262284918603,
            -0.020783386292362472,
            0.11332673585427981,
            0.08816556344885879,
            0.6417260437040054,
            -0.036645834082248835,
            0.3271175442822953,
            0.2810584418932902,
            0.03955451960073582,
            -0.008091152662076943,
            -0.16124772620695021,
            -0.20898685419770174,
            -0.16843097187638056,
            0.07581849594918741,
            -0.22070474550642816,
            -0.15239271661233045,
            -0.19881515800460456,
            0.14034330328480715,
            0.14728608214224406,
            0.1041786705811289,
            -0.26585363408712026,
            0.09714882228846217,
            0.07230465056682558,
            -0.18443531894769533,
            0.3003594820223926,
            0.25466956308248756,
            -0.39302992146014876,
            -0.26014889796868546,
            0.10727225940421344,
            -0.5149708691364604,
            -0.14390838628190578,
            -0.14707897283245153,
            -0.35856669827990806,
            0.07096481926453044,
            -0.20705912063674778,
            -0.062446874613822985,
            0.03783657092455318,
            0.2601325771580097,
            0.05853654908879383,
            0.12122406349637867,
            0.35937121036269914,
            0.45545142637146885,
            0.025741328531858555,
            0.3329163639507645,
            -0.2389287538285453,
            0.5462047431793899,
            0.036640519696418836,
            0.11671499151948898,
            0.2483917513577002,
            -0.20817137873177372,
            0.09400711714383378,
            -0.20966790275032082,
            0.309663757073993,
            0.02149797850778851,
            -0.46860751639336673,
            0.6602206867247636,
            -0.1661244334285171,
            -0.47425078934555714,
            -0.038181167246569045,
            0.08649765120759012,
            0.22973470429671175,
            -0.12870057138291494,
            -0.3036580418504214,
            -0.41637668968068436,
            0.09118982607342144,
            -0.17770092995821746,
            0.017709269676327914,
            0.006607218960374042,
            0.11463804790302831,
            -0.09253223731305901,
            -0.036358422362099754,
            0.014872000262168042,
            0.2495963345167282,
            -0.12366049606012969,
            -0.1862077183918073,
            -0.20825025212023696,
            0.19891692377219475,
            -0.3899983367171521,
            0.10605150685182266,
            -0.3066699002299293,
            0.4969829405399408,
            0.2178472448132016
        ],
        [
            0.019729200030671874,
            -0.8003088851448839,
            -0.7627130911416738,
            -0.2112811327026369,
            -0.6329142504036849,
            -0.4951616823499477,
            -0.16302510040981866,
            1.0498342349198397,
            -0.1755927529819248,
            -0.8795349446352673,
            0.22068292651444135,
            1.2185654475278764,
            0.5014213966030403,
            0.6112246989131046,
            -0.11425638130240467,
            0.6307652448670449,
            -0.4189327298327408,
            0.28774594317806845,
            -0.4244874857312541,
            -0.28035783446473456,
            1.0239717003032671,
            0.9223956267880637,
            0.27623622276280696,
            0.9380072015708055,
            0.2724832794762506,
            1.0051300102174696,
            -0.5172000269266261,
            -0.035200547279278176,
            -0.20769843570024515,
            -0.03150879043607553,
            0.5961260942365435,
            -0.7285055764376276,
            -0.34007638783732286,
            -0.2794061144200648,
            0.20352588902297408,
            -0.15631804391932413,
            -0.45592569297649943,
            -0.4894027645702719,
            0.28933209614688293,
            0.2230718103430582,
            -0.6638066498214034,
            0.23520858486113333,
            0.06814451025822181,
            -0.792135414554247,
            -0.04492093587829468,
            -0.42567242286938,
            -0.04464948282836672,
            -0.03870400005485787,
            0.6709599076516597,
            -0.25322475203503614,
            -0.16655526696005035,
            0.7312805403675993,
            -0.3169954001397129,
            -0.006900957968644889,
            0.08715141735265627,
            1.0769711946300804,
            0.2900585747144149,
            0.07851015016602765,
            0.39540621605231435,
            0.6561975460504422,
            -0.4321143192375652,
            0.9475024597733614,
            0.22517257444440703,
            0.7449309535211339,
            0.44182167233150227,
            0.15095497078026235,
            0.16111508696341467,
            -0.3086701723226599,
            -0.34869433051616094,
            0.12672034760060547,
            -0.28308014363907347,
            0.8564976183107919,
            0.058139096969856544,
            0.4312234391094566,
            0.6653652728625077,
            -0.15638865057253423,
            0.4387322895122782,
            0.17556987687047876,
            0.690394071222426,
            0.4803462172650909,
            0.33503233054590564,
            -0.3293346070364078,
            0.2623800429065134,
            -0.44330486204437664,
            0.7320536334165647,
            0.0198801082498502,
            0.44225663622161443,
            0.14160008762201823,
            -0.3527638678341868,
            0.3319874996636961,
            0.2488179157936447,
            0.1313590048593901,
            0.331164995988504,
            -0.19617638715621266,
            0.6395501426946868,
            0.37087796275462936,
            0.09715399346190312,
            0.5526627976171363,
            0.6315830767243596,
            0.49423561445418895
        ],
        [
            0.2602544468703236,
            -0.3021615430682404,
