{
    "pos": [
        [
            0.8085245232624545,
            0.08990647962533888,
            0.6010107797551174,
            -0.031031237687487653,
            0.13578147985033434,
            0.14505521853472741,
            -0.2881864360782192,
            -0.16425293219313192,
            -0.1393395658732865,
            -0.27823507344554,
            -0.08731163119193314,
            0.4269080028615817,
            0.5241990006232655,
            -0.12666385322675583,
            -0.03680627924678668,
            -0.1855531538023865,
            0.09716313510164898,
            0.11610991396405869,
            0.13478424306147185,
            0.0554610818924328,
            -0.15862819504657288,
            0.2081050672658194,
            0.3117248999790986,
            0.1480379448605999,
            -0.1714238342222898,
            0.1211644297082163,
            -0.05366677660166155,
            0.12061482855751327,
            0.020194746610106874,
            -0.02504517576483387,
            -0.2925563920392711,
            0.08667707906388435,
            -0.1394890076399622,
            -0.17714332584184936,
            0.08493275538156123,
            -0.2316779662121671,
            -0.37128467834646706,
            -0.2095675115723375,
            -0.1262733361692273,
            -0.19836956658709093,
            0.13909010923372683,
            -0.2105752149725159,
            -0.07519402258095167,
            0.30693778727649135,
            -0.11391229914072759,
            0.2487007844451422,
            0.42094568479122985,
            0.02909914113056456,
            -0.0811762408245041,
            -0.26613222220027005,
            0.022265061886114754,
            -0.23535507078670104,
            -0.09395861303087269,
            -0.05412877213151383,
            0.3196954360679278,
            -0.28303192076349204,
            -0.19927755487572135,
            -0.05638663709626232,
            0.25048981831010675,
            0.19178379251174932,
            -0.17867753015417434,
            0.17153168041164082,
            -0.24162427656944263,
            0.19645959751885192,
            -0.13935587897927695,
            -0.025202528311748587,
            -0.19584644819639901,
            0.07078106473616716,
            -0.3270840700383343,
            -0.26912796988794785,
            -0.24244160522774844,
            -0.1807810250042732,
            0.24265852800962323,
            -0.2378666062295604,
            -0.17694710670281844,
            -0.22223794695506496,
            0.08991197126013929,
            -0.1999766779461122,
            0.15204715312093953,
            -0.365687000690497,
            -0.3127269512190695,
            -0.00694721423835076,
            -0.20468293419521388,
            0.10127527673349648,
            -0.17665527375544954,
            -0.03034531414640184,
            -0.3030298046873383,
            -0.3366369454057736,
            0.1759929922742404,
            -0.26369329561987453,
            -0.35861809212509393,
            0.08076294144972801,
            -0.036751421181033646,
            -0.19348347285512316,
            0.36415210564913747,
            -0.11951312460486085,
            -0.049819938874936354,
            0.28859416755344947,
            -0.2128378615649243,
            0.1281317475286975
        ],
        [
            0.08990647962533888,
            0.6976239354310821,
            -0.25620007284199664,
            -0.32874019874265115,
            0.2968855426217079,
            0.04129501560520124,
            -0.5751744486069055,
            -0.4014161087298227,
            -0.33918783406742953,
            -0.3730520641327804,
            -0.3833173519322191,
            -0.23291157425277578,
            0.06683689121899043,
            0.5143933639283274,
            -0.06201103366092879,
            -0.39476695715187443,
            -0.3167203333209351,
            0.34093111696383077,
            0.08642125002340541,
            0.05503948524630662,
            -0.45803041841413356,
            0.007318344500818777,
            0.7417541689467734,
            -0.17051134533122503,
            -0.14977457498102714,
            -0.27018818443022136,
            0.07277463664360062,
            -0.3598428547928202,
            0.19122217156282575,
            0.006297310099528057,
            -0.4019604120558393,
            -0.025270314054934365,
            -0.3051766549819792,
            -0.39875548862712507,
            0.20574403518536888,
            -0.27252192790486984,
            0.05051215003689433,
            -0.4945498368438626,
            -0.32645376280859306,
            0.16075432915846943,
            -0.07545577808747816,
            -0.5685577303807735,
            -0.47445065700374245,
            0.28991406184471713,
            -0.21265279285792388,
            0.3950959098725724,
            -0.1789024805414396,
            -0.2946914835538007,
            -0.17672790304903807,
            -0.055997148665297244,
            0.2753685946833505,
            -0.3909702795644866,
            -0.2778841038611394,
            -0.10547710405137092,
            0.41419917791060634,
            -0.1444483928268657,
            -0.2682055174906761,
            0.15653771088272378,
            -0.21931349412901338,
            0.20163723609712947,
            -0.33586608692957626,
            0.2724605839866265,
            -0.6402039317268431,
            0.49780045572492565,
            -0.41737197382001906,
            -0.2567806825797323,
            -0.30494016669976065,
            0.005239107239365858,
            -0.35102745266332636,
            -0.16967940978404106,
            -0.3501463895626853,
            -0.34756371944660236,
            0.09746725842468595,
            -0.04193907904330203,
            0.3990571125446945,
            -0.21758254771060181,
            0.2136165596103447,
            -0.3930750340082645,
            -0.20278793645026622,
            -0.43308161570873815,
            -0.5364597209223809,
            -0.03873323831644369,
            -0.4296037656006087,
            -0.36871401212609367,
            0.08431184500948918,
            -0.07893054859155703,
            -0.31621269264282914,
            -0.4975526115236437,
            -0.32597110890504405,
            -0.19382295804273336,
            -0.21107552361936813,
            0.29660792610278797,
            -0.1715466882900425,
            -0.3279131659655783,
            0.07129908821085962,
            0.2669679690660089,
            -0.10148607633429718,
            0.20071632632084782,
            -0.3927610659322376,
            -0.2515085352035418
        ],
        [
            0.6010107797551174,
            -0.25620007284199664,
            1.4158134416536887,
            0.6802198187452915,
            -0.4625313643694672,
            0.26928360146745606,
            0.10494742766848278,
            0.3396697723125635,
            0.18718269617021788,
            0.04494164319941529,
            0.37174974122324234,
            0.414457958564985,
            0.3736791753847868,
            -0.4982573154722354,
            0.13931882792487624,
            0.1511492150531032,
            0.32450706933665774,
            -0.23139265995954417,
            -0.1599599711752538,
            0.10802362688211697,
            0.2005715514379013,
            0.3548783607532612,
            -0.6130124079135275,
            0.44981957552746976,
            0.10427208162687787,
            0.19919302193518296,
            -0.11228976839457025,
            0.6007344033795934,
            0.019981156484536106,
            0.28339799423748047,
            -0.18255992001800336,
            0.25356936183249157,
            0.07037458008715751,
            -0.028762876116675447,
            -0.5139663273877285,
            0.0014923333020832154,
            -0.3939256238697238,
            0.11173689024851971,
            0.13724730608807711,
            -0.25691546125653886,
            0.34111773127816636,
            0.12105038550208364,
            0.5748008531392723,
            -0.13741054553594304,
            0.09473865580738153,
            -0.07131653303184632,
            0.06326500079911099,
            0.5770629858876176,
            0.23108868947823424,
            0.05244288171031215,
            -0.1280393503501506,
            -0.007352348176557709,
            0.38516738591420285,
            0.4448587666801588,
            -0.3194914357670463,
            0.03822015097584162,
            -0.040767881944788656,
            -0.2098964027759274,
            0.340259901113998,
            0.044134978494343426,
            0.17511206654995748,
            -0.05657461216572164,
            0.24518906600459223,
            -0.5405605267573543,
            0.1555677580297515,
            0.11978055851792319,
            -0.221828026689898,
            -0.08125630449418478,
            -0.10074857095354167,
            -0.4064469092714861,
            0.16383967515104203,
            0.04466058958056044,
            0.420388504984741,
            -0.4631452152950695,
            -0.5009194496686029,
            -0.09122723411338232,
            0.10196324493604593,
            0.15218708125397545,
            0.5144373426991595,
            -0.4361400576627873,
            0.17981673698176953,
            0.2534515192856224,
            0.23718861369689861,
            0.6100461200057603,
            -0.37494922565034955,
            0.13996138539531028,
            -0.014094179313446864,
            -0.06285563850314957,
            0.45977286309737897,
            0.13865448446331097,
            0.07411505218032483,
            0.06082318714697142,
            0.2455400784226754,
            0.1426100060256379,
            0.6631811006201922,
            -0.32012922873865396,
            0.10104552559637398,
            0.07376746147583257,
            0.1091192041612454,
            0.377022503415389
        ],
        [
            -0.031031237687487653,
            -0.32874019874265115,
            0.6802198187452915,
            2.017863867369121,
            -0.6173608182288812,
            -0.34544909565933024,
            0.5802273783905045,
            0.7709257320585998,
            0.581821877807879,
            0.43742724987722714,
            0.29819907533880347,
            0.6627740047635704,
            -0.1627525072883369,
            -0.41700431730583254,
            0.6296197586476288,
            0.6516757765803516,
            -0.057569682847075046,
            -0.49305475344054417,
            -0.08924857271529585,
            -0.08356320940162588,
            0.5615123509604483,
            0.19875576844034593,
            -1.041146029725669,
            0.291852417039397,
            0.5881495586053993,
            0.044644441763380005,
            0.03279835759822647,
            0.4886442514266316,
            -0.262886604610327,
            0.2510315825496892,
            0.209332382459953,
            0.14856603763059295,
            0.6158200411289687,
            0.3646283933535527,
            -0.7425780316461614,
            0.42782747901929935,
            0.04875985019059938,
            0.47826642967622984,
            0.5413372779282364,
            -0.2874055342799395,
            0.14419072038772018,
            0.4684219005926529,
            0.8309011767872185,
            -0.4593100873574971,
            0.07740547961461297,
            0.0010412359724272585,
            -0.3477297818594324,
            0.6505825663658795,
            0.262318969384453,
            0.4240703315063554,
            -0.18742813111395432,
            0.23982420378064728,
            0.7533929612413302,
            0.8751640817263989,
            -0.4831745713745945,
            0.3596183253548367,
            0.2989119819703324,
            -0.16629413379700242,
            0.11181982027455009,
            -0.3423567676768238,
            0.7220713701531543,
            -0.5684159447288194,
            0.9270867345993048,
            -1.0253794888995995,
            0.1551432323184851,
            0.16726966738152182,
            -0.05968430260778782,
            -0.19527190345528894,
            0.4944979137950794,
            -0.25300488024181655,
            0.3661187824447105,
            0.3460447276005652,
            -0.4923055309209759,
            -0.2451056711796626,
            -0.6013709365409488,
            -0.06287185431153602,
            0.22833761038633074,
            0.5615691674214671,
            0.391816712916872,
            -0.08853913552786807,
            0.5907497449293233,
            0.406369677013229,
            0.8620839909100307,
            0.8050148497486963,
            -0.24942377311534702,
            0.1896540785043166,
            0.3202933771070659,
            0.4238036107767698,
            0.30459899047275973,
            0.32921542085120026,
            0.4031041946965648,
            -0.14006578746843262,
            0.3395629990180875,
            0.329592667390958,
            0.34475197221427245,
            -0.20599964403829446,
            0.02081563881897942,
            -0.33460514705234246,
            0.6340092444803107,
            1.0180502457036265
        ],
        [
            0.13578147985033434,
            0.2968855426217079,
            -0.4625313643694672,
            -0.6173608182288812,
            1.9979068546259378,
            0.4850444536163486,
            -0.1608820054749353,
            -0.6652582623452269,
            -0.4080916556726573,
            -0.48519607416382005,
            -0.4560437617137848,
            -0.17866752993027504,
            0.8876607482086342,
            0.4352701832629363,
            -0.012360683241865542,
            -0.5070428514529939,
            0.05720844908060273,
            0.8892825998784475,
            0.14239171608689732,
            -0.06280886939163458,
            -0.47561905797737297,
            -0.32872836893784896,
            1.1693825120460026,
            -0.5622912001651571,
            -0.3423967858471043,
            -0.1644880302946785,
            0.02708014722136929,
            -0.19089345347067901,
            -0.024233977336598267,
            -0.17857464519184574,
            -0.3412686015342187,
            -0.038981355939829175,
            -0.5448598440010852,
            -0.4662671272304685,
            0.36905940882228455,
            -0.627457578221803,
            -0.05154100255555633,
            -0.6134074800927312,
            -0.3997530935756157,
            0.3749601828441012,
            -0.03908820123411087,
            -0.5613759940107872,
            -0.7507034416297929,
            0.28949988992578674,
            -0.313358347620297,
            0.13708473575364738,
            0.1916975724637239,
            -0.5267577989328125,
            -0.5128995689797272,
            -0.46818462870318145,
            -0.0016736950083958645,
            -0.31833821089207365,
            -0.6346341253401732,
            -0.852624023435252,
            0.6221735966778539,
            -0.6142368015353431,
            -0.113138267320857,
            0.16462968916372933,
            -0.10387735327583086,
            0.07554937960297488,
            -0.6963639790353091,
            0.5534358761151741,
            -0.513554081060663,
            0.956579988528975,
            -0.5859397424433146,
            -0.32868483529820525,
            -0.025838405301641332,
            0.0742362900381783,
            -0.23188282311039493,
            -0.18849350766122358,
            -0.30296504159731186,
            -0.6919345647171662,
            -0.19937247185189494,
            0.9088258086150974,
            0.037556994923694915,
            -0.15087605203435314,
            -0.003376576633954064,
            -0.41896685331390393,
            -0.635411985421607,
            -0.28967021074733784,
            -0.7987975058805579,
            -0.5124164149364967,
            -0.6584373608923058,
            -0.4919639775754493,
            -0.20612309440547874,
            -0.08188418886593707,
            -0.2395413925020976,
            -0.6823061808011861,
            -0.4765932588988443,
            0.06593614703665544,
            -0.5680364997660412,
            -0.03551023720151868,
            -0.24777811569895958,
            -0.3353151407606857,
            -0.3848144666208483,
            -0.015470862238138386,
            0.11634279302797064,
            0.386444614550302,
            -0.7064446410036243,
            -0.583699749939649
        ],
        [
            0.14505521853472741,
            0.04129501560520124,
            0.26928360146745606,
            -0.34544909565933024,
            0.4850444536163486,
            0.7524030533840228,
            -0.27755515472919007,
            -0.3928076390828981,
            -0.36982511701973847,
            -0.38676020634869307,
            -0.14448768392790023,
            -0.17872868324133667,
            0.7345474886960549,
            0.040367073413776315,
            -0.026938200779479202,
            -0.4521254833380629,
            0.18753624707559857,
            0.23861844372113297,
            0.08543998671021359,
            0.06742837509834242,
            -0.34011180859875045,
            0.3773643843682608,
            0.21634511099727252,
            -0.0872702223357194,
            -0.44236698682668285,
            -0.12605423904006197,
            -0.12220325777822236,
            0.18619953881680457,
            0.06563004088661792,
            -0.233152948657137,
            -0.29150798836853153,
            0.020128533817619854,
            -0.5011457584133402,
            -0.39405694483557085,
            0.00818200941217771,
            -0.3699220545092823,
            -0.22240370708848328,
            -0.2573864322686291,
            -0.31640752234823527,
            0.15798217271041562,
            0.22454049961598813,
            -0.25857560511506994,
            -0.43569132637564956,
            0.2088329854919908,
            -0.14734696796758182,
            -0.15510412835863324,
            0.22874862581893454,
            -0.14625397038071633,
            -0.11996150096004417,
            -0.4022602197901457,
            0.0936807159343368,
            -0.27416634480179214,
            -0.22570406058653592,
            -0.36432544684742363,
            0.1022207469698313,
            -0.3511463946410226,
            0.1252201741702057,
            0.05858124069449992,
            0.14845383353629626,
            0.2900113085496021,
            -0.4682288273287467,
            0.6443594513657324,
            -0.41028438303101633,
            0.5001129288370544,
            -0.13525254274297926,
            -0.2555292550688292,
            0.05450481352484877,
            -0.01357441494805025,
            -0.37854079317962874,
            -0.09588977720034421,
            -0.1949514787704008,
            -0.470163465469391,
            0.31190610841524824,
            -0.034901549246932506,
            -0.37343224726007773,
            0.190122898171866,
            -0.24391692358455652,
            -0.2297437666401726,
            -0.06463903974795296,
            -0.3429097546365062,
            -0.40212625226899595,
            -0.3958219363758404,
            -0.4868347850329343,
            -0.22961318750290943,
            -0.07749190784479143,
            -0.0940293022599455,
            -0.13489139620227847,
            -0.5409072275210923,
            -0.04466938094780937,
            -0.08456434143636728,
            -0.2984047670666511,
            -0.07452266589485071,
            -0.035146853269892045,
            0.06884434976956849,
            0.14643561943782862,
            0.14220581021501755,
            0.13842853527851362,
            0.24713623779757243,
            -0.4115765668413443,
            -0.326873910298743
        ],
        [
            -0.2881864360782192,
            -0.5751744486069055,
            0.10494742766848278,
            0.5802273783905045,
            -0.1608820054749353,
            -0.27755515472919007,
            1.3134839618542742,
            0.5099713895517772,
            0.627485581518405,
            0.5817827142678627,
            0.2553718648302933,
            0.07647468443282102,
            -0.07357018362491324,
            -0.49485442535269186,
            0.21290483086674544,
            0.8367698436887274,
            0.17951235016088765,
            -0.3665125179444695,
            -0.43232444316476837,
            -0.07110852062342003,
            0.6194140217809043,
            -0.48972819620231034,
            -0.7979229408435834,
            0.180918667055068,
            0.4269757101653895,
            0.3910450077721322,
            0.21974259840283777,
            0.5973812963499169,
            -0.2734900108850687,
            0.03404628117919086,
            0.5478971023463592,
            0.07089582896517499,
            0.24372334854093514,
            0.4040386248362802,
            -0.5525089339168885,
            0.3981702007111828,
            0.14366121342099536,
            0.2602781959246128,
            0.5885334981613886,
            -0.24980304346984383,
            -0.12198054725318716,
            0.4131325057707719,
            0.7674823683296248,
            -0.46181036235784634,
            -0.09996491317732716,
            -0.41232281701816575,
            0.02153219963852275,
            0.06173231424650377,
            -0.03993418635261789,
            0.4086841580092079,
            -0.38383346106213373,
            0.685167074471956,
            0.1091109809649741,
            0.19619650145461492,
            -0.48970786298551383,
            0.39686357209540324,
            0.0020413857241657557,
            -0.28411831011799576,
            0.18536292880307342,
            -0.18546721590233017,
            0.5905109521813855,
            -0.6393206919374979,
            0.8749247589851987,
            -0.6815212847875904,
            0.33234321144706175,
            0.4817133080415961,
            0.18778868152004807,
            -0.028800362551815756,
            0.7891783443417748,
            0.011775830721197717,
            0.6601703753187175,
            0.34852432550925455,
            -0.2587334687040802,
            0.3405319119491631,
            -0.3908384230932802,
            -0.1439995042582639,
            -0.06954370021929271,
            0.5957113990593479,
            -0.2382315276151933,
            0.3364810650130645,
            0.4945895532539494,
            0.09674422891403978,
            0.7573598009880889,
            0.12124624323561498,
            -0.10774595912278942,
            0.23890061741839924,
            0.5360155001145062,
            0.6341033952320446,
            0.4557324494223498,
            0.5503156650447298,
            0.3710803200956214,
            -0.1479374112822463,
            0.22334177511985692,
            0.2853091107818523,
            -0.1958911242149956,
            -0.3447602574706552,
            0.028604362523653826,
            -0.32769791002300175,
            0.4680121731631997,
            0.1678445433129765
        ],
        [
            -0.16425293219313192,
            -0.4014161087298227,
            0.3396697723125635,
            0.7709257320585998,
            -0.6652582623452269,
            -0.3928076390828981,
            0.5099713895517772,
            0.9558350943831966,
            0.6100253197221687,
            0.6504551659584639,
            0.7184501338819531,
            -0.0714190774268683,
            -0.5254129349189429,
            -0.31183327485438767,
            0.03854741771137781,
            0.6725306174663681,
            -0.03670485931658518,
            -0.40058429716055677,
            -0.02864248753972951,
            -0.01642585583586935,
            0.7824713632407417,
            -0.0830180452251554,
            -1.0296042035985111,
            0.09095800745430488,
            0.6345836137966028,
            0.06662250504095545,
            0.09413833655806382,
            0.0728880221740216,
            -0.08264258427096323,
            0.46310398110102735,
            0.5293862827704354,
            0.19654715570148446,
            0.7740957775436038,
            0.649071905939092,
            -0.4539201241044505,
            0.5975961475755585,
            0.007755007629099587,
            0.6231772116123049,
            0.5121199051496386,
            -0.24844996077114806,
            -0.1179183231022324,
            0.7053521594957505,
            0.8090422130139304,
            -0.4063385126294181,
            0.40407390424834044,
            -0.16986022683742785,
            -0.36226991413951054,
            0.6645797692086635,
            0.4677135596310087,
            0.7397539810799243,
            -0.1423624732556646,
            0.4720007049429609,
            0.623797628465425,
            0.5783509579471805,
            -0.6158462022847108,
            0.3687989228514191,
            0.07150347898740061,
            -0.24864458077939122,
            -0.14139247105876432,
            -0.20693213773028502,
            0.7563887883760764,
            -0.7149675765732547,
            0.8672057293462025,
            -1.065093270986023,
            0.5663395724181176,
            0.46095171182326367,
            0.10339588495009272,
            -0.11073473165264575,
            0.4330225320247512,
            0.2689944534683827,
            0.38080446375421056,
            0.7866132700280029,
            -0.2568728955782704,
            -0.18035554311717542,
            -0.09876402154415048,
            -0.2682185688587667,
            0.10115527238791128,
            0.5454429501078307,
            0.5521653501214422,
            0.5315310361754642,
            0.9354778428576596,
            0.6158955043656096,
            0.7467580705244397,
            0.8211333698408408,
            -0.12400968268104536,
            0.12759340695571492,
            0.3326496592093633,
            0.8757071801393207,
            0.4036902580948668,
            0.24055099344720543,
            0.5890622508135255,
            0.13505447886092875,
            0.2669264106131517,
            0.13885000240774412,
            0.05919281651211743,
            -0.229342941634492,
            -0.2545597960707996,
            -0.42046832279128005,
            0.6985503384291466,
            0.5537017771440587
        ],
        [
            -0.1393395658732865,
            -0.33918783406742953,
            0.18718269617021788,
            0.581821877807879,
            -0.4080916556726573,
            -0.36982511701973847,
            0.627485581518405,
            0.6100253197221687,
            0.8123172930919342,
            0.4960176346841965,
            0.29113312392236307,
            0.12148011143061156,
            -0.35592168954105496,
            -0.041369985632021926,
            -0.05002165201641466,
            0.7665954878146231,
            -0.16437067695558605,
            -0.3203612801837126,
            -0.16383782535398844,
            -0.031220568605540223,
            0.5195007811298105,
            -0.40329385103610244,
            -0.7404512558343388,
            0.041205360392810836,
            0.565287731721714,
            0.13022092560311432,
            0.33387623025450963,
            0.34297498007151234,
            -0.15109269611712148,
            0.3448545027731942,
            0.39582511952062294,
            0.22620955352078967,
            0.4664765371506786,
            0.4596022538644263,
            -0.31951215351863116,
            0.5229619508560879,
            0.06968328464565321,
            0.19265937836450858,
            0.577923784159364,
            -0.2737919606161251,
            -0.13711401728999784,
            0.2697451019588344,
            0.5348303656559112,
            -0.44778426659419895,
            0.02823724924698997,
            0.1132308474634004,
            0.04435873782434197,
            0.24066222325804598,
            0.05747608045904907,
            0.41590179257089666,
            -0.2223367876664265,
            0.5074863410113792,
            0.2649376633162225,
            0.4784143550743272,
            -0.5041465078401269,
            0.41078635675924363,
            0.033830516907873136,
            -0.0953574500875905,
            0.038921689199900314,
            -0.20495520657459346,
            0.6829598632780344,
            -0.6856525762459721,
            0.6700233716211242,
            -0.7579894369609251,
            0.203153643450846,
            0.49625973356153197,
            -0.09832435679482812,
            -0.1254170691268859,
            0.6751667616197308,
            -0.05687517838672043,
            0.36344290834424586,
            0.5645939519817712,
            -0.4351106524678497,
            0.5860535742891375,
            -0.25883751271784744,
            -0.17841851902694372,
            0.12276603540306014,
            0.4549016139897655,
            0.10365973778204607,
            0.1776323007219493,
            0.48892932996189314,
            0.37777448183632667,
            0.8090102565487984,
            0.3103503830003125,
            -0.19566120969635975,
            0.10446834521509402,
            0.33420697974017216,
            0.6383403737633903,
            0.45220383425440464,
            0.20259409766538142,
            0.44477898802302734,
            -0.1651563852723692,
            0.20448620914871152,
            0.27192625687211985,
            -0.1537550495325742,
            -0.5170511604617077,
            -0.30931868004953145,
            -0.23411660921258898,
            0.40324687755095084,
            0.5088341563555979
        ],
        [
            -0.27823507344554,
            -0.3730520641327804,
            0.04494164319941529,
            0.43742724987722714,
            -0.48519607416382005,
            -0.38676020634869307,
            0.5817827142678627,
            0.6504551659584639,
            0.4960176346841965,
            0.9348368024460443,
            0.5220705608179632,
            -0.1977880882085078,
            -0.48290947996486666,
            -0.2862090375655579,
            0.1288144184529564,
            0.6218654081029813,
            0.07870013525937931,
            -0.277771451158654,
            -0.3168449916461332,
            -0.04177923024425984,
            0.6398327064599043,
            -0.2784232614198289,
            -0.7548115239152092,
            0.16974589851440816,
            0.6098085682627408,
            0.23935859166665874,
            0.25867307115293914,
            -0.020469532258112523,
            -0.20215801930130253,
            0.205838588719359,
            0.4066578687752914,
            -0.047231254545649505,
            0.6029969349711195,
            0.5790801986203628,
            -0.30741123975206264,
            0.5580554101902144,
            0.3431698733990137,
            0.4475714587241431,
            0.34920806207260935,
            -0.2860524710029192,
            -0.17696443982739643,
            0.5534714628346589,
            0.460802658607731,
            -0.3283673867864808,
            0.4013851472513999,
            0.06271372947847367,
            -0.2566378952755442,
            0.5487237543010347,
            0.4578481777680218,
            0.4986148055182066,
            -0.23515441861209324,
            0.2637580200199135,
            0.43344037295949134,
            0.3386836392029695,
            -0.5627852123078498,
            0.2712988839432987,
            -0.006833180401399333,
            -0.10573954671038582,
            -0.2574404450948844,
            -0.09783150488955195,
            0.6068876598392584,
            -0.518021709907084,
            0.6675000219140306,
            -0.7073315519474824,
            0.49940745204925513,
            0.34873543953296227,
            0.07519698767841414,
            -0.14541969001789415,
            0.3593413146887404,
            0.03702427447928097,
            0.32810886543415885,
            0.5202164113754291,
            -0.3250602775484349,
            -0.09589200230519052,
            -0.0069554394087985895,
            -0.18226963967114906,
            0.23934326895054314,
            0.4933819725308722,
            0.2349553060412372,
            0.4746000411108249,
            0.745710536748157,
            0.5727818371807545,
            0.547162805872011,
            0.6630543629125829,
            -0.007466856615735226,
            0.146174951193244,
            0.41563692766699517,
            0.7997788604363019,
            0.2865524482906244,
            0.26154560154100015,
            0.5367585802961654,
            -0.18253760736044589,
            0.27046683260260745,
            0.12270137488330746,
            -0.07348819530671027,
            -0.3061555106801447,
            -0.1484809736235234,
            -0.328700202993774,
            0.6681045791272346,
            0.2954288809837885
        ],
        [
            -0.08731163119193314,
            -0.3833173519322191,
            0.37174974122324234,
            0.29819907533880347,
            -0.4560437617137848,
            -0.14448768392790023,
            0.2553718648302933,
            0.7184501338819531,
            0.29113312392236307,
            0.5220705608179632,
            0.9262038143276075,
            -0.16483283017632783,
            -0.47047530856851566,
            -0.2860601618199927,
            -0.16252737565665748,
            0.4194265476093453,
            0.10651432122683864,
            -0.24652053851473765,
            -0.05960778697848979,
            0.002221680938453891,
            0.7300972901313827,
            0.10332528879817728,
            -0.7225443355264286,
            0.07740851691191775,
            0.40560380249436123,
            0.042771433688935864,
            0.0049117176360021966,
            -0.08704259464684999,
            0.09630238351941958,
            0.5673442896343084,
            0.23919956069808804,
            0.21898282214421755,
            0.6517739400004879,
            0.38051884828316607,
            -0.1622364846699031,
            0.31233287910723473,
            -0.177578125453463,
            0.5155011403846717,
            0.21865578395407903,
            -0.17162195038465605,
            -0.0038300919456662717,
            0.6324858474500396,
            0.6098001249088734,
            -0.26503416523728857,
            0.544208409938259,
            -0.09872978735393373,
            -0.2437818249057862,
            0.8407087968584427,
            0.5785297870008695,
            0.49870233184795676,
            -0.04529191022268611,
            0.31477308352641375,
            0.7071460537581218,
            0.2435374381869269,
            -0.48929906130829004,
            0.2123267233365186,
            0.009437386976566427,
            -0.15520410550000635,
            -0.15902031917751774,
            -0.09697414171977417,
            0.45427038828930844,
            -0.47835626873767134,
            0.6916747908963883,
            -0.7433230722692645,
            0.44304165208416896,
            0.20004979923660055,
            0.034166210558689694,
            -0.03595896936543228,
            0.0794512080192335,
            0.21804744986417185,
            0.28562693281713775,
            0.5832345153821132,
            0.06918987029886126,
            -0.40635685021752926,
            0.032231846707793804,
            -0.16371107754308079,
            0.06925856965638211,
            0.3890869621135502,
            0.7342533633562642,
            0.4385824874992335,
            0.8158396058761912,
            0.5746225163953435,
            0.40963377462855527,
            1.0377962958443394,
            -0.07998297779395183,
            0.11876653025756931,
            0.11789840977175933,
            0.504714538735955,
            0.22560928383290868,
            0.23624456494962748,
            0.43841571273473956,
            0.22432051392595287,
            0.19475329859059223,
            -0.05850077792507054,
            0.1242114044244653,
            -0.1670606844263584,
            -0.15771856875843362,
            -0.32107914652791514,
            0.39044742959247813,
            0.24990129844824918
        ],
        [
            0.4269080028615817,
            -0.23291157425277578,
            0.414457958564985,
            0.6627740047635704,
            -0.17866752993027504,
            -0.17872868324133667,
            0.07647468443282102,
            -0.0714190774268683,
            0.12148011143061156,
            -0.1977880882085078,
            -0.16483283017632783,
            1.1746783388978104,
            -0.08076240237534221,
            -0.21631306982372195,
            0.24311633475190603,
            0.1790324578143964,
            0.20758789487225351,
            -0.2781347978802683,
            0.24748915619190842,
            -0.10232356864687575,
            -0.14812303891942982,
            0.308201129086205,
            0.013166310435829987,
            0.28887218304155393,
            -0.0961327639355017,
            0.13931542490323118,
            -0.06183061300330761,
            0.2950564345650415,
            -0.1785042241517835,
            0.004399631768236784,
            -0.15892462870910185,
            0.07937465910392189,
            0.1088079478022725,
            -0.08604483674068486,
            0.2506690034310653,
            -0.13936737810408117,
            -0.35375316038977644,
            0.05505679723986953,
            0.17283757257029425,
            -0.053974602134544476,
            0.165092884353313,
            -0.0321696579772644,
            0.14309452608090575,
            0.0014812152350350976,
            -0.16940205137066972,
            0.05159524257191551,
            0.6478254684637231,
            -0.005781626393498635,
            -0.24462958445007466,
            -0.27720397160234866,
            -0.03825972671781033,
            0.01891637481217274,
            0.05919203745357819,
            0.05104296888374893,
            0.13455626453072445,
            0.04059855255458242,
            0.035634427697715826,
            0.18983336139406254,
            0.34140169704922063,
            -0.31524008417077487,
            0.0750958984932967,
            -0.28639011820603166,
            0.18738759478831718,
            -0.049324218151429816,
            -0.3188359792911582,
            -0.06109392074783813,
            -0.006314937302429714,
            0.09455940897458678,
            0.03884929915988695,
            -0.12187946147686676,
            -0.06022262656697132,
            -0.018249225767571417,
            -0.1316831961906681,
            0.014951368453274253,
            -0.3093181204920659,
            0.32953474323369475,
            -0.07281754552766823,
            0.021550501430181185,
            0.06323970774131735,
            -0.26149795159813427,
            -0.13405499006312413,
            -0.08471165279714221,
            0.2134947899848671,
            0.15787849163721385,
            0.01029877614280324,
            0.030533333035712033,
            -0.180251310216322,
            -0.1721102004901407,
            0.12951067414526063,
            -0.17472275739050386,
            -0.15917486013717508,
            -0.24172373913819659,
            0.004479698078752999,
            -0.12597179639766112,
            0.16113167486156446,
            -0.08971241544361426,
            0.10112747766345517,
            0.07726076236633903,
            -0.01914591226761327,
            0.4164264442694864
        ],
        [
            0.5241990006232655,
            0.06683689121899043,
            0.3736791753847868,
