{
    "pos": [
        [
            0.8763205582019202,
            0.22494184639226075,
            0.02646091797432788,
            0.3442339370472266,
            0.10514767291801135,
            0.42289281921792526,
            0.4049993959002261,
            -0.13460390950878512,
            0.47466670862030674,
            0.11655373743837938,
            0.06837567251228653,
            -0.03070458133613244,
            0.3171067479152737,
            -0.07246338437533151,
            0.17261213909265877,
            0.17100741061665178,
            0.010028397392655429,
            -0.25581848813950364,
            -0.357175651037037,
            -0.30343336174888036,
            0.38407416102335007,
            0.22252019714533355,
            -0.15791122400361385,
            0.33829025639513094,
            0.24897907716040946,
            -0.2506909408981846,
            0.25707713850091535,
            -0.08134088887569801,
            -0.09257922487616457,
            0.25920603278641885,
            0.23369290632482273,
            -0.08739187719762172,
            0.48849459005401047,
            0.31308765012466966,
            -0.13160719698479148,
            -0.10274672361703013,
            0.4254173896673046,
            0.3748505308656482,
            0.053558674760743746,
            -0.3896100529342668,
            0.17557975612535529,
            -0.06653022485779622,
            -0.05705519629276381,
            0.057899584617405776,
            0.5759490770070895,
            0.3364298627304131,
            0.2621269818435903,
            -0.206883038584801,
            -0.21214920152516242,
            0.22370790706574764,
            0.36041252060679224,
            0.015433315566581436,
            0.36344976932902145,
            0.5100118612105337,
            0.1063644703412628,
            -0.2535994680993955,
            0.3967319124001672,
            -0.11946310539782647,
            0.002201259672492888,
            0.3458595845754149,
            -0.008890215421495873,
            -0.19344982914621855,
            0.29359851553559524,
            0.10543117032210031,
            0.21348528055800767,
            -0.03960111684281388,
            0.021538977652188835,
            0.3231230323098252,
            0.09963195816163169,
            0.14769198603424216,
            -0.207327528594723,
            -0.15902443169857175,
            -0.01959273797972349,
            0.04100229175096611,
            0.13128157155233197,
            -0.16041313309878646,
            -0.15115143459241068,
            -0.10804624812426328,
            0.30327857751788995,
            0.32232694867307904,
            0.6300299104541237,
            -0.4074811439962732,
            0.2255280668931126,
            -0.09041727754345152,
            0.21825512037278008,
            0.5300285752214968,
            0.14300058462176435,
            0.31222312857827444,
            0.2980426050409831,
            0.05511955999823506,
            -0.26693369588591914,
            0.5262753328863953,
            0.23477336590905687,
            0.39157669353834795,
            -0.21504667542647463,
            -0.01635893994860872,
            0.28630427718058515,
            0.4207491744365364,
            0.1845774543425864,
            0.1534809916648655
        ],
        [
            0.22494184639226075,
            0.7103483884472886,
            0.02680662499502331,
            -0.11290918706203205,
            0.006003730210574429,
            0.3816394842640678,
            -0.03963303825926821,
            -0.6402745063921683,
            0.4412105989640523,
            -0.03437805955696406,
            0.3911701132775429,
            0.7099426397647357,
            0.00939217014857181,
            -0.1517826590507195,
            0.5426685721820709,
            0.4157592844075139,
            -0.33336742557786303,
            -0.26616808060077424,
            -0.2388876995550283,
            -0.2707780013781231,
            -0.08842903805235694,
            0.41023108638909034,
            -0.3085049857877833,
            0.41912048894953896,
            0.7064869148142024,
            -0.06997589899535055,
            0.6201448397216127,
            0.41161615919249894,
            -0.2809642721919465,
            0.4008654906611784,
            0.3125727716284215,
            -0.34861158831484446,
            0.07506759480429562,
            0.6437375486606784,
            0.14480864248001107,
            0.10567293787528631,
            0.1473519331534772,
            0.5557350224276965,
            0.5197610989150898,
            0.23364270294031564,
            0.6636512811288229,
            -0.12441791450751281,
            0.01643114151422819,
            0.13469556548833522,
            0.3798006114811363,
            0.3150047068932559,
            0.3680441251796425,
            -0.2679253746131706,
            -0.3698090654093179,
            0.5830240292594256,
            0.626111350612996,
            0.033623791156300153,
            -0.1895144883579913,
            0.7083261689486788,
            0.0013469709978174657,
            -0.1926770459981187,
            0.09245663617256736,
            0.18992023753133208,
            -0.2250044004022144,
            0.5848986346104726,
            -0.26062759442074473,
            -0.33989780905171074,
            0.31250116015614526,
            -0.32120931046630197,
            0.23490788673800453,
            0.6572611772254592,
            -0.19129455400192327,
            0.5577516435246633,
            0.46927394374695003,
            0.30978314081977254,
            -0.05094635204323914,
            0.28669119743693117,
            -0.3184723370881078,
            -0.17969701301319294,
            -0.47628651066184724,
            0.15446388036048586,
            0.22880510994632036,
            -0.4360322208045004,
            0.3631113449799836,
            0.284484364987892,
            0.31079155490079047,
            -0.09506848947079176,
            0.5739411403219287,
            -0.02109493016684571,
            0.2014257859332534,
            0.6642262520794396,
            -0.24347220986582463,
            0.5577404701877006,
            0.06956326542948861,
            -0.29109587229092987,
            -0.2019778725267604,
            0.34542373666836707,
            0.5810149631264834,
            0.4407197612545576,
            0.17800307184713535,
            -0.09192211449213694,
            0.7168896908543555,
            0.03169621951228557,
            0.14141883653153134,
            0.377563562013137
        ],
        [
            0.02646091797432788,
            0.02680662499502331,
            0.6370339280848473,
            -0.31752424136528046,
            -0.04001579042846816,
            -0.14381303568632908,
            -0.3509223906889316,
            -0.06303584925623552,
            -0.0034519280074630154,
            -0.047554087894080645,
            0.0570170245973409,
            -0.07989177437980109,
            -0.19564674250281336,
            -0.15166686205025734,
            -0.03276910523358656,
            0.005215528153036742,
            -0.3723040736357892,
            0.22652724073677427,
            0.32794748973074767,
            0.23173055902183698,
            0.10980719007918882,
            -0.007268733641780534,
            -0.003273537843282887,
            0.05522594510901832,
            -0.1518039985375411,
            -0.4368305487778449,
            -0.025376870674595074,
            0.1691451639532566,
            -0.17858390415939915,
            0.24104638084758953,
            0.14503943158284766,
            -0.13488759592148147,
            -0.25259232302481915,
            -0.13993755829417984,
            0.032228677120699496,
            0.15134524868053661,
            0.016621072040149565,
            -0.04505716768889788,
            -0.1324397956894561,
            -0.14393562743409852,
            0.09725932064882802,
            -0.11056846490439172,
            -0.0861219488886787,
            -0.23590792721534634,
            0.0809977605685898,
            0.1132505862385097,
            -0.06484565214926716,
            0.14979712534530415,
            -0.0024361784715947995,
            0.04968582083244187,
            0.0007471613439904322,
            -0.0016296890140916258,
            0.16626292007677163,
            -0.32786987949515933,
            0.2601694812389133,
            0.15205982628046522,
            -0.3800411698310964,
            -0.5001280529283084,
            -0.18906302261609056,
            0.1227452298278901,
            -0.1651151473589241,
            0.08264702342581491,
            -0.018394951629609746,
            -0.34294333425093904,
            -0.3085553300836041,
            0.029445151626780287,
            0.0063285426905262425,
            -0.07625886540573457,
            -0.27938477077237145,
            -0.09118936204819938,
            -0.11820455385718286,
            -0.30264416438217107,
            0.3259413860003258,
            0.3466032353134582,
            -0.13992673706730216,
            -0.07295804190286448,
            -0.11302926498083195,
            0.0012404140724123214,
            -0.042052723131612416,
            -0.07654135041457268,
            -0.18237862278021474,
            0.2063529957617433,
            -0.1159177279670597,
            -0.15270352356783423,
            -0.30512708127627636,
            -0.008498095607754743,
            -0.16484354478051455,
            -0.16621882328471407,
            -0.4526824490312398,
            -0.05963313245742517,
            0.08880253891014785,
            0.01726874053752346,
            0.024943192398695038,
            -0.19224534924929354,
            0.15629779000580984,
            -0.04148192006599926,
            0.024379914904356027,
            -0.28080917173114267,
            -0.36120469636302815,
            -0.16112812663421097
        ],
        [
            0.3442339370472266,
            -0.11290918706203205,
            -0.31752424136528046,
            1.4097947977180503,
            0.7397553917697385,
            0.8445596818375317,
            0.8957251601455026,
            0.013342370054550402,
            0.4994817717838183,
            -0.14441451972477062,
            -0.08245976358353428,
            -0.030772149303121332,
            0.4860178315166504,
            0.5072893736740255,
            0.08661348828158726,
            0.3426664649053921,
            0.9177890253116634,
            -0.5230708424883465,
            -0.4860497221040541,
            -0.11282902025913653,
            -0.12345171349845999,
            0.11784738431612177,
            -0.17594309600870098,
            0.2542505125179758,
            0.028778827425368518,
            0.18694847878930224,
            0.021137459541133913,
            -0.15976953274214095,
            0.052499406824842845,
            0.0456273405120707,
            0.2465233389894299,
            0.8472850233233927,
            1.1978208353760855,
            0.21244494374481945,
            -0.08813079594209342,
            -0.4003921286300965,
            0.7961961646541447,
            -0.033657085020858374,
            0.17169107487415453,
            -0.15449293989755133,
            -0.11216349301353523,
            0.4803505064528291,
            -0.12318655426442274,
            0.8079253125134048,
            0.49533738818366513,
            0.4302732949087791,
            0.4836813259355734,
            -0.4232353877568523,
            -0.022768298252151514,
            -0.02673601873725669,
            0.3363798267069292,
            0.17229996965600147,
            0.6302238378184762,
            0.16157108894888134,
            -0.4126157047194711,
            -0.37759226475803526,
            1.1778445277020297,
            0.08003125954879223,
            0.9003516969244281,
            -0.062376077452620325,
            0.8392927789477876,
            -0.4109046567648866,
            -0.2546761132492912,
            0.21207403231555602,
            0.8971794052903604,
            -0.392163757666542,
            0.39551323707125485,
            0.19830735030307964,
            0.64742845664836,
            0.22646917063072083,
            0.07109560638407772,
            -0.11504488516560173,
            -0.3701572728968386,
            0.35919234401244887,
            0.1950915619856188,
            0.011868069052308054,
            -0.4101466207037865,
            -0.32956341646840187,
            0.7127217709039232,
            0.703976276014511,
            0.6076815927304411,
            -0.2685632471135561,
            0.36786197696111195,
            0.22829723333241128,
            0.5637067186854667,
            0.5018478813950351,
            0.31863612892406573,
            0.29414881442453444,
            1.3309376666864305,
            -0.0415949082646627,
            -0.18115399100188392,
            0.683794394951212,
            -0.043391457797895085,
            0.6283235716782608,
            -0.32876234988268416,
            0.4775417006817235,
            -0.03904132319713606,
            1.1367555963845875,
            1.1005985464433201,
            0.11982790658477854
        ],
        [
            0.10514767291801135,
            0.006003730210574429,
            -0.04001579042846816,
            0.7397553917697385,
            1.6778113057456274,
            0.8025642727842304,
            0.8904071618171028,
            -0.40450232371193273,
            0.3573076760871848,
            -0.388830518719246,
            0.11506575970226657,
            0.5343861973999502,
            0.2816972877329368,
            0.47730116607192025,
            0.12959832103423546,
            0.3648916311964543,
            0.269556109056366,
            -0.2691612775179793,
            -0.5612306058096512,
            -0.26996562577921784,
            -0.4057601947168676,
            0.33349638803437964,
            -0.6035178275859339,
            0.21109269182952933,
            0.12396299408193524,
            -0.4795568862089752,
            0.1361145762261203,
            0.3161140469873335,
            -0.2086729151140772,
            0.3237604900825496,
            -0.20544262429207252,
            0.8606452771850496,
            1.0087598138815268,
            0.26170046062263247,
            0.026121079808615704,
            -0.2940290913331356,
            0.6916400769939488,
            0.13210457200524164,
            0.5721386516880275,
            1.0723750960979777,
            0.20257913682587084,
            0.412571590003101,
            -0.24413369281305708,
            1.1557242512180035,
            0.6316524796027523,
            0.45257198169066953,
            0.6754184376626611,
            -0.22463509723192956,
            0.058986312040434245,
            0.2769809599055364,
            0.2144619138324768,
            0.18359493819022724,
            0.6257681733775572,
            0.17627267578086828,
            -0.016167962868828205,
            -0.13665786867145616,
            0.7476688833584287,
            0.066595261663936,
            0.8241933661104508,
            0.21640704571521932,
            0.6311077027535736,
            -0.5157532626889547,
            -0.18455088916734852,
            -0.29480878227749685,
            0.4000256336787671,
            -0.3670413771513104,
            0.2957585706130885,
            0.341062895036912,
            0.5529868602759247,
            0.2162035275216003,
            -0.0010730776892917376,
            -0.1515146550680625,
            -0.15469386241984515,
            0.22060466182036373,
            -0.6020269652458913,
            0.7953133329470031,
            -0.3482469631641938,
            -0.3364891416003264,
            0.6366099717063656,
            0.9438592868620888,
            0.305115696190756,
            -0.12196126481086751,
            0.8039994401201487,
            0.08873341944883664,
            0.17028192416577498,
            0.4907103077657609,
            0.025485547311127038,
            0.15558673257523198,
            1.1234838431654752,
            -0.19692142547787433,
            -0.33920414813861205,
            0.7393226977363405,
            0.46257235867795454,
            0.48666573286688186,
            -0.38214695429396983,
            0.5468367898222233,
            0.1691691146708556,
            1.0151710729503023,
            0.48917048432890287,
            0.016163513634937694
        ],
        [
            0.42289281921792526,
            0.3816394842640678,
            -0.14381303568632908,
            0.8445596818375317,
            0.8025642727842304,
            1.1483613487627742,
            0.7328821796553187,
            -0.5885854561520313,
            0.6670394839774743,
            -0.14825136860979768,
            0.30849104928675836,
            0.6447187036335726,
            0.3099023888767667,
            0.3739327754373802,
            0.3341218292067239,
            0.525299137780952,
            0.29798423980123173,
            -0.6805875671494134,
            -0.5154377227508898,
            -0.33357936842387315,
            -0.1489295113396433,
            0.35151929751918964,
            -0.5563709554999832,
            0.4519168402181589,
            0.5479075259276381,
            -0.3359453277352893,
            0.5061411381307931,
            0.25611518064387656,
            -0.1388181531601973,
            0.46104441426350895,
            0.5561731583234822,
            0.4594283482755623,
            1.0751757345283866,
            0.6260034764127824,
            0.07104962144084631,
            -0.09316321252423046,
            0.7640739458344254,
            0.43299997554924863,
            0.5618383154671336,
            0.14240275031644686,
            0.3654985287223643,
            0.2861779986671297,
            -0.2103415134767601,
            0.826624178325306,
            0.6925442442840469,
            0.6350278746862367,
            0.6743849868023476,
            -0.4885082671379102,
            -0.33621841936438907,
            0.45321675805780504,
            0.6851682887397592,
            0.16978332920616462,
            0.4513452610038266,
            0.6975640608618398,
            -0.01770194101627612,
            -0.3186859171780928,
            0.9947906637958321,
            0.29080349073426587,
            0.5302363400742252,
            0.355077426523171,
            0.420271940166485,
            -0.6242822397472355,
            -0.018638783826012213,
            -0.2878624590235366,
            0.793669189902406,
            0.21926797361485148,
            0.12612065370914602,
            0.6124247240765449,
            0.8654069285253645,
            0.22703028665382233,
            -0.032227628591653,
            0.08650255906247917,
            -0.38178931534865407,
            0.214230955740099,
            -0.42870568907644446,
            0.12249946668792351,
            -0.16994113072390069,
            -0.5041593560880935,
            0.8922235117736954,
            0.9172998283420295,
            0.5380778863085163,
            -0.1813856746450972,
            0.829963708399022,
            0.33805471607299303,
            0.5670735264175586,
            0.8594262457008529,
            0.05210726880334574,
            0.5383992293889596,
            1.1157764356943296,
            -0.33528338286937603,
            -0.37539897509774967,
            0.7087317315440415,
            0.44523871587772645,
            0.8263620200597648,
            -0.011140837654144871,
            0.24045130309013585,
            0.4897527538908138,
            0.9469853766655557,
            0.9123567645713007,
            0.27642143851452167
        ],
        [
            0.4049993959002261,
            -0.03963303825926821,
            -0.3509223906889316,
            0.8957251601455026,
            0.8904071618171028,
            0.7328821796553187,
            1.448459961070349,
            -0.1650881451664257,
            0.2736985129819606,
            -0.03559142758134641,
            0.02960457003539769,
            0.2964708654480661,
            0.3728223589067303,
            0.42589435251642654,
            0.054293920181092185,
            0.21504251386237178,
            0.5271637054714985,
            -0.32746316310947293,
            -0.5909941246820367,
            -0.44771108563056794,
            -0.2685043061779036,
            0.28852274177505405,
            -0.3988650217840833,
            0.17755774327961546,
            0.24420885481132784,
            -0.1753519948852138,
            0.07202383951780465,
            0.012912139595596292,
            -0.002179311137153798,
            0.05233401060076304,
            -0.09580338845786836,
            0.5766396580545463,
            0.9959582225710795,
            0.30783884050948257,
            -0.08143756172750014,
            -0.28587473873623986,
            0.15501895816285782,
            0.35163303267739004,
            0.3905131728425892,
            0.1616710006590899,
            -0.0284757707694793,
            0.2558430213748851,
            0.07763238391280351,
            0.7857433548023955,
            0.39194462184547224,
            0.5975324596060069,
            0.43298267928014766,
            -0.3512227379652382,
            -0.21825225207868004,
            0.16844277186206716,
            0.15121211922856131,
            0.054668471889565314,
            0.25763205967344655,
            0.5085358842105481,
            -0.13954602584266698,
            -0.34049292303216344,
            0.7727083921459804,
            0.2835966621846573,
            0.6608173961762679,
            -0.011781949233152903,
            0.5906626270496764,
            -0.49202341920942055,
            -0.019177012223459154,
            -0.0822067642220311,
            0.3813314432929845,
            -0.3893307481500533,
            0.31832340995950276,
            0.5644205512201219,
            0.5299055877065667,
            0.22175406285356272,
            -0.017574216545209857,
            -0.003063983876058851,
            -0.17832914593532517,
            -0.32313426241838616,
            -0.13039964013021463,
            0.13136570300580888,
            -0.26035679767349373,
            -0.30347404527725547,
            0.6768530632220711,
            0.6939360944524298,
            0.5967466114534103,
            -0.3525279223981679,
            0.6809468823691838,
            0.20858662127300873,
            0.35563748970326536,
            0.4365687598776264,
            0.22371172080027427,
            0.3335267038019346,
            1.1094184079201725,
            -0.12302493129949121,
            -0.3082714705814036,
            0.552598566141587,
            0.29138534813485456,
            0.5987127008445785,
            -0.3919363283445769,
            0.37952802045857936,
            0.12172194455343424,
            1.326314754536793,
            0.6068403372606384,
            0.14260094103693702
        ],
        [
            -0.13460390950878512,
            -0.6402745063921683,
            -0.06303584925623552,
            0.013342370054550402,
            -0.40450232371193273,
            -0.5885854561520313,
            -0.1650881451664257,
            1.3684024154474332,
            -0.6219212787761654,
            0.46582719853474874,
            -0.48795116944115463,
            -0.8648932859455036,
            0.03335741355298261,
            -0.13046366968300263,
            -0.5075377408686631,
            -0.7139452102289946,
            0.10485184815146394,
            0.3501101187753842,
            0.3235681770274262,
            0.1498856987886203,
            -0.08290750579289159,
            -0.47180890865225855,
            0.6453790626915262,
            -0.5494492864254865,
            -0.7833255993185774,
            0.22201158468128146,
            -0.8111885458776424,
            -0.6169690027672464,
            0.518978710037203,
            -0.2994245724773316,
            -0.33242588826254593,
            0.04309434348357202,
            -0.49853091345529493,
            -0.8938078599085068,
            -0.2538678982060701,
            -0.3856142466559083,
            -0.4533103087075727,
            -0.4346255919534701,
            -0.8396778016017951,
            -0.34692790328151163,
            -0.6716991512237479,
            -0.06827298349633343,
            0.48766628833274867,
            -0.6015540876126214,
            -0.5853867585453322,
            -0.4737799062100696,
            -0.7322110456766343,
            0.6659584434063708,
            0.4489362043387329,
            -0.7477533425550459,
            -0.6495681891826344,
            -0.18936624248285683,
            0.07421946852277003,
            -0.7657711626664926,
            -0.12301081742998464,
            -0.030329369585676724,
            -0.42489492379882676,
            -0.3299777240192138,
            -0.0926324108382117,
            -0.6050077020853087,
            0.002375524469672964,
            0.48180882999928176,
            -0.32286496144858323,
            0.9939721943112446,
            -0.3125390999213141,
            -0.8912633499341839,
            0.1956435783931177,
            -0.6846380242811649,
            -0.8760274020101664,
            -0.21748627491084907,
            -0.05699003188586496,
            -0.4268058988438952,
            0.1823095583397448,
            -0.1853602685662201,
            1.097129259528565,
            -0.35762518718125647,
            -0.03148751977471054,
            0.32036937787253966,
            -0.49084682706755917,
            -0.7158161356095353,
            -0.3645972335444867,
            -0.08773836450140705,
            -0.7188431539685983,
            -0.28155259924111753,
            -0.22415637364504706,
            -0.8050146200101816,
            0.3163129023339716,
            -0.6639539111865185,
            -0.663427854127713,
            0.6014171931480433,
            0.29754979916214036,
            -0.7022016129693271,
            -0.8048481316652888,
            -0.7308521908226826,
            -0.3151361034099844,
            -0.07716111261420619,
            -0.7661827722848203,
            -0.24210332115138594,
            -0.3866036274299889,
            -0.511722654180576
        ],
        [
            0.47466670862030674,
            0.4412105989640523,
            -0.0034519280074630154,
            0.4994817717838183,
            0.3573076760871848,
            0.6670394839774743,
            0.2736985129819606,
            -0.6219212787761654,
            0.9625860997356949,
            -0.36063022741226697,
            0.37391232283444953,
            0.46323140410728725,
            0.26251457232366826,
            0.11625026633829637,
            0.4152305217165391,
            0.6166322872120031,
            0.18260912377542532,
            -0.30487863681926597,
            -0.5138309966277578,
            -0.23495164791462064,
            0.0961719669845672,
            0.415019122059875,
            -0.20630798487286825,
            0.5722295597616938,
            0.5424571941396659,
            -0.10195356626975811,
            0.6228399866749372,
            0.07901858970301724,
            -0.448868682859028,
            0.45331110945930475,
            0.13865983177434177,
            0.12657831977382158,
            0.7443489276293556,
            0.6924680185163603,
            0.005512258962632103,
            -0.268528113190147,
            0.8625326915609426,
            0.5116813103858633,
            0.3593086203259169,
            -0.17976567135947175,
            0.4935759978437351,
            0.021785960878295273,
            -0.24487842342815996,
            0.5227328112936386,
            0.7720139422907203,
            0.48964902249903836,
            0.55870595591727,
            -0.5535508520762853,
            -0.2073486977038542,
            0.5082526725087602,
            0.723463401936835,
            0.17509691276333048,
            0.29951882357858944,
            0.5210389383658585,
            -0.3646601873923304,
            -0.0979522705111471,
            0.6494401619886276,
            -0.16162417976283466,
            0.21371840439230222,
            0.6252907276312927,
            0.07559833906698235,
            -0.25462643953163605,
            0.3935366373479551,
            -0.31441292500114476,
            0.6562309256057709,
            0.38769157338851695,
            0.021170648893079107,
            0.6294434911957674,
            0.6951667117740574,
            0.4381576488064408,
            -0.06295974349271496,
            0.3465815117314498,
            -0.34902950536889615,
            0.3982922927213683,
            -0.3256622964409456,
            0.09092757100054827,
            -0.20213872663972712,
            -0.09795244343010584,
            0.4926433356164379,
            0.714571395742037,
            0.7622114509084413,
            -0.20293720002868057,
            0.4437048231469346,
            0.02146716700841313,
            0.4412766171698218,
            0.8508100490445007,
            -0.10759203321397338,
            0.6201063953639461,
            0.7547860981722097,
            -0.15916973166420897,
            -0.4114062803566454,
            0.8416217316276816,
            0.5465696837814717,
            0.762117738078957,
            0.19700876504718745,
            0.16933807317562902,
            0.5637236211439764,
            0.4818225348642705,
            0.6374749455971177,
            0.33854831322480267
        ],
        [
            0.11655373743837938,
            -0.03437805955696406,
            -0.047554087894080645,
            -0.14441451972477062,
            -0.388830518719246,
            -0.14825136860979768,
            -0.03559142758134641,
            0.46582719853474874,
            -0.36063022741226697,
            0.9093794580194917,
            -0.14684872749220457,
            -0.237859387065033,
            0.11153782106681576,
            -0.11640083260075587,
            -0.11649602676693518,
            -0.2613771678899832,
            -0.2643014386685724,
            -0.08376155954656761,
            -0.0606367566503019,
            -0.07409929155754336,
            0.040274083497151544,
            -0.23708489282168954,
            -0.023989548096008794,
            -0.21946997161032444,
            -0.12231092444974943,
            0.037930350628171995,
            -0.27336206666620233,
            -0.08123909164305965,
            0.45106259740984295,
            -0.0408645785412551,
            0.519343767485004,
            -0.2344670571439927,
            -0.3803494187325086,
            -0.3177920317746531,
            -0.016111860385897923,
            -0.0655502187415359,
            -0.5679034451215866,
            -0.04547499727234668,
            -0.12955782508953834,
            -0.304532933282146,
            -0.24819508098010395,
            -0.028558887469068296,
            0.4801857326246161,
            -0.38333741508424224,
            -0.2055927621981021,
            -0.21477577539681317,
            -0.3274148435161162,
            0.25332391165935464,
            0.12293305844905317,
            -0.15694158753891868,
            -0.09503746499698063,
            -0.14115037630037705,
            -0.0388174013291758,
            -0.2644046956412562,
            0.2371918611384911,
            -0.24901971519456526,
            -0.30869760092354986,
            0.23699551229953847,
            -0.25310444130368165,
            -0.172841324033155,
            0.011091493591103677,
            -0.21810841395914304,
            -0.1939937820593185,
            0.2318059370478669,
            -0.04173286604054642,
            -0.10503717963344249,
            -0.033733267978683174,
            -0.1468940928186318,
            -0.318248649261615,
            -0.20317800352468018,
            -0.012535217047760111,
            -0.5334863912363301,
            0.14839550345542019,
            -0.7109338666470567,
            0.45553685934994675,
            0.08344910617770758,
            0.10103237914111289,
            -0.0868379972521277,
            -0.07597529747082325,
            -0.487018235767451,
            -0.30722650550167535,
            -0.31677142993871427,
            0.031070423648449797,
            0.03875462935646412,
            -0.0076080896713716616,
            -0.3324906972886252,
            0.08851069687464694,
            -0.2182085944559493,
            -0.4637003049806424,
            0.17134893150092842,
            0.16246408474272547,
            -0.30180807164022044,
            -0.41409755724802516,
            -0.34003070793161444,
            -0.22938616907807774,
            -0.17964421207199996,
            -0.19429939469130356,
            -0.24247650491268513,
            -0.36895806356158745,
            -0.09892466860711309
        ],
        [
            0.06837567251228653,
            0.3911701132775429,
            0.0570170245973409,
            -0.08245976358353428,
            0.11506575970226657,
            0.30849104928675836,
            0.02960457003539769,
            -0.48795116944115463,
            0.37391232283444953,
            -0.14684872749220457,
            0.4937879502480607,
            0.5430238389063571,
            -0.026189377323534043,
            0.00994129152956116,
            0.30161524542261886,
            0.23980344326627215,
            -0.10837662971577365,
            -0.052357485185244655,
            -0.23481995527899216,
            -0.2005949605314093,
            -0.183887493877318,
            0.22462013125462943,
            -0.1629241338065282,
            0.31934241963514787,
            0.4726895276577298,
            -0.1274432264717181,
            0.40800270144432854,
            0.2583402272015757,
            -0.26829468015794156,
            0.3439795407630699,
            0.059229013169552404,
            -0.10580694154556092,
            0.12467963730883774,
            0.4681247098622013,
            0.13529127145372288,
            -0.01711072943880134,
            0.10635087648781982,
            0.4645760759287694,
            0.40891922845989254,
            0.30772759996805954,
            0.4633041703154233,
            -0.06711093170699586,
            -0.03799269846473106,
            0.2107965875244624,
            0.2751415216532723,
            0.1641192621241454,
            0.2692310623318951,
            -0.2088861633264286,
            -0.2466795047838091,
            0.4433059942944514,
            0.37912446392283217,
            0.07139478668376306,
            -0.12168396826444021,
            0.48279040782057203,
            0.030083938617780057,
            -0.036069906620251536,
            0.09393360210644826,
            0.08986536245069864,
            -0.0918786934857758,
            0.4065320123127499,
            -0.1479626675782073,
            -0.20621562180041883,
            0.1754055006214019,
            -0.3096685455159263,
            0.17210892586400858,
            0.503504857799212,
            -0.16814245256684263,
            0.41820635214246793,
            0.37266227366897553,
            0.21471407081535276,
            -0.03641469925211703,
            0.27372412820600733,
            -0.24945691228171402,
            -0.08834699605944214,
            -0.45377716773123594,
            -0.12906587682272022,
            0.06972081705344992,
            -0.07886968287457581,
            0.2153104373442325,
            0.30933574044793066,
            0.27411061069484527,
            -0.038002443241920224,
            0.3691159846054703,
            0.03650308617619687,
            0.35137052523650064,
            0.45131543483286574,
            -0.20347435351338286,
            0.4316290691688792,
            0.1833218538807486,
            -0.13311575628910588,
            -0.28647315538519524,
            0.2432749612491678,
            0.39817705366049844,
            0.37979688540052536,
            0.0738204087512614,
            0.04714488917927742,
            0.4319094713042761,
            0.13046700561570754,
            0.12536763241419327,
            0.25163486103479854
        ],
        [
            -0.03070458133613244,
            0.7099426397647357,
            -0.07989177437980109,
            -0.030772149303121332,
            0.5343861973999502,
            0.6447187036335726,
            0.2964708654480661,
            -0.8648932859455036,
            0.46323140410728725,
            -0.237859387065033,
            0.5430238389063571,
            1.2013666500811897,
            -0.07624066884213662,
            0.04650457175801017,
            0.5528224805622189,
            0.5093078860272251,
            -0.33430727488640416,
            -0.32484697757607334,
            -0.39911305982213985,
            -0.47269175432260835,
            -0.41493565280728034,
            0.585856354879296,
            -0.5113991313118331,
            0.4350509912818388,
            0.8702468200305284,
            -0.21670987587392615,
            0.6546113514651373,
            0.5352134077817904,
            -0.30799119147494164,
            0.5395364062229738,
            0.2852504026513312,
            -0.11840487584128555,
            0.27679899812002823,
            0.7533712036613963,
            0.23592407317433195,
            0.030447830665746422,
            0.13899854799464725,
            0.8081240070539144,
            0.7827811451867358,
            0.9115650934048567,
            0.7956778300772532,
            0.016481950923986625,
            -0.06383979462467798,
            0.6096157135303161,
            0.38950725697060296,
            0.37355773913126056,
            0.5449265734042534,
            -0.32187895101671493,
            -0.3486933068110022,
            0.7036173198007938,
            0.6423680215670423,
            0.08109347070556792,
            -0.23843902181624022,
            0.7599061392339402,
            0.06666451935799325,
            -0.1293291061254808,
            0.1523236911220188,
            0.44024774254498644,
            0.009316657158583656,
            0.5606067421218996,
            -0.13979401990906412,
            -0.5413455513977066,
            0.24758695216819307,
            -0.6160694525621122,
            0.22309146437698557,
            0.6872890984497555,
            -0.08575748344941138,
            0.7715548462529033,
            0.7638468913014377,
            0.33646995968185167,
            0.016093747774098534,
            0.5382612853048956,
            -0.44547777376144854,
            -0.2660557543469156,
            -0.8554725808246989,
            0.2232458651133894,
            0.27417071848185065,
            -0.5334372967361839,
            0.5195411109642265,
            0.555500936830454,
            0.3090340429739894,
            0.00721095648574065,
            0.9354360065106897,
            0.05455152669177498,
            0.3327791159105583,
            0.7489482607491339,
            -0.2855540224989189,
            0.6287754245184363,
            0.39542831672987994,
            -0.47508157492619046,
            -0.34597690218410515,
            0.4138283107978955,
            0.8563107753867295,
            0.6162039664742247,
            0.16789265027888126,
            0.09160036145104436,
            0.8180279022939575,
            0.3640547374267472,
            0.2577367652436973,
            0.40731385412263094
        ],
        [
            0.3171067479152737,
            0.00939217014857181,
            -0.19564674250281336,
            0.4860178315166504,
