{
    "fast": [
        [
            1.43599687938628,
            0.20665158851094415,
            0.06958992595454737,
            -0.40925540663388477,
            -0.5962172351862517,
            -0.3105660488519375,
            -0.5604635210862304,
            -0.2917545394881622,
            -0.19172545651493328,
            0.45548285520763754,
            -0.41163438052126466,
            0.30421732834734655,
            -0.46904890295472956,
            -0.3833232842253175,
            -0.554063496972164,
            -0.07696605454695765,
            0.6186546202736566,
            -0.10657755856722485,
            -0.21414356502931484,
            -0.15983914403098695,
            -0.0067668175737403,
            0.3862847595967951,
            -0.2807923769386541,
            0.10991011336118141,
            0.4418751833392232,
            0.28385218798409523,
            -0.5110967220279523,
            -0.11486812732249568,
            -0.28198414141446015,
            -0.2100900651880707,
            -0.5632810831990465,
            0.1945348275837278,
            0.09086886022137537,
            0.1312541362860237,
            -0.1375018502639311,
            -0.5176238457932535,
            -0.410925405152616,
            -0.03170330144782575,
            -0.13754504237971726,
            -0.3726637923542347,
            -0.2661213578848784,
            0.1976898482440423,
            -0.3395648062139261,
            -0.09053388668560425,
            0.02415473399098091,
            -0.3104774384305184,
            0.23873621845707563,
            -0.19753585997059675,
            0.293913641955041,
            0.48358515811714775,
            -0.7320990670719406,
            -0.5680195214650298,
            0.09213300152705692,
            -0.1441767673560501,
            0.3769752540755152,
            0.16997358357102324,
            -0.3897455505676332,
            0.33023744945126676,
            -0.17010324733994497,
            0.14850113622427635,
            -0.27732188315241507,
            -0.3677233440242703,
            -0.1851931425029239,
            -0.5273028460884494,
            -0.33028684086987264,
            0.018948383519760772,
            -0.417541698293863,
            0.0011804985051481216,
            -0.6306903379585298,
            -0.4154439386614496,
            0.015212232445240028,
            0.7291033269619382,
            -0.4737093219549505,
            0.29136008382717615,
            -0.24306011247897447,
            -0.18800878256529246,
            0.11205028347766244,
            -0.1322811515392128,
            0.20464182978189585,
            0.21992931659128404,
            -0.49959475297083666,
            -0.4079216120572231,
            -0.5990517291929023,
            0.35896926173852145,
            -0.47239485798292324,
            -0.11623483995756356,
            0.11293730027129202,
            -0.3602215244709738,
            0.3221474020678438,
            -0.3400745277569218,
            -0.2232791113044339,
            -0.2697049546099026,
            -0.38886661641662296,
            0.24647249829326473,
            -0.5341105961799922,
            0.8352519550872778,
            -0.6334008620331121,
            0.22745071739582606,
            -0.0542152097566464,
            -0.26470311524114065
        ],
        [
            0.20665158851094415,
            1.2276886780217737,
            -0.2617673450197567,
            0.03093400762635855,
            -0.19989535330703348,
            0.061446337752794775,
            0.06982571740607582,
            0.16778314800473684,
            0.4751343783548254,
            -0.3095587291005767,
            -0.05579443262948194,
            -0.014740932697793899,
            0.08895286889937075,
            0.2142862624040757,
            -0.055168387156772296,
            0.05001521678909362,
            -0.05050818911028072,
            -0.0548325154352066,
            -0.03415847420449784,
            -0.014897111347068552,
            0.04459664686312402,
            0.1746100915411263,
            0.010297796273394725,
            0.00019860094066454325,
            -0.3603665974950122,
            -0.371168423818561,
            0.2802011923526726,
            0.23269730574531267,
            0.18051977492469637,
            0.06882242086668933,
            0.22283232775599773,
            -0.18599544826726674,
            -0.2398633223084232,
            -0.26919228423077474,
            -0.03045916419194529,
            0.3190122359181018,
            -0.03526076446657195,
            -0.30002530449374526,
            -0.3734925677190273,
            0.1407607338791074,
            0.39932450614945414,
            -0.6598313357420736,
            0.0347381333023695,
            -0.1605854436420328,
            -0.14430327606931245,
            -0.0895356216310967,
            -0.4099555948474658,
            -0.34532010981474087,
            -0.31622288351675854,
            0.17979383607256522,
            0.3715920971338854,
            0.1591342894504216,
            -0.25075181731501445,
            0.11987655062689201,
            -0.11527190491144691,
            -0.43508751909002114,
            -0.4672674889158066,
            0.9204917134371209,
            0.08681453435931591,
            0.19385684204505754,
            -0.16754993502931034,
            0.26473073508883654,
            0.12623372636789443,
            0.03828481887358086,
            0.3624017131686646,
            0.2562066887018986,
            0.15959590694248546,
            -0.47792921030203767,
            0.3260520426527146,
            0.09146870022673913,
            -0.4340448883163322,
            -0.12583479674302703,
            -0.25525593743555514,
            -0.17452232298567247,
            0.07863842973838438,
            0.09147638709326693,
            0.05123675809357775,
            0.1865669729125887,
            -0.25561579045726235,
            -0.23640952138931745,
            0.011746155653038666,
            -0.07242627394305086,
            0.15107078932148077,
            -0.3474549283826104,
            0.3380532887839915,
            0.12082978844683447,
            -0.17791172727807875,
            -0.1948749938959212,
            -0.11832029846183628,
            -0.23523028321572673,
            -0.25362457414400075,
            -0.4582950878716052,
            0.5108001548646944,
            -0.13655697820516488,
            0.1574012985554653,
            0.01094314609147543,
            0.20422207839616824,
            0.05810995949015165,
            0.5922611106220381,
            0.10458653848412792
        ],
        [
            0.06958992595454737,
            -0.2617673450197567,
            1.625784115409261,
            -0.4093385606729443,
            1.0961197592853693,
            0.6698011251564603,
            -0.08987678313926427,
            -0.3151891527090577,
            0.4760000016538739,
            -0.15273450298052907,
            0.08379951474469101,
            0.1469931192287172,
            -0.01118329273470195,
            0.8723695429514816,
            0.17514567832334874,
            0.5487864737010281,
            -0.5009743526378856,
            -0.18091285028510506,
            0.6705491667777528,
            0.07805639269913338,
            -0.2935573239941641,
            -0.3394828243178435,
            1.3895929532402846,
            0.3582297579985304,
            1.3100517972691224,
            1.5421788926618336,
            0.13541953852515803,
            -0.16994625610632236,
            0.18540277344619174,
            0.03461521143752891,
            0.3452995267929662,
            0.10741619354420455,
            -0.12358261195335966,
            0.3097435139353337,
            0.8278461670379242,
            -0.0017605138733816168,
            0.09158650676143983,
            0.02497798882349554,
            1.4087142182480292,
            0.05753811407441101,
            0.09392635138221093,
            1.244643728498841,
            0.04589500154985839,
            1.4625020225934833,
            -0.241899104534659,
            1.1096816567936114,
            1.469789053368897,
            0.4482845917963145,
            1.2567366683793244,
            -0.01311201979076865,
            0.1118293974106068,
            0.10217702634605663,
            -0.11333312736240707,
            0.8349834503676978,
            1.4844547256920142,
            -0.670330790704077,
            0.33352466204897274,
            0.05447621549172277,
            -0.371167134858939,
            -0.6225028551775026,
            -0.20344606772451262,
            0.061718762148202634,
            0.2783713154764092,
            0.5836751097435886,
            0.15694967570563473,
            1.2896582043042528,
            0.24753518327169519,
            -0.3260107378874423,
            0.5332793006559124,
            -0.5179467601004385,
            1.3721645998309486,
            -0.49204381445277806,
            1.0479947195446606,
            0.7317102256215418,
            0.4054099266027776,
            0.18245809153438883,
            0.41973431744896966,
            -0.17586387923612645,
            -0.07142925268101241,
            -0.06812936308821001,
            0.7720144927310404,
            0.39602604661698265,
            0.889453182797602,
            1.4292525334453132,
            -0.15771839170625818,
            0.03366281126877781,
            -0.5034621973404678,
            0.43881916292238704,
            0.1805519457782242,
            1.3641884896588579,
            0.32337499439589024,
            -0.14064701232492877,
            1.144823509213592,
            0.9006232054653828,
            -0.10502577808847596,
            0.2934884974410388,
            0.41101055077801746,
            1.391471638577842,
            1.1274915986991532,
            0.3308224891795626
        ],
        [
            -0.40925540663388477,
            0.03093400762635855,
            -0.4093385606729443,
            0.938811990057395,
            -0.046265610592818224,
            0.12522449686323292,
            0.3929263773991359,
            0.3944858050908883,
            0.11902740781426288,
            -0.24197756458964612,
            0.460939707054173,
            -0.055726574713861166,
            0.4242061529409387,
            0.13167050331781033,
            0.316771511966893,
            0.16009522177153138,
            -0.17991615448413392,
            0.42983631535898387,
            0.056153188143933636,
            0.24651794552612305,
            0.516550803785164,
            -0.3540003451102023,
            -0.38472285530344197,
            -0.01649255551450878,
            -0.5305575320676905,
            -0.486410166570981,
            0.13263704398961398,
            0.3124326613049704,
            0.1593459273916689,
            0.47035039522485744,
            0.3634327779183866,
            -0.38958580536743687,
            0.36938809415198975,
            -0.07608743888859897,
            -0.1778616395200369,
            0.36416690387890077,
            0.24602114255713975,
            0.12570433118321678,
            -0.5022982432302174,
            0.501938862095245,
            0.2289179295754517,
            0.0037785853172795747,
            0.3507704565182451,
            -0.3209482357063071,
            -0.02267323870187193,
            0.054563275036526686,
            -0.4648903747530823,
            0.42295307028857587,
            -0.6102886754196397,
            0.09894047384083322,
            0.44182106581735997,
            0.3376959975887951,
            -0.5073856564667499,
            -0.04263424164210617,
            -0.579589705188436,
            0.047655837042280734,
            -0.10197390090970603,
            -0.09104913783315738,
            0.3869395747847887,
            0.45960657011728756,
            0.07830568813115421,
            0.22472225739538745,
            0.1304742857407953,
            0.21976212788636554,
            0.3481492952179377,
            -0.3795361344352388,
            0.2672373396657865,
            -0.07850051253595224,
            0.2589944882528493,
            0.12098085973077634,
            -0.24810822747085168,
            -0.15059426490713318,
            0.17162812573703987,
            -0.2599243893602986,
            0.3159555538708723,
            -0.2818762629320507,
            0.037865897589026226,
            0.2465352769581113,
            0.07243168189954692,
            -0.33340634924483575,
            0.005190606772491031,
            0.3806152173344175,
            0.08392426871835441,
            -0.42849282691019674,
            0.20645326490442206,
            -0.037410151966898966,
            -0.040002123534008116,
            0.29823807719363454,
            -0.1516841607328533,
            -0.43127680612189845,
            0.5757444025161231,
            0.21487489503454107,
            -0.3377402175705189,
            -0.42844088472528685,
            0.5215760791269091,
            -0.07171990015445678,
            0.24143561342347977,
            -0.42036572517760173,
            -0.22701383913487042,
            0.4862735366688695
        ],
        [
            -0.5962172351862517,
            -0.19989535330703348,
            1.0961197592853693,
            -0.046265610592818224,
            1.3749694262490744,
            0.8225815927674188,
            0.6997119062842256,
            0.12020097566640107,
            0.5669049573056848,
            -0.34631957866390034,
            0.48107861761589304,
            0.09556417692988389,
            0.5481409633150617,
            1.001601340659229,
            0.691817881675085,
            0.6678780367168553,
            -0.8876499180407602,
            0.18343399223018378,
            0.9910357769559645,
            0.1591683813878437,
            -0.26046393198155404,
            -0.41822098906243615,
            1.3790482299853857,
            0.44518300119380466,
            0.5581417854523768,
            0.8646045216634652,
            0.8848545911740417,
            0.05448650292694954,
            0.5166936018587344,
            0.47033298050011524,
            0.8172239632081911,
            -0.09960974375133665,
            -0.19626564234508947,
            0.26224982518123613,
            0.7785015330337078,
            0.4666636514785307,
            0.3450242703528998,
            0.14403468463222818,
            1.0885200789315548,
            0.5325092496483318,
            0.41294472930734544,
            0.7514195042687185,
            0.5474216508961447,
            1.1148111387812674,
            -0.37150570523081494,
            1.1310288668159383,
            0.8544349964091219,
            0.3292555142132292,
            0.7221481823484636,
            -0.34019916900749564,
            0.7433584272381268,
            0.5954869828323831,
            -0.305303089291194,
            0.8234238383724367,
            0.8905317869167977,
            -0.661484641721703,
            0.3841803712279075,
            -0.04871226016788896,
            -0.18178935173217847,
            -0.4273051008607841,
            -0.19547184470706883,
            0.6384026631582305,
            0.7073006956078359,
            0.9713311888569676,
            0.48046943890440985,
            0.9907537708896541,
            0.7156916041874228,
            -0.483054655522408,
            0.952414766573375,
            -0.18305250885598215,
            1.214605596610252,
            -0.8738868625240802,
            1.056452685365671,
            0.471256203037373,
            0.7653952423941688,
            0.14354380578474407,
            0.534652474592037,
            -0.13767164678142474,
            -0.2563153292869671,
            -0.1862081486221797,
            1.084179022409266,
            0.5978745114452582,
            1.1967665237337586,
            0.72594134334043,
            0.410051128733773,
            -0.15786430804984955,
            -0.7438658341713159,
            0.6833545075000409,
            -0.14028836317712332,
            1.1321353187456267,
            0.5125477641299069,
            -0.12978062818414465,
            1.0698272435380596,
            0.2802514386920698,
            0.5626401917823365,
            -0.08775300413119036,
            1.0438795361681628,
            0.8984459097878336,
            0.9383297105875474,
            0.6553318036609916
        ],
        [
            -0.3105660488519375,
            0.061446337752794775,
            0.6698011251564603,
            0.12522449686323292,
            0.8225815927674188,
            1.2127192822886863,
            0.7267017569434967,
            0.543582116501991,
            1.1376714924492544,
            -0.7922826134198915,
            0.734954978311422,
            0.682196720419137,
            0.8262131468011356,
            1.0845489076693857,
            0.6355896821681164,
            0.9092088023149847,
            -0.9282682470807829,
            0.5855472220921731,
            0.8477328725309291,
            0.7177608132062152,
            -0.29729452766821207,
            -0.5180740332661535,
            0.8642866786329113,
            0.7597519028282617,
            0.08511912380622985,
            0.2816494401109084,
            0.7309295139103094,
            0.5226422832858801,
            0.8254821300240338,
            0.7750934105665942,
            1.1026322747414161,
            -0.1278143033561735,
            -0.4274351830668217,
            0.3822469923740841,
            0.7693850997177738,
            0.9135653069681797,
            0.9650475406407076,
            0.21699218650775742,
            0.36669801436568056,
            0.9804946904390685,
            0.693108638030827,
            0.6772438274742137,
            0.8223053595613524,
            0.7677476135941748,
            -0.29342469800237886,
            1.1269157958427651,
            0.4188077912054046,
            0.8796104057577974,
            0.1880124473769303,
            -0.06425247360349651,
            0.7832139704057456,
            0.6784268705530769,
            -0.3899947142322211,
            0.794803364471691,
            0.5873246968340323,
            -0.6279047140382599,
            0.4209504230116721,
            0.20681896304982222,
            -0.20971573105440242,
            -0.27844839349349715,
            -0.2483264509792122,
            0.7891965501512602,
            0.8437218607706373,
            1.096626830169591,
            0.9735133792824803,
            0.874472052461306,
            0.9205451113747374,
            -0.5613837661290954,
            1.0660913091642588,
            -0.020986523413773373,
            0.7136411836760106,
            -0.9658588903361869,
            1.0789903818665958,
            0.5468493689954993,
            0.756975636586164,
            0.045054271523677476,
            0.9485701388452665,
            0.526379014603978,
            0.6447978174365344,
            -0.4183596115546077,
            0.7392750094325389,
            0.8307602164753289,
            1.0838190496528235,
            0.3113853420267015,
            0.8309279873182869,
            0.12751035361469962,
            -0.9943591018513336,
            0.5308228066717506,
            -0.3890310793302538,
            0.567493984232445,
            0.8570139499052024,
            -0.08161641605587036,
            0.8409508313582736,
            0.042081257908432895,
            0.8541286191364167,
            -0.10622286330977848,
            0.9537277292294376,
            0.8184304558192458,
            1.0065778499643179,
            0.9989411051754586
        ],
        [
            -0.5604635210862304,
            0.06982571740607582,
            -0.08987678313926427,
            0.3929263773991359,
            0.6997119062842256,
            0.7267017569434967,
            1.351340570608706,
            0.7573338985751318,
            0.6683662253894074,
            -0.801577516249974,
            1.0056972737271543,
            0.4425020520528014,
            1.0557523737764292,
            0.6400102182101327,
            1.0326609245192415,
            0.7254024213533502,
            -0.7696230172245444,
            0.8049288105098273,
            0.9754770934565874,
            0.5014706252177703,
            -0.1595740837044355,
            -0.5749197347036088,
            0.4812778459962781,
            0.7643012328735498,
            -0.7416318366814795,
            -0.4983556188812285,
            1.3295398141613373,
            0.5196781901345278,
            0.795679865864665,
            0.8965698064058808,
            1.0379554011445582,
            -0.3390804685105951,
            -0.3125715822222446,
            0.24594393404293075,
            0.27579311089429326,
            0.9141482478533662,
            0.643450160867893,
            0.2740956942262389,
            -0.03143792121269349,
            1.038471094240721,
            0.6828963211533331,
            0.019448893567692277,
            1.0536824229626633,
            0.21323845507554412,
            -0.46662512585130317,
            0.8226949666839061,
            -0.3120153611473043,
            0.45837078344627313,
            -0.36920674496442446,
            -0.15403589944879198,
            1.1079062430151019,
            0.8776045401355416,
            -0.5886071264287822,
            0.5737138243939814,
            -0.12471049989441753,
            -0.41874208842271293,
            0.14602529284469884,
            0.044935882028849024,
            0.11408474601636652,
            0.09096829595086818,
            -0.12703769114040606,
            1.1175789774468825,
            1.0399825240395209,
            0.9698461711894621,
            0.8393198533800265,
            0.097562532412201,
            1.0262718228582206,
            -0.502132926230717,
            0.9769877382033884,
            0.13639448576508031,
            0.29992792729366974,
            -0.8618523591794627,
            0.5461834317360605,
            0.3124470568524823,
            0.9567164893181879,
            -0.15752992827117854,
            0.6430867452421165,
            0.34027587793584163,
            0.12165978712252906,
            -0.37689245750832434,
            0.9041161453497636,
            0.617183997908035,
            0.8814259834682814,
            -0.4676426226373454,
            0.902124936456598,
            -0.0883868651659993,
            -0.8309461696332466,
            0.6706808151209207,
            -0.5588715211404292,
            0.13904160597174325,
            0.847016079602435,
            -0.02331815978364797,
            0.2912255087889913,
            -0.5832093633896844,
            1.157026036681696,
            0.03224251460178137,
            1.2973572454334743,
            -0.13317394236345892,
            0.40097057173544914,
            1.003157411290848
        ],
        [
            -0.2917545394881622,
            0.16778314800473684,
            -0.3151891527090577,
            0.3944858050908883,
            0.12020097566640107,
            0.543582116501991,
            0.7573338985751318,
            0.7503405639692844,
            0.6193009562352206,
            -0.7253664859547851,
            0.6621587797842533,
            0.40064984756658056,
            0.7025007004513868,
            0.34845435183540735,
            0.5048141142565029,
            0.43987574874615626,
            -0.618265399706401,
            0.5718570182286146,
            0.449839456024513,
            0.4977724192050329,
            -0.019312372810196106,
            -0.3844784077987411,
            -0.01987656487382137,
            0.46376991926683353,
            -0.7567494194913106,
            -0.7106067855912483,
            0.770598918818264,
            0.4934147548483853,
            0.6049457629964075,
            0.5714970022812557,
            0.6638706628939652,
            -0.2232123416608223,
            -0.16802516372467288,
            0.22933660337500147,
            -0.051051229053686746,
            0.7022376333757286,
            0.6748221701495434,
            0.26901641772655066,
            -0.35938488102146393,
            0.7389173234978506,
            0.5658613185768704,
            -0.16199777983647656,
            0.6177000763581942,
            -0.11734619099088188,
            -0.3850609624851871,
            0.4165761569928145,
            -0.4772708309040132,
            0.5110136281258618,
            -0.5663086506156714,
            -0.009916014620093902,
            0.7132337750662499,
            0.554878176963879,
            -0.36811213147484767,
            0.2804025660317767,
            -0.2703105299979901,
            -0.1260430350335959,
            -0.008564408573452927,
            0.08533212131982018,
            -0.03352977829017315,
            -0.020641509649828214,
            0.05373396137230317,
            0.7703213118726002,
            0.5928853677254079,
            0.5758786652134699,
            0.6435360802191955,
            -0.08048752315862441,
            0.6963990722746187,
            -0.3361627015028623,
            0.554785024237866,
            0.22057995949961076,
            -0.18935866406470153,
            -0.5436031367622901,
            0.18433553108629613,
            0.1713040535763005,
            0.5619325231344651,
            -0.11683724405744206,
            0.41911017018652247,
            0.5961858182985446,
            0.5452175074124899,
            -0.25082502221836306,
            0.36713712579739016,
            0.37638300314087303,
            0.413398662668355,
            -0.5752776830919383,
            0.6692457716630202,
            0.07744531418034818,
            -0.6103833814793826,
            0.3217109966441994,
            -0.47019957295154907,
            -0.19760408739507274,
            0.5899320354056258,
            -0.034560882968334684,
            0.03565170220596352,
            -0.5075852954291805,
            0.7642422518251988,
            -0.14842080182381545,
            0.7445292897239133,
            -0.26700282151744875,
            0.2088045411074719,
            0.6858032877483667
        ],
        [
            -0.19172545651493328,
            0.4751343783548254,
            0.4760000016538739,
            0.11902740781426288,
            0.5669049573056848,
            1.1376714924492544,
            0.6683662253894074,
            0.6193009562352206,
            1.4649904040602173,
            -0.7932760096600606,
            0.681801899167178,
            0.6159494889792253,
            0.799059156720778,
            0.9509963260664644,
            0.4342468523732961,
            0.9231148685080424,
            -0.8998417238439974,
            0.5025173235194,
            0.7515633834040596,
            0.7212941658098565,
            -0.28656025588818224,
            -0.4431623342632004,
            0.7506987827051107,
            0.6951327696851329,
            -0.16765669443468137,
            -0.0027070903796618767,
            0.7639072549231921,
            0.5974711459588228,
            0.8630450747043291,
            0.7178761675741321,
            1.0870081425464662,
            -0.201216948728406,
            -0.5500018611490525,
            0.2930695899631485,
            0.6631635767283032,
            0.943100428038335,
            0.9734619784358503,
            0.09302876633884369,
            0.18801585649611807,
            0.9615956545360702,
            0.6864823817355888,
            0.42475961732204526,
            0.7890751499638824,
            0.7376857497831473,
            -0.35115863834137234,
            0.9511224905606915,
            0.18243881185365424,
            0.8970706213871606,
            0.03401229465560004,
            -0.08984204240894914,
            0.8013617574103326,
            0.6344305546144056,
            -0.5682697120640581,
            0.7380581223713653,
            0.46158036301803695,
            -0.8912077482659765,
            0.08225302115773692,
            0.2900235794148838,
            -0.08133782499186189,
            -0.12848436512924166,
            -0.41492011069060025,
            0.8083937611348938,
            0.8368153965198287,
            1.028984421867135,
            1.0588572796457756,
            0.9360050929907024,
            0.9191580338049449,
            -0.6509570775374881,
            1.1099325491881755,
            -0.14089576637111995,
            0.5152639927720686,
            -0.8634244109358208,
            0.7767383309742024,
            0.6310441153106778,
            0.770495852631357,
            0.06907104363440363,
            0.9116178885508363,
            0.6863046909957069,
            0.7901390839837589,
            -0.5354538884613387,
            0.596055101143753,
            0.7179072724609985,
            1.0332003704534363,
            0.06658769504511149,
            0.7750698943434087,
            0.5256135808450662,
            -0.9721552639484495,
            0.32481050708714304,
            -0.4636044085544684,
            0.43050300159358,
            0.7118538978407567,
            -0.32400830081107607,
            0.9551987017464132,
            -0.26740922830658886,
            0.757227745846505,
            -0.09608339719573734,
            0.9527234848736015,
            0.7268706202668477,
            1.238845570114511,
            1.0362966003983627
        ],
        [
            0.45548285520763754,
            -0.3095587291005767,
            -0.15273450298052907,
            -0.24197756458964612,
            -0.34631957866390034,
            -0.7922826134198915,
            -0.801577516249974,
            -0.7253664859547851,
            -0.7932760096600606,
            1.5890978328373495,
            -0.9414363419261533,
            -0.6983959954593093,
            -0.7701664863375087,
            -0.7266163925888127,
            -0.7826883705221805,
            -0.5759881211244859,
            0.5534902304076387,
            -0.5287500302841383,
            -0.6422533593216846,
            -0.738236608164412,
            0.21834350855857354,
            0.8531803338185237,
            -0.3196263109676848,
            -0.861950649527786,
            0.5673757048841886,
            0.3756007261562012,
            -0.9118678882821675,
            -0.5521308370268182,
            -0.7105692336475806,
            -0.4766001367076779,
            -0.8374112396647779,
            0.19521320608712772,
            0.28716703722087816,
            -0.27153809917524363,
            -0.1599158807234795,
            -0.8744202435716966,
            -0.7851272117998225,
            -0.1216684865719135,
            0.08519608440748468,
            -0.8012778376632014,
            -0.7379226945423114,
            -0.14674328672775538,
            -0.6714006700780785,
            -0.34646350175778884,
            0.27604049059692165,
            -1.01868913317901,
            0.17038225052337932,
            -0.7304891790489308,
            0.35602050622430137,
            -0.24554449027514696,
            -1.0080645361042044,
            -0.7223958482305328,
            0.3241001722562193,
            -0.6826299456892964,
            -0.13425427343823712,
            0.2551245917148325,
            -0.33232003451865516,
            -0.5340214851813684,
            0.09947186509587597,
            0.37679016900719003,
            -0.055846533483878635,
            -0.898251830227267,
            -0.6484316433951935,
            -0.7674320148301614,
            -0.8293519749062862,
            -0.13000057477538074,
            -0.8041843538849567,
            0.38073120439164454,
            -0.7972982166592966,
            -0.12283700705469541,
            0.058892837075658906,
            1.0343520768617833,
            -0.5849609043284392,
            -0.28542959897779285,
            -0.8235112635001143,
            0.06342469881892775,
            -0.31512955777200674,
            -0.8441433701376514,
            -0.5141877047264496,
            0.34046771799857056,
            -0.7942597076357911,
            -0.6037093299099363,
            -0.7686879845569207,
            0.20423097212871277,
            -0.6702729410973342,
            -0.12168722517595144,
            0.8213586072037612,
            -0.5194100821400552,
            0.6835566791937159,
            -0.24616281050397726,
            -0.8311984102912766,
            0.06323510515973473,
            -0.49014194107965503,
            -0.03694280253250117,
            -0.8314373745066038,
            -0.1690087125784709,
            -0.9956435376098391,
            -0.0906089454860581,
            -0.671626820468172,
            -0.8902967240971461
        ],
        [
            -0.41163438052126466,
            -0.05579443262948194,
            0.08379951474469101,
            0.460939707054173,
            0.48107861761589304,
            0.734954978311422,
            1.0056972737271543,
            0.6621587797842533,
            0.681801899167178,
            -0.9414363419261533,
            1.0511686924815735,
            0.6477803564409994,
            0.9074314664177012,
            0.6120767680359344,
            0.9320754488993334,
            0.6098329837669448,
            -0.5955630574050975,
            0.6404423579816312,
            0.7173012481761346,
            0.6817093927861303,
            -0.12885335941286424,
            -0.8694395358485795,
            0.2759261685287133,
            0.8382150652937612,
            -0.505077854788133,
            -0.29237587155337125,
            0.9231650468580973,
            0.470868562061261,
            0.6579556292775521,
            0.7805013675158213,
            0.921580846721602,
            -0.35431605284858037,
            -0.3204799418222971,
            0.3789534513835204,
            0.22363511112391746,
            0.7926305954330329,
            0.6903324697479228,
            0.23904651365871477,
            -0.039342248039885105,
            0.9543228198770312,
            0.5573441376686878,
            0.3329394809778191,
            0.8623045356825686,
            0.3709172403407773,
            -0.34146020494995294,
            0.9196462910489579,
            -0.14199762535261057,
            0.753097143091117,
            -0.273505884815794,
            0.040703415813449814,
            0.8973050424532109,
            0.7178567979496838,
            -0.5992423728646646,
            0.5605082458628582,
            -0.033669825063941256,
            -0.3846699341431962,
            0.09083934959449032,
            0.16918218577525004,
            0.07344678785246903,
            0.07125940994771267,
            -0.09080053692128313,
            0.8533392747469338,
            0.7808409145961881,
            0.8496819890856157,
            0.7891283301450421,
            0.012727908930372152,
            0.8585467248239725,
            -0.3749860749210309,
            0.8276308315940546,
            0.06483602153125098,
            0.18396277903904504,
            -0.7132031389239117,
            0.7131952160350616,
            0.33335660966247527,
            0.8303650888805444,
            -0.2952139946219398,
            0.4798441876368785,
            0.5351879537675004,
            0.4855961469713397,
            -0.4568482031276679,
            0.8069095709900652,
            0.6563454055975154,
            0.7215904793933207,
            -0.23463792443342857,
            0.6946354313141707,
            0.19844043040954115,
            -0.6702276737713179,
            0.6870359014320025,
            -0.5286413326540199,
            0.1988667576252472,
            1.0431907729799672,
            0.015148045855381676,
            0.1553452915847895,
            -0.4285832811361678,
            0.9667730145162607,
            0.25385239574473745,
            0.9903517351280724,
            -0.07287065681976153,
            0.3480948423291091,
            0.9721207767083011
        ],
        [
            0.30421732834734655,
            -0.014740932697793899,
            0.1469931192287172,
            -0.055726574713861166,
            0.09556417692988389,
            0.682196720419137,
            0.4425020520528014,
            0.40064984756658056,
            0.6159494889792253,
            -0.6983959954593093,
            0.6477803564409994,
            1.2085323377730222,
            0.5559784658317378,
            0.5467235534257442,
            0.519422330840194,
            0.5225019924454322,
            -0.10964308390310563,
            0.5223722331087265,
            0.5105718696405276,
            0.6456902119209696,
            -0.25550724672505776,
            -0.5852154546240647,
            0.14093505691126132,
            0.9020156807811098,
            -0.11373029810930224,
            0.0003278204938359819,
            0.4729328770458656,
            0.5119663329228504,
            0.5046810688838688,
            0.5110253560167827,
            0.597909772008788,
            -0.00836566279065793,
            -0.3905445773964455,
            0.4204632294607932,
            0.2461611324476669,
            0.4721019026210889,
            0.628924814905228,
            0.20150112200038203,
            -0.1131608921146601,
            0.7023328670055982,
            0.4239594754448623,
            0.5121697790188218,
            0.5380849712259353,
            0.2640345501515176,
            0.16253257406506705,
            0.5996157965747717,
            0.07875536099597812,
            0.5852197629979586,
            0.05509240628319521,
            0.3408384691394722,
            0.3758529328054035,
            0.3257916983911461,
            -0.2641070370390392,
            0.3601603886500586,
            0.2540168925151754,
            -0.09769428432900525,
            0.3032688634788974,
            0.564665052524316,
            -0.08781706374428101,
            0.041795584565704855,
            -0.4861024285470239,
            0.5766804669944969,
            0.584758965505296,
            0.5021150173716397,
            0.6263235621628368,
            0.17155936417045323,
            0.5734052646026722,
            -0.35152379184571714,
            0.4205271799805245,
            -0.07013495911219432,
            0.16409448084927392,
            -0.1651320669198577,
            0.45041018070644134,
            0.5013164857485185,
            0.6053483326721921,
            -0.17401453886042334,
            0.5595913538871077,
            0.5168255659442911,
            0.6961494008701674,
            -0.31572217585166806,
            0.4083543939760704,
            0.3940425413917102,
            0.42693216203812695,
            0.012204213138224193,
            0.7079620188330923,
            0.2222676044240403,
            -0.6525562408992882,
            0.25888444772307107,
            -0.45035484807587295,
            0.07963043387379301,
            0.7152393472418097,
            -0.15651330117428253,
            -0.0122886195850369,
            -0.26378224624674207,
            0.6082292444917451,
            0.6255819384531167,
            0.454126951382954,
            0.2894185335390889,
            0.2928249580037406,
            0.7178445725371145
        ],
        [
            -0.46904890295472956,
            0.08895286889937075,
            -0.01118329273470195,
            0.4242061529409387,
            0.5481409633150617,
            0.8262131468011356,
            1.0557523737764292,
            0.7025007004513868,
            0.799059156720778,
            -0.7701664863375087,
            0.9074314664177012,
            0.5559784658317378,
            0.9584767696170589,
            0.6987995266113314,
