{
    "pos": [
        [
            1.009494765939308,
            0.27280269968032034,
            0.059884193739292546,
            0.36540868355141876,
            0.12766544969993976,
            0.4553577756841949,
            0.3916117233408642,
            -0.15011388535603173,
            0.5812756974508003,
            -0.07196490939115639,
            0.12301142489869593,
            0.06754695998595114,
            0.3490207741903425,
            -0.14598198344884888,
            0.17040959829751706,
            0.19760954703863812,
            0.20904527633444028,
            -0.17021759932112174,
            -0.40189583879908336,
            -0.3875472870448892,
            0.31782841966916736,
            0.29990413730689663,
            -0.008949459925526069,
            0.31500510383618663,
            0.35768119949763205,
            -0.184636854576457,
            0.3644973174305706,
            -0.0807151684541014,
            -0.16558155482962317,
            0.18389695053063848,
            0.25376189551547634,
            -0.1409688539958563,
            0.6419943464685542,
            0.42860223746570275,
            -0.15457422323818718,
            -0.0784793820173473,
            0.4556025924415392,
            0.5688176481897739,
            0.12560434356272768,
            -0.40076858973754137,
            0.2560186307059621,
            -0.07475720584638927,
            -0.025180013648354618,
            0.03973538722444233,
            0.5858038543173649,
            0.2932680922677542,
            0.3523228651899517,
            -0.24766144134636492,
            -0.2982054113544208,
            0.24628029671883467,
            0.43057760252580024,
            -0.2231049497787809,
            0.22437404167313657,
            0.6098383386338848,
            0.017203725071986038,
            -0.29952598962204274,
            0.5377419111668262,
            -0.11472842392374152,
            -0.03402801133584871,
            0.4142527865132453,
            -0.13073482864865202,
            -0.11660870633909651,
            0.37277249535241835,
            0.25160535641831044,
            0.2559618198852203,
            -0.034010708701461924,
            -0.0382076003557918,
            0.38738817221202293,
            0.20119931112995806,
            0.24727433466946508,
            -0.2320672269374098,
            -0.061905126362992446,
            -0.09065131749407629,
            0.05454652963417153,
            0.20629957692467954,
            -0.17744955328725728,
            -0.2470311151239458,
            -0.10460457652324266,
            0.3810170958309237,
            0.41837517215732106,
            0.8243078319772951,
            -0.37483599660013045,
            0.2631218807526989,
            -0.12852895348047855,
            0.3242295571188495,
            0.6183055572610028,
            0.2914666346743726,
            0.47878917716553504,
            0.43753865825376426,
            0.14128162711814132,
            -0.3281061243265003,
            0.4909323592868804,
            0.3458289032006896,
            0.4167456266052398,
            -0.1956717141279325,
            -0.16618428430538798,
            0.3835825721245094,
            0.5421719814566603,
            0.2645903222680235,
            0.13634149495547762
        ],
        [
            0.27280269968032034,
            0.7027910004300736,
            0.11392326821134793,
            -0.13716216940706644,
            -0.014425716033236193,
            0.3067411955193639,
            -0.051365951585877936,
            -0.6645751308703982,
            0.4458781148461149,
            -0.09850149512177936,
            0.44218829371004775,
            0.6655061598479048,
            -0.031646188588799855,
            -0.13556291341862367,
            0.5143536798056081,
            0.43104039454859483,
            -0.33076415309844676,
            -0.17613596243286597,
            -0.20891615793480764,
            -0.3096005421282381,
            -0.09927534558496012,
            0.3882921876652194,
            -0.2272914065801009,
            0.38592686266436776,
            0.6411770286830173,
            -0.065345794380731,
            0.6299522103770538,
            0.45833097288427027,
            -0.2701132076501977,
            0.3261831512556255,
            0.2594015687392587,
            -0.36554087777780014,
            0.045266577961434566,
            0.6214895035538545,
            0.1422599269383376,
            0.011275567210091056,
            0.143241016070961,
            0.5286032175180129,
            0.4847762563412336,
            0.24109547094262324,
            0.6560620910397716,
            -0.14455751054626562,
            0.07245316330137205,
            0.0950553737284333,
            0.3996119259994343,
            0.31001929745543433,
            0.36747633425952925,
            -0.2735445943951738,
            -0.40016765833948387,
            0.577398983707649,
            0.625172071172303,
            -0.11767036841616524,
            -0.22169152164854333,
            0.6683556200913088,
            -0.0439391163694818,
            -0.20033975609838933,
            0.09009972327945606,
            0.19747429962457663,
            -0.21966930912523794,
            0.6024776960947471,
            -0.29594753278839164,
            -0.31306255154003615,
            0.3454058517756568,
            -0.3283365981347552,
            0.20909500964671154,
            0.6753141026646045,
            -0.16887934905852117,
            0.5817638120004553,
            0.4624067810920362,
            0.35812885221958846,
            -0.05162793904697503,
            0.28729080842636323,
            -0.30017273084203067,
            -0.19941367596763745,
            -0.4704677454537391,
            0.17500624710169352,
            0.20332818584828086,
            -0.3822909187281936,
            0.36967253577740716,
            0.3212816317759666,
            0.3096303082631809,
            -0.084275808712003,
            0.49924748298447325,
            -0.05935715878882181,
            0.15067756098201673,
            0.6953571920174556,
            -0.23194465283928664,
            0.5676936761190077,
            0.03997059117910797,
            -0.20688082969400834,
            -0.22486715343572145,
            0.33973760424728633,
            0.5958320854842095,
            0.39510951932936256,
            0.1606357918841692,
            -0.11391799127107176,
            0.700287970236045,
            0.018112033697211607,
            0.18755937819140486,
            0.3826338398659614
        ],
        [
            0.059884193739292546,
            0.11392326821134793,
            0.7599701713965095,
            -0.4068407214658635,
            -0.016697578202546266,
            -0.12161966455498278,
            -0.3668821244944221,
            -0.1683389355255549,
            0.02250842435123578,
            -0.10586424364591972,
            0.17624498740382863,
            0.0675770990255753,
            -0.22455821987778904,
            -0.14189673513464093,
            0.05578785865216417,
            0.05198712777398194,
            -0.5672741831887034,
            0.2222074495179478,
            0.34075642509606585,
            0.13094012453976453,
            0.13410965734697208,
            0.0093820070918325,
            0.0015136632472752343,
            0.10143098522053931,
            -0.0642770142292884,
            -0.5275117319169421,
            0.0168133758498326,
            0.34471395496562307,
            -0.19969245969450794,
            0.25586272755868655,
            0.09532470885964062,
            -0.20976210773702517,
            -0.30578466672378835,
            -0.08428926055282142,
            0.008705665062971536,
            0.11560251961811249,
            0.024898387612504475,
            0.056620402619070746,
            -0.12127138286499906,
            -0.18071346556082934,
            0.13453698309723938,
            -0.14646510620765646,
            -0.09427798549679572,
            -0.25949235320968406,
            0.13658413901963737,
            0.14602653543050656,
            0.030039682086258093,
            0.11226869423519732,
            -0.041567349957250484,
            0.09470366138447993,
            0.06700028261416366,
            -0.08764529500770658,
            0.11378089007371892,
            -0.3000459461734486,
            0.20923716436521347,
            0.09158410790120419,
            -0.4838748581389575,
            -0.46057704238388997,
            -0.22036253044678922,
            0.21155988978311618,
            -0.23658195361574405,
            -0.011603879689459945,
            0.05977241548320035,
            -0.44182395100521404,
            -0.3626956174509807,
            0.12358929140860936,
            0.030443275068757714,
            0.05953489887924086,
            -0.25679556982913665,
            -0.05113975107626586,
            -0.13094029128015436,
            -0.30289706957030704,
            0.4079313914924794,
            0.32833959032043614,
            -0.24905091401023316,
            -0.10554196816992682,
            -0.1256112303258358,
            0.01981414237674836,
            -0.054159432525575125,
            -0.017154551962839295,
            -0.16901596270819377,
            0.20924865714963234,
            -0.040740162429389506,
            -0.1979714700619554,
            -0.34225905889282504,
            0.053607262754900034,
            -0.18471719179075663,
            -0.135354454217119,
            -0.5338794992756426,
            -0.02074744955974171,
            0.0719211265240432,
            0.04653187857268411,
            0.07112487768015922,
            -0.20351308584366823,
            0.16648650946002785,
            -0.09004520826968436,
            0.11416372028859245,
            -0.330858335800546,
            -0.30971130066969643,
            -0.2080980874151778
        ],
        [
            0.36540868355141876,
            -0.13716216940706644,
            -0.4068407214658635,
            1.3780986690611168,
            0.7826339229845011,
            0.7358360301176674,
            0.809801220770559,
            0.04423970611936856,
            0.5262581927453115,
            -0.0977125728849421,
            -0.1221943300869932,
            -0.05740087029969101,
            0.5570814441186573,
            0.36560207774736103,
            0.04064521637124494,
            0.2799293835521652,
            0.9395915908729688,
            -0.537914576064527,
            -0.5542900956939997,
            -0.12469865365604803,
            -0.05503392325859161,
            0.11192038163058202,
            -0.12185378676388779,
            0.2669912319927853,
            0.06289582543217942,
            0.2136716558152113,
            0.01809697096667839,
            -0.3328358181491539,
            0.010013459457275496,
            -0.006523117274904973,
            0.23034719810367693,
            0.8228877399884947,
            1.2525332047954802,
            0.21088988374979611,
            -0.10784396132792305,
            -0.3337020881213054,
            0.749492593664729,
            0.03749286492806616,
            0.17988636659827792,
            -0.1751825135100995,
            -0.1085370077068461,
            0.46957060239538656,
            -0.16876632369309885,
            0.7394161814913911,
            0.5087270421665174,
            0.3605512819118592,
            0.48185645710516556,
            -0.4178331504273608,
            0.04072891538076172,
            -0.03883660068552847,
            0.28403287875029615,
            0.21993161717906623,
            0.6081399387050829,
            0.16456947316511492,
            -0.4209559511769886,
            -0.38160409386703376,
            1.2336719853095675,
            0.026623331135225067,
            0.7798807142727027,
            -0.053931205269416735,
            0.7693157296484386,
            -0.37588772968597833,
            -0.21537251882381292,
            0.2827993510483793,
            0.8697526365809385,
            -0.43779978012543197,
            0.35174375482095677,
            0.1686863221376164,
            0.6289458573461124,
            0.16823838646170006,
            0.056751384040088226,
            -0.08107685567300693,
            -0.5081387474226724,
            0.3563834665792688,
            0.2766456490499857,
            -0.0290587814422682,
            -0.4119720443289547,
            -0.2703541837928826,
            0.663350639678795,
            0.7094042883779517,
            0.6903740025330328,
            -0.2636171113729843,
            0.34688481658649445,
            0.202230408595248,
            0.5649805141971151,
            0.4768630077845676,
            0.36743492363114066,
            0.3083694749220626,
            1.382633390913033,
            -0.0615786956436211,
            -0.18470009042443677,
            0.6542862856602907,
            -0.034465617929223924,
            0.5510767664535743,
            -0.36964670016868384,
            0.4469286300116393,
            -0.06945886790876435,
            1.093832160826225,
            0.962604122473734,
            0.09859441210863827
        ],
        [
            0.12766544969993976,
            -0.014425716033236193,
            -0.016697578202546266,
            0.7826339229845011,
            1.9601898535643296,
            0.7015895680372596,
            0.8755975818595663,
            -0.42567291579421085,
            0.3701117688687849,
            -0.3437416077720569,
            0.11941071389097678,
            0.4608680397844979,
            0.2916074473172383,
            0.4323399627197449,
            0.12847697453954882,
            0.3845250020384203,
            0.24914421750594173,
            -0.2613933443122989,
            -0.6137352015452192,
            -0.2888195592946241,
            -0.41601069234586385,
            0.3040608320208731,
            -0.6057599486906657,
            0.2214003483929435,
            0.06410703722387198,
            -0.5039826909620354,
            0.10420250467562604,
            0.29217434363086003,
            -0.20557525982429103,
            0.27610668365064706,
            -0.24912112296251895,
            0.9509401104691221,
            1.0596145117067897,
            0.22538262390525585,
            0.03682319475962926,
            -0.4016916603128354,
            0.6998942773382274,
            0.032826175881691344,
            0.5620062283943781,
            1.1931419154551701,
            0.1927298848341645,
            0.4121991588996665,
            -0.219550437583558,
            1.1488031015225817,
            0.7383372761847687,
            0.48387044238407706,
            0.6793256147083826,
            -0.2304605852045803,
            0.12287970020000932,
            0.29115238743063765,
            0.206919248652944,
            0.20159229638414092,
            0.7139276142721774,
            0.13731084693472467,
            -0.025539343386412172,
            -0.13885030840381382,
            0.8262862571118594,
            0.05235024129780707,
            0.8061868362304889,
            0.22832046145503987,
            0.659126695969131,
            -0.5452427068344224,
            -0.20081906915305772,
            -0.3614175574215364,
            0.40108222309968883,
            -0.4000517231678927,
            0.3429673089790773,
            0.3393818810955933,
            0.538644914341857,
            0.23094317676941328,
            0.00549268451133274,
            -0.22049235892300467,
            -0.172920053838191,
            0.2030809379100349,
            -0.6362054855910684,
            0.8890646427872451,
            -0.3855610835586735,
            -0.30384869115116525,
            0.6579155946568089,
            1.0702148215932064,
            0.28679062210436224,
            -0.13334715690306712,
            0.7490122080207345,
            0.07614616788027626,
            0.11836759358419191,
            0.523703752925129,
            -0.013322568010362829,
            0.1329732603091383,
            1.1991966540665082,
            -0.1941101359783673,
            -0.3653974520602768,
            0.8001527696003466,
            0.46772824667721846,
            0.4604218001709508,
            -0.45549501682997556,
            0.6506400786930132,
            0.11868824743934159,
            1.0153463354345529,
            0.4844318056801883,
            0.035965624027870444
        ],
        [
            0.4553577756841949,
            0.3067411955193639,
            -0.12161966455498278,
            0.7358360301176674,
            0.7015895680372596,
            0.834884230670739,
            0.5776706600098658,
            -0.4578755798540288,
            0.6418191520717442,
            -0.1614735021016473,
            0.27076797318226953,
            0.44649834718394815,
            0.25266555571831123,
            0.23147340032555913,
            0.2585036945261678,
            0.45222419725771784,
            0.36463852172985467,
            -0.4881395903990869,
            -0.45870263997896654,
            -0.3349958839711985,
            -0.029706068761733373,
            0.32093550827152834,
            -0.3417867447611269,
            0.38120236938111823,
            0.4384086622276097,
            -0.19562045117737692,
            0.432020013540237,
            0.03378243545487892,
            -0.12203202663124652,
            0.2963851951404646,
            0.4490971896206718,
            0.3996408321911763,
            0.9162895604209095,
            0.5289914252705002,
            0.061872540202900186,
            -0.2299195504437874,
            0.649398688714893,
            0.3499373394286104,
            0.4668901924034929,
            0.16849371594460483,
            0.3570301948125045,
            0.2413124069983104,
            -0.09875948528523411,
            0.6692433022833237,
            0.6429430308520959,
            0.48084508396863856,
            0.5563242945838208,
            -0.41283225657289846,
            -0.2510238741920394,
            0.39470796132416075,
            0.5889553184609537,
            -0.02805316943450513,
            0.3692149585150573,
            0.6085463676022914,
            -0.08237670441303976,
            -0.28924613745568717,
            0.9151913490986175,
            0.21409704611369387,
            0.3924582568786179,
            0.361498373669732,
            0.2940927231964351,
            -0.430579562478349,
            0.04803674431211459,
            -0.1868562744241948,
            0.6481403147080794,
            0.1639307215170847,
            0.12994917129035194,
            0.5051898362241052,
            0.712067476857477,
            0.2378397919970621,
            -0.036495905387835946,
            0.14117093154777574,
            -0.48482719616706327,
            0.1705679790568228,
            -0.2432967764816637,
            0.15970852508430627,
            -0.16673143271422794,
            -0.3794951400267339,
            0.7932588319031998,
            0.8085178807514452,
            0.5218313011812158,
            -0.2110882541171608,
            0.6321842389498205,
            0.23172130114163733,
            0.4399392849997883,
            0.7768350868307851,
            0.09641427640728208,
            0.5099084935856771,
            0.9678480367469319,
            -0.22047615356189734,
            -0.4017230267717617,
            0.6503234217456885,
            0.3744944745981876,
            0.6613565436686659,
            -0.08303874188804242,
            0.22159641622427403,
            0.36669616471257643,
            0.7913884191370721,
            0.7519557798677285,
            0.28742851877143194
        ],
        [
            0.3916117233408642,
            -0.051365951585877936,
            -0.3668821244944221,
            0.809801220770559,
            0.8755975818595663,
            0.5776706600098658,
            1.2041493430379273,
            -0.12399918989451138,
            0.27332764082164074,
            -0.0196809796766374,
            0.009958631903760234,
            0.2336906413334131,
            0.3609695357977457,
            0.2933872076929284,
            0.0334636074673379,
            0.15925040401598825,
            0.5051920870319059,
            -0.2903185375220098,
            -0.5867828847563133,
            -0.42482622636045386,
            -0.20985614293680865,
            0.25934216936209503,
            -0.3014770081140146,
            0.17238606413043178,
            0.22504788264172493,
            -0.12132086902695283,
            0.04423583042020012,
            -0.13237170333269513,
            -0.009738005770824532,
            0.02073451019879251,
            -0.08315212961077204,
            0.5203672120017959,
            0.919138465518177,
            0.26990207118578746,
            -0.09111430193307545,
            -0.26438651067551927,
            0.13059742517707665,
            0.36630453135278834,
            0.34860008239604723,
            0.14052500318542654,
            -0.010410818114486934,
            0.2429706579550566,
            0.042297382151732246,
            0.6615046370913416,
            0.3694757827042334,
            0.4621598448796065,
            0.3956317000764759,
            -0.30904209219909257,
            -0.1499012672230723,
            0.14163141115016034,
            0.11767536375463039,
            0.06081528645315981,
            0.23229482685387165,
            0.4523310977731264,
            -0.1523688669522976,
            -0.3217569069000355,
            0.7207455531311137,
            0.2363552714298807,
            0.5309481847966454,
            0.0018496545515913584,
            0.4984689408965907,
            -0.4096776943626925,
            0.010735044836613519,
            -0.03455116547245472,
            0.3133664537291919,
            -0.3900520837233477,
            0.2910664508675674,
            0.4775411335245123,
            0.46203323055039136,
            0.1733563078643587,
            -0.024681754854551645,
            0.033885554660723,
            -0.28003004591357616,
            -0.28504772247373433,
            -0.05043532034291261,
            0.10254005396606014,
            -0.24142178381436893,
            -0.24069749853005,
            0.5947262075701334,
            0.6413586981488253,
            0.5892961851600461,
            -0.3045100742635338,
            0.5938479378481516,
            0.15897667436467203,
            0.3128162362418833,
            0.3902107547514187,
            0.24680289260174187,
            0.3089724149333946,
            1.0324555936736295,
            -0.10124004011580172,
            -0.29135018268918833,
            0.4896514028658002,
            0.2837689847823831,
            0.48681771835264126,
            -0.38789684058201884,
            0.3473872943862292,
            0.07772859880104847,
            1.1711044582709083,
            0.47271154570906865,
            0.13252062482444685
        ],
        [
            -0.15011388535603173,
            -0.6645751308703982,
            -0.1683389355255549,
            0.04423970611936856,
            -0.42567291579421085,
            -0.4578755798540288,
            -0.12399918989451138,
            1.47927061041713,
            -0.6231218472393281,
            0.48015604393165295,
            -0.5580732377203806,
            -0.8169909417222402,
            0.1822080950617078,
            -0.13821089070152093,
            -0.5380538845856616,
            -0.7369369791637965,
            0.16926614184440295,
            0.24108045463577846,
            0.29592072954425364,
            0.18026594189845252,
            -0.09900345219684735,
            -0.4795534236892004,
            0.6162758950738988,
            -0.5493652682940923,
            -0.7058282894236177,
            0.1888012435312806,
            -0.7799364027668227,
            -0.576330510052966,
            0.45571113571825167,
            -0.2931113460274048,
            -0.287254653270288,
            0.039073106417316705,
            -0.34692573574513463,
            -0.8569573738976021,
            -0.27597590278086664,
            -0.21271161105199626,
            -0.41520422587309413,
            -0.3820178930907822,
            -0.8072490286850093,
            -0.4110835244659866,
            -0.733594901861523,
            -0.07348283632088107,
            0.41098560535693884,
            -0.5633888058737228,
            -0.6360576980277625,
            -0.3981087357705872,
            -0.7223507465327877,
            0.6569628723736286,
            0.4307897133513343,
            -0.7764887248521086,
            -0.670196634195519,
            -0.11327285050117683,
            0.04865203215685715,
            -0.7507134752801895,
            -0.09342860831989347,
            -0.02554573122849157,
            -0.35270757461754476,
            -0.3984823147319143,
            -0.08633549160863511,
            -0.6428010986983914,
            0.005192200528957457,
            0.43732736558972785,
            -0.3444693860174028,
            1.1380138740375343,
            -0.22606351892397678,
            -0.9472105508746296,
            0.10480329560351656,
            -0.6507426754441709,
            -0.8465596647008751,
            -0.26265286564251566,
            -0.06852935484318842,
            -0.4651153283527175,
            0.26282625470041987,
            -0.19405472004436716,
            1.1377080548944962,
            -0.4356522129878648,
            -0.04318916559103643,
            0.314089830027141,
            -0.5109130018761859,
            -0.7456955093991032,
            -0.2749216394660706,
            -0.07397593206004485,
            -0.7040615847035258,
            -0.219287812882763,
            -0.10734816492266505,
            -0.8646217619078824,
            0.3546742070556054,
            -0.6428355490057107,
            -0.5650256673002916,
            0.5302395410879681,
            0.34041715575622156,
            -0.7124596085539538,
            -0.8411282162345544,
            -0.6864220064247804,
            -0.2814132651999723,
            -0.16607771467607155,
            -0.7320279880516225,
            -0.17774397206438813,
            -0.3592697285242036,
            -0.6215237078778857
        ],
        [
            0.5812756974508003,
            0.4458781148461149,
            0.02250842435123578,
            0.5262581927453115,
            0.3701117688687849,
            0.6418191520717442,
            0.27332764082164074,
            -0.6231218472393281,
            1.0304588248727713,
            -0.5041139073237488,
            0.39434916539154713,
            0.45138982072229683,
            0.27810306819741054,
            0.02646372102962592,
            0.35883015284946307,
            0.6289347937913679,
            0.4059412246782173,
            -0.18396906208208927,
            -0.5150721702396813,
            -0.2716768915813438,
            0.033310483667038315,
            0.46389478369410714,
            -0.04942743452676575,
            0.505223382224312,
            0.5634484457835971,
            -0.006549962286543832,
            0.715779355310208,
            0.053876009930584785,
            -0.4848849599732423,
            0.3159612838237721,
            0.17688847728165807,
            0.1036772552760096,
            0.8753074723257885,
            0.7512440128837604,
            0.008595577347132734,
            -0.28224531128042357,
            0.8604471125866804,
            0.590473833163969,
            0.4065150347296675,
            -0.14832569308287416,
            0.5436026860445116,
            0.001986614480967973,
            -0.14221281514550924,
            0.47068270234697573,
            0.7621829976958389,
            0.4485821165980447,
            0.5727615049504452,
            -0.5748475006089659,
            -0.2986526821823821,
            0.5120914396644389,
            0.7483443197113209,
            -0.1118325872509347,
            0.17465117645450878,
            0.5936396365169824,
            -0.41868512540821673,
            -0.10800191226144827,
            0.8287277736637678,
            -0.17118185711078668,
            0.16753046076296277,
            0.6546560839729829,
            -0.03608559558912995,
            -0.1364088210794852,
            0.4394545215663943,
            -0.20360837345633084,
            0.7086310410182849,
            0.37585262370094136,
            -0.03577576464252182,
            0.6467498180548867,
            0.7777314242069855,
            0.5260653078205867,
            -0.07624435145343689,
            0.4410287995665795,
            -0.41178861936651234,
            0.3993736903690639,
            -0.2259495029915792,
            0.12113864060588378,
            -0.2889780365061784,
            -0.10612406273855497,
            0.5788977932477579,
            0.8026746624925257,
            0.8992464935038238,
            -0.21132595941311308,
            0.3952717861653325,
            -0.006967074258827784,
            0.5031413679527127,
            0.919848643744579,
            0.012065137222791076,
            0.7468386989016721,
            0.8910411531734246,
            -0.06757607023270921,
            -0.464300206399538,
            0.7885576417710393,
            0.6377069132052874,
            0.7585160545719783,
            0.20776066800536036,
            0.05455726720351809,
            0.6059272304648483,
            0.5868322412673281,
            0.7104544729741922,
            0.35323279880953024
        ],
        [
            -0.07196490939115639,
            -0.09850149512177936,
            -0.10586424364591972,
            -0.0977125728849421,
            -0.3437416077720569,
            -0.1614735021016473,
            -0.0196809796766374,
            0.48015604393165295,
            -0.5041139073237488,
            1.0256806429681862,
            -0.23068163492400684,
            -0.2619483829223233,
            0.054674673763729156,
            0.014087006534946902,
            -0.11768863555208628,
            -0.34459377485862525,
            -0.3628728836138147,
            -0.1903013996340676,
            -0.07705989765300494,
            0.06472974866079641,
            -0.0832851289315203,
            -0.30536815879708606,
            -0.23820478376987006,
            -0.20231847086960694,
            -0.22845852941128061,
            -0.02704690859414165,
            -0.42669794478077655,
            -0.10977376528950977,
            0.5206275518011222,
            -0.010935651288401843,
            0.4234824816894211,
            -0.14105515188367726,
            -0.4744260385256095,
            -0.4288934221919203,
            -0.014541627645334787,
            0.07097330051717887,
            -0.6025240217050601,
            -0.13368863013704715,
            -0.19678114154745072,
            -0.3308617518604408,
            -0.3270314193495162,
            0.04633934343445718,
            0.2781507866842824,
            -0.31482859670618113,
            -0.2455285186227086,
            -0.25939378116228606,
            -0.3691251435487367,
            0.3152318505268807,
            0.2400251329868297,
            -0.21475904820945302,
            -0.20642861903302281,
            0.3681676901485793,
            0.1459084582755555,
            -0.358889360067464,
            0.34392043391897836,
            -0.18083473839117176,
            -0.444337650749468,
            0.28158995445253,
            -0.12581270675950082,
            -0.3367734773087308,
            0.2238746946709975,
            -0.2862823444387063,
            -0.35753233400176504,
            0.13635479006011514,
            -0.07442761170950411,
            -0.17064668796018498,
            0.033278116165942256,
            -0.3200398461469413,
            -0.3949265338473178,
            -0.33868231565061746,
            0.014084162944983892,
            -0.6602690876242834,
            0.16981832713711906,
            -0.6196392726490917,
            0.34482426129215693,
            0.015632443854412814,
            0.16984246247823206,
            -0.10721805532600749,
            -0.17099155848101819,
            -0.5675889810996217,
            -0.4990090304588194,
            -0.16737118774015952,
            0.07222148738948692,
            0.09519886743581228,
            -0.04605283286382936,
            -0.4403773947832662,
            -0.01456321192693922,
            -0.4056343920553597,
            -0.533851323609527,
            0.05278564012545696,
            0.2892229707409773,
            -0.3790572370419442,
            -0.488557277100239,
            -0.3418383355846548,
            -0.217074501407893,
            -0.014822367000215074,
            -0.288500422805232,
            -0.27151406326844124,
            -0.4989588242795943,
            -0.08640245129569106
        ],
        [
            0.12301142489869593,
            0.44218829371004775,
            0.17624498740382863,
            -0.1221943300869932,
            0.11941071389097678,
            0.27076797318226953,
            0.009958631903760234,
            -0.5580732377203806,
            0.39434916539154713,
            -0.23068163492400684,
            0.5889825510404977,
            0.5708747134015878,
            -0.07702004485998412,
            -0.003961697292890839,
            0.33195795458986194,
            0.29599337543747734,
            -0.1695929426335462,
            0.026782061626944464,
            -0.20373474576660178,
            -0.25737458177239386,
            -0.23965849431832764,
            0.2339825924452343,
            -0.1131548903261632,
            0.30355432219612016,
            0.4610423148836631,
            -0.14581381140455074,
            0.45873052749234733,
            0.4117979104820073,
            -0.270117758324355,
            0.31020620861314113,
            0.03433511692128407,
            -0.1424483286405404,
            0.10605945535384292,
            0.4921338165422178,
            0.14210384122553202,
            -0.10360110301280752,
            0.11427096075881604,
            0.4684922924163526,
            0.4046463139920425,
            0.32646562929720985,
            0.49302421614661135,
            -0.11038601734999041,
            0.03134268316071006,
            0.16415836456456165,
            0.30972264709319947,
            0.19907670643964703,
            0.2984024389324041,
            -0.236150000456396,
            -0.3217749894804312,
            0.4742607726740253,
            0.43341736217236015,
            -0.10577304395827412,
            -0.17591151073786945,
            0.48830887643853543,
            -0.01334466525947701,
            -0.05544027185257218,
            0.10912219718733036,
            0.12361956720419698,
            -0.1091786233971618,
            0.4601368059015581,
            -0.2140617382792026,
            -0.21409582955201187,
            0.21676455982448048,
            -0.3497236062593078,
            0.16758789453470996,
            0.5769256395906822,
            -0.1547225710418403,
            0.494873898902801,
            0.4079136131967725,
            0.298029388101355,
            -0.03786173157815366,
            0.28107048410002766,
            -0.19827562362461193,
            -0.11734167290915888,
            -0.5070030972663443,
            -0.09985845521882483,
            0.03763451261305922,
            -0.07048696197853022,
            0.2507359629008846,
            0.38861871166086015,
            0.2781488462819466,
            -0.02274154044074576,
            0.3394857334491399,
            -0.014897845169197952,
            0.29595012811661536,
            0.524566449460037,
            -0.21156170344403488,
            0.4747846543386998,
            0.16810596287030852,
            -0.06022361327303623,
            -0.31092088170999327,
            0.25056987217972276,
            0.4383908468301783,
            0.36622610227783753,
            0.093952398648189,
            0.011347455697100939,
            0.48449042976949913,
            0.12284572077292369,
            0.2122392947375013,
            0.26636691409830016
        ],
        [
            0.06754695998595114,
            0.6655061598479048,
            0.0675770990255753,
            -0.05740087029969101,
            0.4608680397844979,
            0.44649834718394815,
            0.2336906413334131,
            -0.8169909417222402,
            0.45138982072229683,
            -0.2619483829223233,
            0.5708747134015878,
            0.9694588166712583,
            -0.13862781952449313,
            0.019446732914938303,
            0.4998545603305349,
            0.5361695498215991,
            -0.29133552033735405,
            -0.16626125966943378,
            -0.3121164821551088,
            -0.47793110986856174,
            -0.3887230573377217,
            0.4974618242467531,
            -0.3616536860712077,
            0.3608697727768062,
            0.6914254018737653,
            -0.17087631228365524,
            0.6349094398399,
            0.589658449118265,
            -0.2849134770185141,
            0.4072841393640941,
            0.19766215781541766,
            -0.1273801402921597,
            0.20979359530601163,
            0.6691643307691791,
            0.24853302824317938,
            -0.16821490341857842,
            0.13004113846741036,
            0.5905404659324166,
            0.6671837407396535,
            0.9092504354778846,
            0.7339847945368666,
            -0.0509147959965406,
            0.08433398120725055,
            0.4888284854777962,
            0.42276182867690126,
            0.41341760999824534,
            0.45948181358414714,
            -0.3144329624363943,
            -0.3629538455290588,
            0.6731314561772359,
            0.6286657609411087,
            -0.16451070717577626,
            -0.24818454879705248,
            0.6613830214513555,
            0.005995237100387614,
            -0.11534887612718558,
            0.16706488040323153,
            0.3919523359519262,
            -0.020491633658192787,
            0.5700429500727463,
            -0.19270664791756045,
            -0.4511150885236221,
            0.27703904162407805,
            -0.6144379789628369,
            0.19667011913150997,
            0.6986518657672914,
            -0.06697432178424025,
            0.7573134025902216,
            0.6773217308075774,
            0.4262302533006434,
            0.022232600550591036,
            0.4588356647356204,
            -0.3492972668945356,
            -0.32923481701022544,
            -0.7832495068373763,
            0.2953603681523079,
            0.22586076509532121,
            -0.4145258545813501,
            0.5062160494140272,
            0.575020952271409,
            0.2663328928684794,
            -0.025968105884258085,
            0.683724140755127,
            -0.0045885027398594545,
            0.2221940792870607,
            0.7529100759468484,
            -0.305264635445606,
            0.6188413844055559,
            0.32507440163571294,
            -0.3327591541539888,
            -0.3734484049653108,
            0.42998125624261613,
            0.7729096760606439,
            0.5305007739552019,
            0.1082414701744897,
            0.08615622468764891,
            0.7313556799114693,
            0.28581478263423565,
            0.32549214556185746,
            0.42578235178956575
        ],
        [
            0.3490207741903425,
            -0.031646188588799855,
            -0.22455821987778904,
            0.5570814441186573,
            0.2916074473172383,
            0.25266555571831123,
