{
    "fast": [
        [
            0.1321540860571061,
            0.056171147956968266,
            0.01986770794842418,
            -0.15936818409719697,
            -0.19208933043678023,
            -0.0855199763913024,
            -0.1631741923276481,
            -0.07536728228289442,
            -0.05687837035275121,
            0.1077542821741843,
            -0.1314404285542724,
            0.08545766050295747,
            -0.15143276813271175,
            -0.11836386460210468,
            -0.19484223842950188,
            -0.021519571370517767,
            0.15869464753732604,
            -0.035271145509909,
            -0.056298874514401444,
            -0.0593010185205552,
            -0.002589106407865481,
            0.09258946582724363,
            -0.08640223125516594,
            0.032842702472295045,
            0.13305238096328034,
            0.08115014624140875,
            -0.15322259059077176,
            -0.0400040096175104,
            -0.1043930224184776,
            -0.058067546831439235,
            -0.17271161693472706,
            0.0853949223855001,
            0.027011943895071885,
            0.030773925568000845,
            -0.05041653136893276,
            -0.13762128483886263,
            -0.11920777186047428,
            -0.013074429568262968,
            -0.04279517247702827,
            -0.11383103018344316,
            -0.0806657389549874,
            0.06186536652352847,
            -0.1049445010179151,
            -0.024461424577043242,
            0.007433563809387365,
            -0.07330869874927043,
            0.07664262531668302,
            -0.06057012512776698,
            0.09253522934375406,
            0.14735090384370758,
            -0.21332916625213794,
            -0.13601033142730473,
            0.031464549208849814,
            -0.03862720201361983,
            0.11823279169301242,
            0.049763796095816076,
            -0.11506551654276402,
            0.0799884076784015,
            -0.06580134588289265,
            0.04896872308433058,
            -0.10212672874323493,
            -0.114900512918943,
            -0.052509211933118416,
            -0.1602141093088478,
            -0.09593037951069965,
            0.00571853374376073,
            -0.1360909294704654,
            0.00032631806528191456,
            -0.1658811514727425,
            -0.06780350578406527,
            0.004519593807534255,
            0.2203736862807797,
            -0.12560634697358458,
            0.058939818143710125,
            -0.08709441570982111,
            -0.06605984981076128,
            0.034685342819174375,
            -0.03825693887154158,
            0.061277301437969806,
            0.09122714938035448,
            -0.15478268792738104,
            -0.10229920608733138,
            -0.18954095917838157,
            0.10982433143451019,
            -0.1367103055566101,
            -0.032598557454347046,
            0.030079900355767946,
            -0.14290390733975167,
            0.07604553115119177,
            -0.1041685070299021,
            -0.05882673082280745,
            -0.058896574478772785,
            -0.11898320199220276,
            0.0721776874900024,
            -0.147793773049217,
            0.23719929818571664,
            -0.1968245864222972,
            0.07147265870761978,
            -0.014458243511958124,
            -0.06831006143422164
        ],
        [
            0.056171147956968266,
            0.9856216948626768,
            -0.2207314992923506,
            0.03557876254619889,
            -0.19021679826030954,
            0.04997548888494497,
            0.06004363542671284,
            0.1280150480548069,
            0.41632383096173986,
            -0.21629825253821375,
            -0.05262058153699235,
            -0.012230366367747362,
            0.08482212495707823,
            0.19543201871262986,
            -0.057300882572464684,
            0.041303228522236196,
            -0.03826689884295034,
            -0.05359686885646626,
            -0.026524096529894646,
            -0.016324072818961127,
            0.05039820738554144,
            0.12361489284771858,
            0.009359041917993057,
            0.00017527903899439913,
            -0.3204903966726749,
            -0.3134119383128355,
            0.24810592535987092,
            0.2393551570790559,
            0.1973872163445739,
            0.056183056241785864,
            0.2018004046441615,
            -0.24114843733874947,
            -0.2105969393174397,
            -0.1864146158968244,
            -0.032986015219705546,
            0.2505106109402274,
            -0.030212088927857712,
            -0.3654463233850803,
            -0.34322527029049565,
            0.12699085336575022,
            0.3575055605981304,
            -0.6098789036230046,
            0.0317096131977696,
            -0.12815165179496224,
            -0.13116514919742195,
            -0.06244084467066646,
            -0.3887195041797049,
            -0.312738857923859,
            -0.2940546883038168,
            0.16180878301545368,
            0.3198116674270771,
            0.11254335526215653,
            -0.2529285390062449,
            0.09485924354683178,
            -0.10678150160426989,
            -0.37623236151207967,
            -0.40745255247087203,
            0.6585186289350239,
            0.09918866941506806,
            0.18880678132574552,
            -0.182241380396034,
            0.24431637960262265,
            0.10571423073631687,
            0.034356957143753135,
            0.3108870168849721,
            0.22837598703681242,
            0.15363795861365082,
            -0.39019949480256855,
            0.25328836526307086,
            0.04409198820454927,
            -0.38088033469575366,
            -0.11233597535591074,
            -0.19990467880300528,
            -0.10427427410894184,
            0.08322597666793302,
            0.09493271476590383,
            0.046844879546466295,
            0.15936555784148074,
            -0.22606865558466172,
            -0.28963656991452996,
            0.010748496500337155,
            -0.05364622207887853,
            0.14117789376424028,
            -0.3139693360222228,
            0.28895399930990967,
            0.10008834944952004,
            -0.13995583819568858,
            -0.22833790414189148,
            -0.08249464782535607,
            -0.21281538431471894,
            -0.19736284732132822,
            -0.29559274188080326,
            0.46161877403698637,
            -0.11811249574775766,
            0.12864138449333648,
            0.00917879241419104,
            0.1874350650642139,
            0.05393251233841445,
            0.46650366649347585,
            0.07971661791041643
        ],
        [
            0.01986770794842418,
            -0.2207314992923506,
            1.4399206579733104,
            -0.49449755685282787,
            1.095547006712008,
            0.5721814338633243,
            -0.08117567976495947,
            -0.2525868804376544,
            0.43807514351655574,
            -0.11209182838431357,
            0.0830105178083642,
            0.12809682062437427,
            -0.011200714392171721,
            0.8356582867895673,
            0.1910721061160365,
            0.47600562462000623,
            -0.39866104847888695,
            -0.18573660657314428,
            0.546889524967185,
            0.08983835225825786,
            -0.3484437224027745,
            -0.25243298611083437,
            1.326482550136397,
            0.33207576617365747,
            1.2237305439897597,
            1.3677480644499722,
            0.12594337529281494,
            -0.18360727165614293,
            0.2129302220338682,
            0.029680365531992145,
            0.32844802918261445,
            0.14627790632467516,
            -0.11396524322453466,
            0.22529233438328525,
            0.941647497870029,
            -0.0014520617260207302,
            0.08242280053289217,
            0.03195582396740515,
            1.3597123151590922,
            0.05452220150315629,
            0.0883224548850361,
            1.2083216885676429,
            0.044002433705941056,
            1.2258613409477117,
            -0.23094223730260005,
            0.8128270812130035,
            1.4637987239581247,
            0.4264230073276296,
            1.227456024425849,
            -0.012394349271971243,
            0.1010905736021982,
            0.07589902378477147,
            -0.12007081558518651,
            0.6939850714012648,
            1.4443297328616587,
            -0.6088292837665893,
            0.30546838709290414,
            0.04093378957035352,
            -0.4454161708361632,
            -0.6368023304062602,
            -0.23242287771025982,
            0.05982631690269291,
            0.24485522414560612,
            0.5501563264296453,
            0.14141634475427145,
            1.2074285496472112,
            0.25028830445176825,
            -0.27956440454373854,
            0.4351208396817229,
            -0.26224012120043144,
            1.2646983629455886,
            -0.46136933583308465,
            0.8620511625951244,
            0.4591897190321154,
            0.45065613450694825,
            0.19888263540696705,
            0.40307123285694996,
            -0.15778408376333433,
            -0.06635224488849592,
            -0.08766971650035574,
            0.7420006102888843,
            0.30810134338245876,
            0.8730440059252482,
            1.3565149063224562,
            -0.14159656750925004,
            0.029287799036119853,
            -0.41598737653124224,
            0.5400504370820947,
            0.1322195061962412,
            1.2963163851874413,
            0.26430619757310825,
            -0.0952809143528721,
            1.0866703654145455,
            0.8181857713131603,
            -0.09015610561425841,
            0.25855996311805945,
            0.39621230712339783,
            1.356442157770737,
            0.9327859600805175,
            0.2648469292971201
        ],
        [
            -0.15936818409719697,
            0.03557876254619889,
            -0.49449755685282787,
            1.5469131286159836,
            -0.06307207423795105,
            0.14590930541912817,
            0.484055773227232,
            0.4311979749570468,
            0.14941508250512528,
            -0.24222429709029494,
            0.6227898791436021,
            -0.06623834915095406,
            0.5795071507691404,
            0.17203726550677642,
            0.4713568123994225,
            0.18940562027398875,
            -0.19528292772282035,
            0.6019175429579903,
            0.062466791864183385,
            0.3869970426938827,
            0.8362932122679451,
            -0.3590358283618606,
            -0.5009192608658437,
            -0.020853035565809554,
            -0.6759827643922484,
            -0.5884096727789598,
            0.1682537059871834,
            0.4604055067569029,
            0.24961337609432563,
            0.5500847123991989,
            0.4715204971699834,
            -0.7236322400775722,
            0.464626259027435,
            -0.07548540085873703,
            -0.2759477208324415,
            0.4096867383551717,
            0.3019910754944314,
            0.21935553657840898,
            -0.6612894557966051,
            0.6487455442736162,
            0.29360895296618994,
            0.005003484445996287,
            0.4587120217404405,
            -0.36693207109164133,
            -0.029524902632700505,
            0.054513741846576654,
            -0.6315136117815948,
            0.5487629783236627,
            -0.8130228877980609,
            0.1275657027594105,
            0.5447621192736103,
            0.34214850742178066,
            -0.7332035837131773,
            -0.04833220496893405,
            -0.7691762457548891,
            0.059037542649405854,
            -0.1273893606070604,
            -0.0933161186999786,
            0.6333524010669626,
            0.6412912737182698,
            0.12201934518401307,
            0.29711662588721266,
            0.15653650259124047,
            0.2825358716256866,
            0.4278686935180173,
            -0.48466956724785343,
            0.3685586137795069,
            -0.09181809276150579,
            0.2882381652083317,
            0.0835480827598866,
            -0.31190886422961833,
            -0.19260128859854755,
            0.19256094694264048,
            -0.2224876299001045,
            0.47905205594707495,
            -0.4190810747405751,
            0.04959768280725651,
            0.30169729819017377,
            0.0917727805013763,
            -0.5851873710115126,
            0.006804602242559297,
            0.4038887858761253,
            0.11235862420465088,
            -0.5547086797762296,
            0.25281215275112867,
            -0.04439475174239432,
            -0.04508189230994485,
            0.5006308791877169,
            -0.15150933652687082,
            -0.5589829198569936,
            0.6418542816768577,
            0.1985486270144902,
            -0.4372681739559297,
            -0.530891171100083,
            0.610692669424029,
            -0.08618182256932136,
            0.3174549684400987,
            -0.558933350824721,
            -0.256169148751528,
            0.5309900195890009
        ],
        [
            -0.19208933043678023,
            -0.19021679826030954,
            1.095547006712008,
            -0.06307207423795105,
            1.5508270760475764,
            0.7929835886853841,
            0.7131731787906305,
            0.10870382920201245,
            0.5887748302476785,
            -0.2868211449988331,
            0.5377804336881962,
            0.09397964323710892,
            0.6195346660416596,
            1.0827306980899558,
            0.8517006363842966,
            0.6537371590621747,
            -0.7971266936011396,
            0.21252265474321197,
            0.9121276781759567,
            0.20673186584797512,
            -0.34888688200087964,
            -0.35093884822846527,
            1.4855617777413999,
            0.46570555697398824,
            0.588354654630369,
            0.8653388060994089,
            0.9286738804338645,
            0.06643004304975815,
            0.6696555734836506,
            0.4550980904898587,
            0.8772211487580914,
            -0.1530763589529862,
            -0.20424745573967437,
            0.2152567232550362,
            0.9992991317519607,
            0.43435710005749234,
            0.3503989867616838,
            0.20794906058720125,
            1.1856538096408982,
            0.5694324860357756,
            0.438200561919005,
            0.8232226346361896,
            0.5922848200277213,
            1.0544925038425876,
            -0.4002505333370512,
            0.9349120781881324,
            0.9602906655398197,
            0.3534412198883434,
            0.7959491089645292,
            -0.3628981099261966,
            0.7583160863304097,
            0.4991746552390959,
            -0.36501365366960503,
            0.7723124215127526,
            0.9777912454432715,
            -0.6779902577210478,
            0.3970734181100877,
            -0.04130576097831723,
            -0.2461853639890696,
            -0.4932858945200955,
            -0.25200613229827357,
            0.6983402492455815,
            0.7020795147329487,
            1.0331885752507024,
            0.4885424177297119,
            1.0467666383730225,
            0.8166328885344326,
            -0.4674590423271557,
            0.8769576094969271,
            -0.10458924434664271,
            1.2633199282539198,
            -0.9246928166236148,
            0.9806664605510863,
            0.33373936470186244,
            0.9601387348947915,
            0.17656943133451947,
            0.5793969836856221,
            -0.1393889589357391,
            -0.2686899475495127,
            -0.2704028588625109,
            1.1759182557389614,
            0.5249007629994153,
            1.3256222882200426,
            0.7775251649210254,
            0.4154375238195758,
            -0.1549949782667822,
            -0.6935938288055453,
            0.9490566229193357,
            -0.11593440283989717,
            1.214038032605045,
            0.47275113421746445,
            -0.09921620252223876,
            1.1459621171376584,
            0.2873121315122582,
            0.5450386646465482,
            -0.0872427825917774,
            1.1355929780263982,
            0.9883623188207052,
            0.8760350396008895,
            0.5920501364087927
        ],
        [
            -0.0855199763913024,
            0.04997548888494497,
            0.5721814338633243,
            0.14590930541912817,
            0.7929835886853841,
            0.9992182889762063,
            0.6330628477489773,
            0.42016211379094454,
            1.0098822430771113,
            -0.5608272730820609,
            0.7022060351507852,
            0.5734072432555599,
            0.798142310493342,
            1.0020504176959342,
            0.6687855885606441,
            0.7606493879894728,
            -0.7124821845643995,
            0.5798320514192592,
            0.666868501278621,
            0.7967925181971535,
            -0.34036025648707213,
            -0.3715628846942451,
            0.7957633988616051,
            0.679296727954435,
            0.0766896365925056,
            0.24093087001687793,
            0.6556645448253854,
            0.5446217993415317,
            0.914409983784269,
            0.641015459840386,
            1.0116110860682463,
            -0.16788064807406028,
            -0.38018722645256103,
            0.2681639990854173,
            0.8441015315769443,
            0.7267707292544108,
            0.837677369637236,
            0.267761943573137,
            0.3413853608432581,
            0.896138651524014,
            0.6286330256868442,
            0.6341540549022011,
            0.7604254297463519,
            0.6206911478557842,
            -0.27019541614866166,
            0.7961656320079021,
            0.4023030365934077,
            0.8070294400475575,
            0.1771170867211895,
            -0.05858092011419724,
            0.6828845768101933,
            0.48606927990070187,
            -0.39852127491940775,
            0.6371536274207007,
            0.5511754442683641,
            -0.5500628450176834,
            0.37186171838014676,
            0.14989169903030816,
            -0.24273906615492938,
            -0.27473893820284717,
            -0.2736306601880676,
            0.737857405946442,
            0.7158077513979485,
            0.9969789929241454,
            0.8460447056119835,
            0.7896687505390108,
            0.8977613386499801,
            -0.4643249511415755,
            0.8389996171375318,
            -0.010248651345855234,
            0.6344141383688541,
            -0.8735159393008535,
            0.8560590511545237,
            0.3310037770388338,
            0.8116055595576704,
            0.04736765804657526,
            0.8785955041092189,
            0.4555093677834495,
            0.5777171708828811,
            -0.5192508628524326,
            0.6853257298691942,
            0.623386990792005,
            1.0260818936273237,
            0.28505323055324655,
            0.7195251446532215,
            0.10700252014054977,
            -0.792444290754445,
            0.6301015004062912,
            -0.27478299853318,
            0.520127832991327,
            0.6756176805330287,
            -0.05332920722563791,
            0.7699137772668346,
            0.03687310463551897,
            0.70718772275621,
            -0.09026105363883138,
            0.8867712476125489,
            0.7695217598792927,
            0.8032084303195973,
            0.7713509232253282
        ],
        [
            -0.1631741923276481,
            0.06004363542671284,
            -0.08117567976495947,
            0.484055773227232,
            0.7131731787906305,
            0.6330628477489773,
            1.244646315284206,
            0.6189130653303019,
            0.6272763027997866,
            -0.5999085506757801,
            1.01592493509042,
            0.3932415160320106,
            1.0783030274953065,
            0.6251984106531424,
            1.14883679495389,
            0.6416384998870364,
            -0.6245526961100386,
            0.8427296823553498,
            0.8113136471206915,
            0.5885746149097852,
            -0.1931544916415317,
            -0.43595156645107375,
            0.4685031733365998,
            0.7225082520087481,
            -0.7064613803276923,
            -0.45072686167342574,
            1.260950603374089,
            0.5725527358524379,
            0.9318846906435562,
            0.7839513160886172,
            1.0068206122996348,
            -0.4708845916890051,
            -0.2939458078517829,
            0.18242444663217264,
            0.3199078196940858,
            0.7688913684604007,
            0.590518507857531,
            0.35759998699185475,
            -0.0309443013773131,
            1.003494279160556,
            0.6548490176026683,
            0.019254628480489182,
            1.0302052808290363,
            0.1822691335740328,
            -0.4542970911871191,
            0.6145275048898612,
            -0.3168874642854548,
            0.4446378942739003,
            -0.36773418922505247,
            -0.1484837102742652,
            1.021316653603796,
            0.664790064196399,
            -0.6359292943036533,
            0.48626196790849746,
            -0.12373858433358102,
            -0.38784277650145077,
            0.1363857928611222,
            0.03443269550849337,
            0.13961329383828094,
            0.09489778673549167,
            -0.14800108317383326,
            1.104729653519809,
            0.9328539653816715,
            0.932224518750665,
            0.7712042406313663,
            0.09314780124135463,
            1.0582024274072763,
            -0.4391080485442543,
            0.8129184830873122,
            0.0704228434991453,
            0.28190344271157936,
            -0.8241012113664211,
            0.4581579187107858,
            0.19995496739564633,
            1.0845183284128839,
            -0.1751054008442733,
            0.6297665819355787,
            0.3113296150454814,
            0.11524691123910742,
            -0.49457874411590635,
            0.8861469803006601,
            0.48965165501277613,
            0.8822702155689287,
            -0.4526186188912074,
            0.8259234583878026,
            -0.07841999540688205,
            -0.7001464691278187,
            0.8417194226638255,
            -0.41735734898754107,
            0.1347361498010574,
            0.7059847101906962,
            -0.016109141888929836,
            0.2818976302096168,
            -0.5403012914796346,
            1.0128499147003502,
            0.028966887016933382,
            1.2753732402585496,
            -0.13238808633610769,
            0.3382859135296314,
            0.8189770482496345
        ],
        [
            -0.07536728228289442,
            0.1280150480548069,
            -0.2525868804376544,
            0.4311979749570468,
            0.10870382920201245,
            0.42016211379094454,
            0.6189130653303019,
            0.5440787848330658,
            0.5157120133901479,
            -0.4816794555441789,
            0.5934957332590701,
            0.315914941458163,
            0.6366293134686745,
            0.30202157108804384,
            0.49830264686926634,
            0.3452252439268312,
            -0.4451712350849697,
            0.5312260776053122,
            0.3319635216904696,
            0.5183796813020061,
            -0.020741454164844256,
            -0.25868073909057876,
            -0.017167976441579923,
            0.3889931377719899,
            -0.6396070901043299,
            -0.5702490158003162,
            0.6484645423984452,
            0.4823410760863579,
            0.6286390567484805,
            0.44338403695622536,
            0.5713707373531227,
            -0.275036935773823,
            -0.14020168045183318,
            0.1509320289195242,
            -0.052542260901932356,
            0.5240751489209153,
            0.5495017175691593,
            0.31141188150731713,
            -0.31386853182677454,
            0.6335449727508885,
            0.4814570235186773,
            -0.14230180812572163,
            0.5358618060859582,
            -0.08899748030208796,
            -0.3326307846135756,
            0.27609465991166,
            -0.43008578470333303,
            0.4398282691039484,
            -0.500470738987601,
            -0.008481157585676202,
            0.5833784967653506,
            0.37294467915069446,
            -0.352877979309312,
            0.21087159561203575,
            -0.2379721855368115,
            -0.10358313637719124,
            -0.007097404158112764,
            0.058016484022092675,
            -0.03640751082930931,
            -0.019105948084454323,
            0.05554465489470563,
            0.6756329372371739,
            0.47186684663942696,
            0.4911450452694987,
            0.5246575488333158,
            -0.06818348864011413,
            0.6371264636956202,
            -0.2608334793745019,
            0.4095847011486492,
            0.10105176626201212,
            -0.1579173205532352,
            -0.46120153491491933,
            0.13719770353727415,
            0.09727125326528366,
            0.5651957891029277,
            -0.11523353440987957,
            0.3641659739654956,
            0.48398513689210926,
            0.4582612627692239,
            -0.292045132770544,
            0.31927943990102203,
            0.2649498541205672,
            0.3671520427191411,
            -0.4940341454167595,
            0.5436505876369215,
            0.060967072217081225,
            -0.45633084554630327,
            0.35824363539374093,
            -0.31155837365905076,
            -0.16990117927187823,
            0.4362814352505135,
            -0.021184785665368182,
            0.030619873679291223,
            -0.4172358932515703,
            0.593600311756058,
            -0.11831200270310278,
            0.6494124622847405,
            -0.23550851336461795,
            0.15630485421677862,
            0.49677910392530916
        ],
        [
            -0.05687837035275121,
            0.41632383096173986,
            0.43807514351655574,
            0.14941508250512528,
            0.5887748302476785,
            1.0098822430771113,
            0.6272763027997866,
            0.5157120133901479,
            1.4010137865722507,
            -0.6049605975546042,
            0.7018039319166818,
            0.5577664855830349,
            0.831612357106719,
            0.9466142545683071,
            0.49226676470270087,
            0.8320135581634001,
            -0.7440813336963062,
            0.5360991269210033,
            0.6369429896105343,
            0.8626441701066168,
            -0.3534448452131293,
            -0.3424184134118633,
            0.744638730214397,
            0.6695904597808001,
            -0.16273621220567605,
            -0.002494824962655145,
            0.7382451536187263,
            0.6707507753358035,
            1.02996040697996,
            0.6396137088769077,
            1.0744085251115625,
            -0.28473411691047595,
            -0.5270419473787598,
            0.22150366783921038,
            0.7838362617834533,
            0.8082943437583636,
            0.9103341536353544,
            0.12367325356339053,
            0.188575202079155,
            0.9468391871777571,
            0.6707783645642088,
            0.4284959365596122,
            0.7861323102189438,
            0.6425134734611592,
            -0.3483681447923585,
            0.7239393443234737,
            0.18880329188179923,
            0.8867055405632372,
            0.034519425480773316,
            -0.08824695360008984,
            0.7527473937795994,
            0.48970325728543856,
            -0.6256062347830631,
            0.6374245644179211,
            0.46667301700212493,
            -0.8411070817141513,
            0.07828096105612699,
            0.2264510313544721,
            -0.101427329696546,
            -0.13657762317237127,
            -0.4925610091025887,
            0.8142616565429511,
            0.7648574937579239,
            1.0078356324157802,
            0.9913855464938109,
            0.9106070290427731,
            0.9657390199845364,
            -0.5800538236058076,
            0.9410608706655451,
            -0.07412725721657006,
            0.49348790320160424,
            -0.8412696939621406,
            0.6639183255930178,
            0.4115084182502026,
            0.8899942187185729,
            0.078234034566313,
            0.9096747396142922,
            0.6398371940588344,
            0.7626917177905405,
            -0.7159840065549944,
            0.5952935672670017,
            0.5803689448776959,
            1.0538130342491385,
            0.06567129084479148,
            0.7230648088595897,
            0.47519176193379836,
            -0.8346701614939386,
            0.4153792310580778,
            -0.3527823802907728,
            0.4250879407527142,
            0.6045855336259541,
            -0.22808541385069434,
            0.9421476716684598,
            -0.2524359197242223,
            0.6754476980437882,
            -0.08795985677102258,
            0.954350341023864,
            0.7362918727776169,
            1.0650054485672582,
            0.8620847480432271
        ],
        [
            0.1077542821741843,
            -0.21629825253821375,
            -0.11209182838431357,
            -0.24222429709029494,
            -0.2868211449988331,
            -0.5608272730820609,
            -0.5999085506757801,
            -0.4816794555441789,
            -0.6049605975546042,
            0.9663813575982495,
            -0.7727583191645346,
            -0.5043176829313364,
            -0.6391779100233332,
            -0.5767592013392765,
            -0.707534883666953,
            -0.4139837780955112,
            0.3649718612091385,
            -0.4498208757461484,
            -0.4340467145046886,
            -0.7040605154181159,
            0.2147539299320368,
            0.5256906408824834,
            -0.25282357684612855,
            -0.6620930601007268,
            0.4391664742513285,
            0.2760316542410234,
            -0.7027276334994492,
            -0.49428950566934843,
            -0.6762209020027603,
            -0.3386238396915959,
            -0.6600404832080362,
            0.22028213760280274,
            0.2194374511256939,
            -0.1636575624393171,
            -0.15072712641543506,
            -0.5976225009583089,
            -0.5854866712543034,
            -0.12898279091490628,
            0.06814043143896661,
            -0.6291613016509512,
            -0.5749838642141257,
            -0.11804752026652167,
            -0.5334014471293388,
            -0.2406375932089796,
            0.21837504603124513,
            -0.6183046914196716,
            0.1406085782418034,
            -0.5757868136667256,
            0.28813617000280073,
            -0.1923292945510542,
            -0.7550993968067211,
            -0.44465100975383354,
            0.2845253460595398,
            -0.47013080330586293,
            -0.10824020957813048,
            0.19200820965220838,
            -0.2522063135135952,
            -0.3325024613893627,
            0.09891401655683114,
            0.319391953044296,
            -0.05286727254400181,
            -0.7214965879202111,
            -0.4726179408544191,
            -0.5993989270741883,
            -0.6192117359564306,
            -0.10085401647568787,
            -0.6737834673299948,
            0.2705387959848276,
            -0.5390599424762583,
            -0.0515352459706914,
            0.044978434206598,
            0.8036638831609756,
            -0.39871438023127387,
            -0.14842708207611607,
            -0.7585453724763146,
            0.05728662840383136,
            -0.25075960437822203,
            -0.6275724473943013,
            -0.39578771774664423,
            0.36303819888709105,
            -0.6325610571968365,
            -0.3891874613843138,
            -0.6252075945338729,
            0.1606195168260053,
            -0.4986354877528443,
            -0.08772885325357516,
            0.5623506588012416,
            -0.5296881088563168,
            0.4147906897635782,
            -0.19382963687591825,
            -0.5629459866904215,
            0.03549725422677704,
            -0.3855158707200362,
            -0.027809919975492453,
            -0.591411669528178,
            -0.12337875873823449,
            -0.7953164786867286,
            -0.0731912403548343,
            -0.46042386661118867,
            -0.5906032100426948
        ],
        [
            -0.1314404285542724,
            -0.05262058153699235,
            0.0830105178083642,
            0.6227898791436021,
            0.5377804336881962,
            0.7022060351507852,
            1.01592493509042,
            0.5934957332590701,
            0.7018039319166818,
            -0.7727583191645346,
            1.1646085374670858,
            0.6313716129529284,
            1.0164962897558842,
            0.6557677550924098,
            1.137273360824405,
            0.5916100308416603,
            -0.5300684986536501,
            0.7354007547765674,
            0.6543144284765654,
            0.8775432127379861,
            -0.17106115618680445,
            -0.723075448700374,
            0.2945932294153352,
            0.8690543116497568,
            -0.5276811649490136,
            -0.2900205796850223,
            0.9602609854874605,
            0.5689759422757104,
            0.8451496582707143,
            0.7485000912037529,
            0.9804378073656558,
            -0.5396544208524103,
            -0.33054594794944125,
            0.30828045665541487,
            0.284508100926815,
            0.7311936165398218,
            0.6948484701260289,
            0.3420510280902951,
            -0.04247166022327433,
            1.011414096264013,
            0.5861692737037588,
            0.361508694368809,
            0.9246724358666292,
            0.34772652988734387,
            -0.3646071135344619,
            0.7534189059383467,
            -0.15816972885270694,
            0.8012236310057862,
            -0.2987750053228906,
            0.043032930649417295,
            0.9072160336985121,
            0.596398690092851,
            -0.7100665190981047,
            0.521038961261783,
            -0.03664006098018305,
            -0.39076039548659913,
            0.09305254760266848,
            0.14218231720709823,
            0.09857918090569555,
            0.08153075255412598,
            -0.11602028375661688,
            0.92515122272493,
            0.768180691597479,
            0.8957509615546412,
            0.7952483062606674,
            0.013327841129261686,
            0.970920093295367,
            -0.3596508099637095,
            0.7552795934604711,
            0.03671523452846915,
            0.18963855608046615,
            -0.747952690118875,
            0.656142700311467,
            0.23397962193977845,
            1.0323713019604583,
            -0.3599039493846829,
            0.5153751764160003,
            0.5370426855629006,
            0.5045110460333492,
            -0.6575111577778072,
            0.8674003813902302,
            0.571107973807506,
            0.7921725123117188,
            -0.24907477162896755,
            0.6974984553285377,
            0.19310007691156503,
            -0.6193720075322199,
            0.9456797770789526,
            -0.43298256274966557,
            0.2113560847602139,
            0.9536314875396551,
            0.011477517110360916,
            0.16491999454154097,
            -0.435471711206747,
            0.928195990653808,
            0.2501309263594029,
            1.0677765786349909,
            -0.0794502991954474,
            0.3220936829713474,
            0.870434457461736
        ],
        [
            0.08545766050295747,
            -0.012230366367747362,
            0.12809682062437427,
            -0.06623834915095406,
            0.09397964323710892,
            0.5734072432555599,
            0.3932415160320106,
            0.315914941458163,
            0.5577664855830349,
            -0.5043176829313364,
            0.6313716129529284,
            1.0362517546366905,
            0.5478979295851616,
            0.5153018149950109,
            0.5575504108502505,
            0.4459254870063774,
            -0.08584899444596537,
            0.5276838867915028,
            0.4097241091123737,
            0.7312117512527841,
            -0.2984067241494526,
            -0.4281635998505935,
            0.1323727623280507,
            0.8227260896234738,
            -0.10452957116567964,
            0.0002860705247957463,
            0.4327720086967431,
            0.5442335821441505,
            0.5703005009700463,
            0.43113210484102044,
            0.5595926310986025,
            -0.011209209607644804,
            -0.3543654091966578,
            0.3009108684851835,
            0.27550142784281495,
            0.3831307727717615,
            0.5569039022840133,
            0.2536504752240186,
            -0.10746972908150501,
            0.6548267488997106,
            0.39225969278742484,
            0.4892345540283197,
            0.5076072649733545,
            0.2177565826474489,
            0.15267754919765225,
            0.43215394467776674,
            0.07717420078951444,
            0.5477362185875974,
            0.05294428100663583,
            0.3170066689971731,
            0.3343014635520558,
            0.23811601339913602,
            -0.2753126831222949,
            0.2945329350926431,
            0.24317988700481766,
            -0.08730541454197042,
            0.27329507230346517,
            0.41747607501777384,
            -0.10369099356658941,
            0.042068725844727886,
            -0.5464155161321891,
            0.550016806166163,
            0.5060896319447307,
            0.46567594734042345,
            0.5552692115491873,
            0.1580399565624119,
            0.5704675623416199,
            -0.2965994573461954,
            0.33760967694831373,
            -0.034939301846942605,
            0.1488128308108503,
            -0.1523498479668451,
            0.3645421950424194,
            0.30954990608663646,
            0.6620974539893656,
            -0.1866314935698705,
            0.5287422067518247,
            0.4562429754363381,
            0.6362790538510885,
            -0.39974774155897924,
            0.386172817431673,
            0.3016328317793064,
            0.41232301086839906,
            0.011397012952733777,
            0.6253829016925526,
            0.19027344476123417,
            -0.5305140508177639,
            0.31348759277957106,
            -0.3244993703552128,
            0.07445285740115937,
            0.5751987971102145,
            -0.10432594206146323,
            -0.011476991048770029,
            -0.23578708339181667,
            0.5137267640625125,
            0.5422755858325405,
            0.4307427003944757,
            0.27759965195511843,
            0.23836497119348296,
            0.5654523280585376
        ],
        [
            -0.15143276813271175,
            0.08482212495707823,
            -0.011200714392171721,
            0.5795071507691404,
            0.6195346660416596,
            0.798142310493342,
            1.0783030274953065,
            0.6366293134686745,
            0.831612357106719,
            -0.6391779100233332,
            1.0164962897558842,
            0.5478979295851616,
