{
    "fast": [
        [
            1.2164489149050428,
            -0.05428820067866941,
            -0.06850533915425552,
            0.32961873449281526,
            0.546596006056978,
            -0.5330873524850793,
            0.5774619586957298,
            0.4375816096880926,
            -0.22945122371415114,
            0.12999990384365945,
            -0.38398276693934025,
            0.022971107533658466,
            0.3688189713383951,
            0.570294979457424,
            0.36233384810530717,
            0.22563156604076212,
            0.5288455201125559,
            -0.21421973368275535,
            -0.8081364363891937,
            -0.2063801494671694,
            0.5164462229897057,
            0.7482909371975461,
            -0.7166769285869639,
            0.6014893138436626,
            -0.7149997561815715,
            0.4625200712635526,
            -0.023023181954112553,
            -0.6252991298123332,
            0.17888239379828083,
            -0.2577245866897629,
            0.45948207500704413,
            -0.10785466753947492,
            -0.2956588052123904,
            0.1539647184610761,
            0.8132926432014123,
            -0.10749506034645614,
            0.2795477151986919,
            -0.6764312497966009,
            0.6306084787257347,
            0.18876865666007334,
            -0.2329407064237254,
            0.30520513279393,
            -0.039159726773829354,
            -0.5747088893865829,
            0.5697598804791224,
            0.5704466949218795,
            -0.32906589015679694,
            1.0205204327068713,
            0.5126641325711107,
            -0.18891593805457893,
            0.6010799159746911,
            0.38621197942435176,
            0.2884959193415115,
            0.26483369234221665,
            0.38179751006974144,
            0.29962875433556146,
            0.1319145202408809,
            -0.19294934863892138,
            0.29416090856574306,
            -0.2987658133372683,
            -0.5899202406003342,
            0.28287211359088577,
            0.03214066613196529,
            -0.0421886053824323,
            0.5362570593082158,
            -0.3159768525135,
            0.2926363531026481,
            0.3655701974353639,
            -0.019273577538422185,
            0.6783128914706464,
            -0.24402190444584637,
            0.3917692582922208,
            1.0431513876344216,
            -0.22793165085977757,
            0.6967687828839272,
            0.0935709992726024,
            0.6865427248603324,
            0.6807994681681594,
            0.2998563120171096,
            0.834202305617737,
            0.5790047398829494,
            0.7654465395826974,
            -0.1756802475897966,
            -0.4788536172568791,
            0.3580683232778236,
            0.4587259257238214,
            0.4163276153907652,
            0.42502608992213603,
            -0.47936599273242525,
            0.1677760097483642,
            0.3765098195029104,
            0.12650214445966668,
            -0.012474838215716648,
            -0.3612359322147877,
            0.28717512730489614,
            -0.05429663559157467,
            0.2652247926561479,
            0.33342480961561505,
            -0.375416687932516,
            0.6373960671645451
        ],
        [
            -0.05428820067866941,
            1.0675422039966898,
            0.35860137196124514,
            -0.05021191764587441,
            0.4576651042758824,
            0.2563368252272109,
            0.0007565098677888446,
            -0.7238014330789808,
            0.18308080693609835,
            0.6537393854143303,
            0.04394520806562604,
            -0.9200332336958811,
            -0.42279291507554884,
            -0.3430382099236863,
            0.20052104870318369,
            -0.44500025831284423,
            0.38898357481279,
            -0.23250011640422685,
            0.3512888414393763,
            0.5718473476721528,
            -0.5633018720439988,
            -0.812629829553142,
            -0.022401059023966052,
            -0.567190971508756,
            -0.17550648978334837,
            -0.6268105791633318,
            0.678210661633228,
            -0.007899669162068017,
            -0.10721409349454465,
            0.18432924210740653,
            -0.3603546808897665,
            0.9640414360013256,
            0.4399963222468238,
            0.40560108090284364,
            -0.1470805262619161,
            0.31603386457597105,
            0.43023760673538575,
            0.4821772645912492,
            -0.21638748659518628,
            -0.14153761803256878,
            0.5264687019972073,
            -0.18183472576284804,
            0.015239715650746792,
            0.6647366859117352,
            -0.085196781563796,
            0.29649642714619584,
            0.2386095556936724,
            -0.0715421600523472,
            -0.6151555384508204,
            0.5313949466076043,
            0.08459916354239515,
            -0.6459299056301284,
            0.2853758792649218,
            0.03692452891237739,
            -0.12413940522220522,
            -0.6017306067417284,
            -0.03364889910159643,
            -0.09483146055090773,
            -0.16538402437776417,
            -0.4893743895311799,
            0.21248430408494856,
            -0.594166449931839,
            -0.2089529119726389,
            -0.48652579198270945,
            -0.12858158304469916,
            -0.36565409905404145,
            -0.18241346865894154,
            0.23346805303169324,
            0.803792740363037,
            -0.044751431642748266,
            0.2795195956566827,
            -0.3951302194980008,
            -0.26169749807748144,
            -0.05900552777061628,
            -0.3134047739499553,
            -0.32993877298992624,
            -0.2378778328872074,
            -0.011815424819484032,
            -0.5205338970327474,
            -0.35357280356176346,
            -0.7199893656721809,
            0.19458070423372473,
            -0.5762173616361375,
            -0.009130523955352608,
            -0.8005446070650833,
            0.17422345165604028,
            -0.26069024887414244,
            0.19042314249189238,
            0.55142083089266,
            -0.45112643056832313,
            -0.03253971841734919,
            -0.3811991336228449,
            -0.5146963153265525,
            0.09667232264078596,
            -0.353284350478052,
            -0.7024346416383392,
            0.05785840161948074,
            -0.4206003655453899,
            -0.381377614429719,
            -0.3521436777148183
        ],
        [
            -0.06850533915425552,
            0.35860137196124514,
            1.1075911178817561,
            0.8072590931372702,
            0.2450794075775735,
            0.2208547577134988,
            -0.14822555148981384,
            -0.5877508297269337,
            0.12169741481581443,
            1.0765446399933034,
            -0.28808952062259074,
            -0.7357475959829373,
            -0.5782698877839961,
            -0.3110178267919074,
            0.23063810243013266,
            -0.48062276259702064,
            0.3864142346643821,
            -0.09335670456277569,
            0.4562658845114591,
            -0.032395499798285654,
            -0.817492701700074,
            -0.5129663745590914,
            -0.12299705540658187,
            -0.4333312751807841,
            -0.025273529165225357,
            -0.6170359825615583,
            0.3205038646951345,
            -0.09600777877772808,
            0.16943771075511038,
            -0.11589633078982912,
            -0.7430541500834056,
            0.3338187052304762,
            0.25094374707842676,
            0.06804154163808203,
            -0.1667856668891128,
            0.1450785892816832,
            0.7301183233900471,
            0.36275078571188396,
            -0.2560209448874382,
            -0.21581432233008202,
            0.6109928523183118,
            0.21800937724899183,
            0.12046459292212365,
            0.8121094152824387,
            -0.04727051387857793,
            1.0381817645209277,
            -0.13557597902773258,
            0.32602156281568645,
            -0.35758606530659653,
            -0.30621970757767064,
            0.5668122176954026,
            -0.616701712603209,
            0.16998667762037023,
            0.3437473031122815,
            0.32963257515206434,
            -0.5928755694431129,
            -0.3725804540918762,
            0.15640836290718263,
            -0.4600413526316256,
            -0.33688218933752884,
            0.5736209922939828,
            -0.42556787816356495,
            0.0494322471870323,
            -0.5599106629711587,
            -0.4898197854209752,
            -0.016438714232317367,
            -0.28326592184245664,
            0.4772713397576088,
            0.43099832050943565,
            -0.033936320226946114,
            0.571387337409893,
            -0.24738441170085823,
            0.24491627624781614,
            -0.2943308644418069,
            -0.5319602525535088,
            0.2821738482929039,
            -0.13454709436262463,
            0.16498402771908455,
            -0.6775475131037887,
            0.046712366962678095,
            -0.24990163438535207,
            0.5034341439198229,
            -0.22400361925911075,
            0.5064906861096812,
            -0.48052990741725293,
            0.09057282056057715,
            -0.2409687884497998,
            0.09444515989811855,
            -0.073650155074135,
            -0.23678209883047358,
            -0.5324427892252077,
            0.34524632834701796,
            -0.13786861839368492,
            0.18171700443408173,
            -0.04242600596040747,
            -0.2867403100261387,
            -0.2693153991854319,
            -0.20752791140372726,
            -0.6151655106786422,
            -0.5235697238879661
        ],
        [
            0.32961873449281526,
            -0.05021191764587441,
            0.8072590931372702,
            1.552765937551533,
            0.24921871270465937,
            -0.30280586081610517,
            -0.07955770149454877,
            0.07543512434616217,
            0.03131211447210047,
            1.0107703719845271,
            -0.21880844203937294,
            -0.27559728209930145,
            -0.04587903855241986,
            0.34131069481930376,
            0.6342061189360056,
            -0.19524228539899832,
            0.31377434744672517,
            -0.1822707333119981,
            0.09547870821119975,
            -0.4275322550673455,
            -0.14933506151290363,
            0.2507580618133085,
            -0.3281599662364248,
            0.18522026705611913,
            -0.09737935787900842,
            0.0319098279672551,
            0.08244071104102452,
            -0.5681070501123676,
            0.14482335282821437,
            -0.7537697874597745,
            -0.40402131173265327,
            -0.05781946743239715,
            -0.44171750774030916,
            -0.07004078322151337,
            0.1023592135303688,
            -0.025602692139497615,
            1.011815588323273,
            0.029020061148832,
            -0.023252509678320654,
            -0.6102678824482393,
            0.5339790125023353,
            0.3157133446134337,
            0.35393769069814907,
            0.2760921851008158,
            -0.21328604896457923,
            1.2933923018277456,
            -0.7479219263665872,
            0.7039020466490525,
            0.11320059969951084,
            -0.5801874378583163,
            0.8544124668666923,
            -0.35124379485532076,
            -0.2513505588831793,
            0.4543675716668331,
            0.862962527679596,
            -0.010513646488967772,
            -0.019844215026586724,
            0.4912809711781525,
            0.065483317614805,
            0.019991896775589393,
            0.004878827452848214,
            0.003288394790898333,
            0.2630857589440391,
            -0.1740772491006097,
            0.05516631158689503,
            -0.618889326787919,
            -0.1167987699567425,
            0.6862934420634957,
            0.37347635510375354,
            0.02727789624775584,
            0.5633896207916758,
            0.41827038880966694,
            0.4826744829505906,
            -0.07483073176140176,
            -0.07796562809867001,
            -0.08118837432836609,
            0.338047650731816,
            0.7867206500082068,
            0.0327203049949063,
            0.6070433266773646,
            -0.03508905173131689,
            0.5586044911929805,
            0.12222871235103695,
            0.08418831879189659,
            0.05970899689884339,
            0.34607228575693766,
            0.1530673406568161,
            0.41982945292009705,
            -0.37558694043874524,
            -0.1913254856752293,
            -0.46240396895558356,
            0.24471882453986515,
            -0.02322084546297922,
            -0.3136716867846394,
            0.49100178643615844,
            -0.29613561468242106,
            -0.13116227610900494,
            0.14546460469628325,
            -0.6874958800563509,
            0.05257559206903024
        ],
        [
            0.546596006056978,
            0.4576651042758824,
            0.2450794075775735,
            0.24921871270465937,
            1.0652918860240015,
            -0.1827665845643751,
            0.6734044430331952,
            -0.34183013753846564,
            0.04712920410295829,
            0.42311220444336417,
            -0.2725182428114134,
            -0.6564013172286945,
            0.11069579038175967,
            0.08490067735579783,
            0.3094738600353962,
            -0.10657525043208235,
            0.7382402830664837,
            -0.11380733133426514,
            -0.3277859412708429,
            0.0008071916327660004,
            -0.10287629694591875,
            -0.09212192585081685,
            -0.36122439826761266,
            -0.33323161311391686,
            -0.699771752959732,
            -0.31996880138554934,
            0.1117835580292244,
            -0.6247662181729339,
            0.14194038739859619,
            -0.3840280700372092,
            -0.21807818325567876,
            0.21493933877618426,
            -0.000600162128375874,
            0.11255410178731594,
            0.5547562935712058,
            -0.03596624663545169,
            0.28888857504977494,
            -0.3242601551702666,
            0.42004627772698505,
            -0.4366093645060415,
            0.27244904905877226,
            -0.5670297017462854,
            -0.14981225125416694,
            0.09673816469047972,
            0.563219509450581,
            0.36707661366682426,
            -0.4018576731494222,
            0.5539815395070706,
            -0.15811325911339527,
            -0.04972881372208322,
            0.4648870736265742,
            0.07353645489557797,
            0.76983687820577,
            0.18436463562350236,
            0.15860284960388688,
            -0.32638699633410573,
            0.014667053572819425,
            -0.3681525293576324,
            0.1065772865999764,
            -0.5006521384189553,
            -0.1897783727485745,
            -0.49646846630512875,
            -0.1642894211401444,
            -0.19353007372189274,
            0.0002106244951574365,
            -0.23150870261044787,
            0.07529037443811144,
            0.2618784243286984,
            0.19472196899473773,
            0.4901330112365652,
            0.1440918819842781,
            -0.35111906446267654,
            0.47556254831601136,
            -0.3405696589303613,
            0.04285301006224839,
            0.39708112525856754,
            0.26878523631046464,
            0.47614968690367043,
            0.027606959127279902,
            0.09706571972318592,
            -0.43330170813856145,
            0.8294153466136396,
            0.30593018839885844,
            -0.15759736743721944,
            -0.21492062675441068,
            0.05164073471970077,
            0.2109507021282606,
            0.11249722242269229,
            0.06062437417053711,
            0.18921123125510894,
            0.3097850733529994,
            0.2578363771849415,
            -0.3900174489580803,
            -0.19781889075387316,
            -0.4520368018233882,
            -0.17437636030119336,
            0.4306004794206876,
            -0.13374780300083913,
            -0.2613112532799217,
            0.046770766450402734
        ],
        [
            -0.5330873524850793,
            0.2563368252272109,
            0.2208547577134988,
            -0.30280586081610517,
            -0.1827665845643751,
            1.138507682377573,
            -0.4691989604387968,
            -0.7438891629887896,
            -0.13446426239749137,
            0.10142491464370113,
            0.20737318851917672,
            -0.46441611988798465,
            -0.8083939395209341,
            -0.8170226238769654,
            -0.18453703993053858,
            -0.2694734037743017,
            -0.20316598903026237,
            0.10819391946269671,
            0.7964128231062831,
            0.19600404470302732,
            -0.8662593938131647,
            -0.9149642782333316,
            0.05873408523080739,
            -0.7128251209857357,
            0.4937654143082926,
            -0.7440813189086397,
            0.1545717097459737,
            0.8101595717754021,
            0.08459915022701885,
            0.02789068675058441,
            -0.47143356991336544,
            0.6410839820223753,
            0.44860308998567466,
            0.05278688015217261,
            -0.7128751734868848,
            -0.0475110675756439,
            -0.15691570447935727,
            0.9171632213456261,
            -0.7735586290222212,
            -0.06485050457483436,
            0.5807078388714151,
            -0.21129296223136673,
            0.012927910806781542,
            0.6466485252662078,
            0.010459524288492573,
            -0.22970427175627273,
            0.4369347614011646,
            -0.7305102138430637,
            -0.7547634067577567,
            0.39137482105106025,
            -0.5007332677259366,
            -0.7517104926679781,
            -0.028779026684041947,
            -0.5293019995918936,
            -0.5583543691960811,
            -0.6796526988782279,
            -0.3531165052196462,
            0.0665508356044551,
            -0.6211358661138376,
            -0.3111277560697756,
            0.6370728733259754,
            -0.6002107501327969,
            -0.08615361958096301,
            -0.4365039591857556,
            -0.5178364236066356,
            0.4786791657880623,
            -0.16031952808237543,
            -0.22073039433471356,
            0.15707062230936747,
            -0.3819075046622535,
            0.32071927529456556,
            -0.5851422914923297,
            -0.5586400979685273,
            -0.13367542851298186,
            -0.8900781052936565,
            0.1553412200205205,
            -0.8228025912843786,
            -0.8358207694089342,
            -0.8253644964805739,
            -0.8306916454201269,
            -0.1950716045081259,
            -0.5506775339377689,
            -0.17217408588618396,
            0.5677494834839697,
            -0.46665373241236086,
            -0.12344289097276596,
            -0.5805254745762156,
            -0.5291652171403097,
            0.1631867859935598,
            -0.5466255855813383,
            -0.21923671820261723,
            0.07332816487840113,
            -0.17320711025079488,
            0.35105903341915434,
            -0.47968733841921246,
            -0.08406837052754136,
            -0.49797296998115087,
            -0.18703037785005727,
            -0.16973786267991037,
            -0.6445194529380558
        ],
        [
            0.5774619586957298,
            0.0007565098677888446,
            -0.14822555148981384,
            -0.07955770149454877,
            0.6734044430331952,
            -0.4691989604387968,
            1.1967272593032088,
            -0.038303029771922306,
            0.13855649339810172,
            -0.1537108603500823,
            -0.46822611762215727,
            -0.18983075045827166,
            0.30012087207293286,
            0.19645931719219134,
            -0.15072694732986544,
            -0.01613418694308264,
            0.7785491967068671,
            -0.1580971133568115,
            -0.619672438332517,
            -0.10387838662552706,
            0.1913968367927276,
            0.23949986928735578,
            -0.306038350487367,
            -0.07854529597463038,
            -0.4358506353034748,
            0.09938344875049131,
            -0.1416268034629236,
            -0.6361785929411057,
            0.1909491196693779,
            0.010746118597134743,
            0.4043156853081556,
            -0.5559165386192568,
            -0.002477264416066515,
            -0.009042766597871836,
            0.811848602786176,
            0.1257086398822865,
            -0.11910069468954486,
            -0.7434636920333988,
            0.5145914608421331,
            0.01083298442750719,
            -0.2102633202068813,
            -0.4691287357420493,
            -0.4130067076333084,
            -0.5106397660882106,
            0.9745286730563189,
            -0.010395805591002923,
            -0.34161700233918013,
            0.6488609156953737,
            0.1402504191035055,
            -0.10418825753943999,
            0.4865418395256276,
            0.4830734286835388,
            0.7243894060747453,
            0.28668326865649674,
            0.020970199812268615,
            -0.0361540798163584,
            0.13165733134169716,
            -0.544143735881342,
            0.07902504156945575,
            -0.5257397531257602,
            -0.7593339279837302,
            -0.04925924398369762,
            -0.03080027131929725,
            0.0530417886390759,
            0.09748094066689307,
            -0.15836431603444093,
            0.17485783533512575,
            0.3155253921514697,
            -0.284689537827035,
            0.7350991066725107,
            -0.5184670036204775,
            -0.26965717882348106,
            0.6302736532619819,
            -0.5044742201491518,
            0.3274231179815788,
            0.2011098684472897,
            0.37802675769298916,
            0.39952741640901596,
            0.3131358194613413,
            0.3880281626818801,
            -0.0652102257118315,
            0.7351217407348208,
            0.28450587623172735,
            -0.22660028425399695,
            0.2439183866667752,
            -0.02248025586746486,
            0.16860591870700692,
            0.19160070852439104,
            0.1751839157987698,
            0.125589038255109,
            0.4514730369419709,
            0.0990965016301722,
            -0.06969239682912019,
            -0.0063657405627951915,
            -0.3329061048290518,
            -0.0341208712168466,
            0.5783620002588068,
            0.06433629852080036,
            -0.03455558559035836,
            0.2544637085646513
        ],
        [
            0.4375816096880926,
            -0.7238014330789808,
            -0.5877508297269337,
            0.07543512434616217,
            -0.34183013753846564,
            -0.7438891629887896,
            -0.038303029771922306,
            1.3875043203396797,
            -0.21181894810757376,
            -0.5698619396821792,
            0.21131856446136743,
            1.1132364895549367,
            0.8498513387622707,
            0.9225892525255366,
            0.09950251045705233,
            0.5180465734946887,
            -0.4016460278072769,
            -0.11448811992759007,
            -0.9380513519425365,
            -0.37253144819963274,
            1.1915409651075703,
            1.225875854114224,
            -0.13109045346095063,
            0.9638464537529675,
            -0.05904086166460325,
            1.2308164971492548,
            -0.500025940004635,
            -0.3708232889518661,
            -0.044800313089096544,
            -0.19631862263231661,
            0.5642008104850661,
            -0.6677723241620672,
            -0.7544903450689306,
            -0.3070222951016091,
            0.5246551121141748,
            -0.3577489807554873,
            -0.06687338459347794,
            -0.9633649352028225,
            0.48697309079500645,
            0.44571262732059996,
            -0.8456791534335215,
            0.17494470971105694,
            0.002051814117576982,
            -0.8681097940149634,
            0.03480518532945029,
            -0.06990683884174953,
            -0.35712026531831337,
            0.23992594897854358,
            0.8653526551336272,
            -0.5787367689656675,
            0.2015256452804683,
            0.9557159503023633,
            -0.5406001203882943,
            0.1981101722853807,
            0.492526995758421,
            1.1596193647971413,
            0.20795408410677607,
            -0.0747216728733306,
            0.6049891433493161,
            0.741420006433232,
            -0.6206541365443621,
            1.1610773098428184,
            -0.05163057775792687,
            0.5898016203423241,
            0.8372704659547735,
            -0.13866245121728316,
            0.42951262317878686,
            -0.030174092679870056,
            -0.3715664057720804,
            0.4620408452872165,
            -0.33740934506558895,
            1.1117345262276916,
            0.29269211234914616,
            0.5934116506636185,
            0.729452248026215,
            -0.32412347738528463,
            0.8080312116251649,
            0.5520609747555109,
            0.8437273150138529,
            0.9572156204340593,
            0.4788746637899778,
            -0.02328098280228259,
            0.04342685908290003,
            -0.7871706089023042,
            0.6460568300981131,
            0.2842783136874847,
            0.5611922005079686,
            0.19393819138188714,
            -0.4987415810351266,
            0.6443609186800843,
            0.3131413848894551,
            -0.15377930325424188,
            0.28679212186792746,
            -0.3658693574086302,
            0.6518370081223898,
            0.11101122253858631,
            0.058071462237380966,
            0.3217116656155129,
            0.31493216134545116,
            0.8843653544755744
        ],
        [
            -0.22945122371415114,
            0.18308080693609835,
            0.12169741481581443,
            0.03131211447210047,
            0.04712920410295829,
            -0.13446426239749137,
            0.13855649339810172,
            -0.21181894810757376,
            0.44696396038445463,
            0.12561499111015048,
            0.11106342128312481,
            -0.17094871859799887,
            0.02833794139672052,
            -0.0643581195177797,
            -0.02035112015656194,
            -0.23521898336858563,
            0.1067859759044722,
            0.09689329319071349,
            0.36115813009114495,
            0.15280547366844358,
            -0.15215152228632403,
            -0.24108174513924654,
            0.3436314754727671,
            -0.19353755855230767,
            0.20435557583534164,
            -0.08437242522593807,
            0.2373420021609931,
            -0.06561527413925174,
            0.0371274329973552,
            0.20033248607517604,
            -0.1133338607993724,
            -0.04874142426957692,
            0.13054212133117982,
            0.054470742342628144,
            -0.15214205890936572,
            0.4255833645161593,
            0.10435089557455411,
            0.17565421981756602,
            -0.22296487090283643,
            -0.13485473256119268,
            0.2305372528282991,
            -0.045126607710474324,
            0.1371319391012884,
            0.30576912971709663,
            0.21088713857960611,
            -0.05495157996240178,
            0.08806698469225542,
            0.002210599628022047,
            -0.06846072495702402,
            -0.0773533011727277,
            0.060582888715659144,
            -0.18308187835478584,
            0.001047647009354868,
            0.17859730702738064,
            0.07410010903131921,
            -0.11011860308804156,
            -0.047541511558370234,
            0.04470903561813705,
            0.10204421256810216,
            0.06165817647275308,
            0.006342188141096054,
            -0.09711076744585176,
            0.06565523130582614,
            0.23596913743233183,
            -0.147625154091636,
            -0.1393135849742677,
            -0.0363048567940169,
            -0.04804078133259639,
            0.12605744791062418,
            -0.16100776453110655,
            0.06997737432481001,
            -0.2468794699227664,
            -0.17849644462953063,
            -0.011432670458964986,
            -0.19288781176062259,
            -0.024255350963619426,
            -0.18427742346888415,
            -0.02727894959924916,
            -0.061989196512803595,
            -0.1561352390988508,
            -0.34711592565703797,
            -0.09715525869550974,
            -0.07796041171224928,
            0.1966845660353338,
            -0.12917394056094467,
            -0.03344464433038433,
            -0.11077660727914128,
            0.13936238715085372,
            0.2391412151849648,
            -0.19647707917503068,
            -0.15264971283696993,
            -0.2671177609168815,
            -0.08858607999952571,
            0.0247713782044374,
            -0.05100567589434468,
            -0.3259807489999612,
            0.17534358158787264,
            -0.047349349523126985,
            0.018278808284909655,
            -0.07202810692791788
        ],
        [
            0.12999990384365945,
            0.6537393854143303,
            1.0765446399933034,
            1.0107703719845271,
            0.42311220444336417,
            0.10142491464370113,
            -0.1537108603500823,
            -0.5698619396821792,
            0.12561499111015048,
            1.3230943136040352,
            -0.159937451320872,
            -0.8590851543795729,
            -0.47217512509447307,
            -0.10697130821070586,
            0.5569865306945996,
            -0.5919634337699865,
            0.5425693630453983,
            -0.23872139454818633,
            0.3585341941635075,
            -0.0012177033821864237,
            -0.6781144400490143,
            -0.4388141462888485,
            -0.18645486840298195,
            -0.3564728903178705,
            -0.11264255739432828,
            -0.557999837254935,
            0.4982559158975361,
            -0.37999496776472397,
            0.014659516011799248,
            -0.351419716682537,
            -0.6729962328268289,
            0.5321139607868277,
            0.12048023116809212,
            0.17616630295645477,
            -0.01564041492875223,
            0.212981509577814,
            1.0691253475684697,
            0.3749430255540335,
            -0.15831488189487333,
            -0.34720472261102225,
            0.7423648472106457,
            0.23144653849675237,
            0.21883579523565108,
            0.80560297392845,
            -0.2549208739304617,
            1.3010520354116675,
            -0.23997668087478566,
            0.42382285755608856,
            -0.4474201968569163,
            -0.18826549110633567,
            0.70964191085193,
            -0.7163644825066833,
            0.21198119391523157,
            0.3665239077062575,
            0.4899468273083833,
            -0.56014214185591,
            -0.20401644675269384,
            0.3303129275040661,
            -0.2908513328009652,
            -0.40297668155762284,
            0.33265156708804466,
            -0.45245852479164406,
            0.05628047605643801,
            -0.5626627198305849,
            -0.23822542817664705,
            -0.4147565298125087,
            -0.21542967770133642,
            0.7211121755873888,
            0.7018003332264598,
            0.050956442706319285,
            0.7091753189486241,
            -0.04265947767861027,
            0.27640539961800636,
            -0.19765623127471732,
            -0.36135655935672023,
            -0.0910290038735152,
            0.06909393053638968,
            0.4936086823344918,
            -0.582311264838842,
            0.19866639495589175,
            -0.4389166174928349,
            0.676949688628514,
            -0.34672459847439296,
            0.21868353028030663,
            -0.5752691001236994,
            0.32152714230218427,
            -0.14837476508950279,
            0.3454762032454141,
            0.017211270477018214,
            -0.4089921834676528,
            -0.3892390724324582,
            0.2562840049024237,
            -0.2708554616010724,
            -0.06482965912849367,
            0.16424844324185534,
            -0.6247692989224224,
            -0.11775293725351234,
            -0.20876258133526499,
            -0.6852125005876689,
            -0.35201055249086577
        ],
        [
            -0.38398276693934025,
            0.04394520806562604,
            -0.28808952062259074,
            -0.21880844203937294,
            -0.2725182428114134,
            0.20737318851917672,
            -0.46822611762215727,
            0.21131856446136743,
            0.11106342128312481,
            -0.159937451320872,
            0.8847408444777508,
            0.24886035436191806,
            0.3047898552484041,
            0.2931725992380357,
            0.257902330794656,
            -0.051031142049939526,
            -0.39446459241382464,
            -0.08378140466488301,
            0.20540814530935894,
            -0.02368115902403315,
            0.11940273985878103,
            0.1020997348098538,
            0.7117281630484784,
            -0.03635659637061043,
            0.32225387682055384,
            0.28840358945577926,
            0.04256802873144939,
            -0.007775277883965205,
            -0.18126008533411772,
            -0.22763059564232924,
            -0.19126764262457538,
            0.07859597994378961,
            -0.29132765682520734,
            -0.160023941809376,
            -0.22145718381773696,
            0.13015548188629153,
            0.12985324657481362,
            0.13894505217023176,
            -0.2644305450912537,
            0.09798574109252538,
            0.09651758389018875,
            -0.2066976321972639,
            0.32020464133905907,
            0.27312732891625807,
            -0.41318973250460117,
            -0.25967609245713374,
            0.25519232516855206,
            -0.6417069376170786,
            -0.16928744801261925,
            -0.1520075107374017,
            -0.29063219652991384,
            0.07889359640526908,
            -0.32449270569753524,
            -0.08652725643168556,
            0.03108794737596258,
            0.24508271078565882,
            0.05214902486046764,
            0.1430482584140106,
            0.4018209414756119,
            0.5573329591071987,
            0.02532840474365328,
            0.3204100206822089,
            -0.15956242549373337,
            0.5622274597225144,
            0.048151425068388,
            0.12582056936452884,
            0.3318336081211749,
            -0.19196829717111413,
            0.1432931144791778,
            -0.2134083272011225,
            0.3965944045420894,
            0.023260415536453187,
            -0.5354883322405599,
            0.6622067195658462,
            -0.18073381860486276,
            -0.4771071099360488,
            -0.036223104730270364,
            0.08664027066947444,
            0.2412025948334069,
            -0.14269631545680286,
            -0.3497783332912386,
            -0.5069979072197193,
            0.09486104469475083,
            -0.20875122488348977,
            0.019346542750759126,
            0.005899569273329881,
            0.09452038266267695,
            -0.09417699029062417,
            -0.03899186274370146,
            0.01804259372206051,
            0.2762936468160744,
            -0.12990265154580785,
            -0.22463777182203415,
            -0.2262816286255054,
            0.1911301411026758,
            -0.42206912578168715,
            0.09541100398055102,
            -0.3375948026613419,
            0.5140145511875673,
            0.27351517261378594
        ],
        [
            0.022971107533658466,
            -0.9200332336958811,
            -0.7357475959829373,
            -0.27559728209930145,
            -0.6564013172286945,
            -0.46441611988798465,
            -0.18983075045827166,
            1.1132364895549367,
            -0.17094871859799887,
            -0.8590851543795729,
            0.24886035436191806,
            1.4302063063939476,
            0.7163006181066109,
            0.6184400800776707,
            -0.14880462592800348,
            0.42322083105521846,
            -0.46792735706185773,
            0.19671962170080617,
            -0.6888411699011372,
            -0.33247744600117835,
            1.1228783673832208,
            1.1117463454730006,
            0.3188658148273704,
            0.9685624523053752,
            0.27938109789151827,
            1.0734680315613123,
            -0.5793070478394821,
            -0.03520608946448901,
            -0.2429990943670903,
            -0.03571957199367326,
            0.7045641343864976,
            -0.7859970161323979,
            -0.4672070334418645,
            -0.3053651752868669,
            0.23595152532433594,
            -0.15088384074606306,
            -0.4183579418303663,
            -0.6793499408113703,
            0.29952183030655105,
            0.23417087671729242,
            -0.922241492059892,
            0.27435155626093033,
            0.07561013251823066,
            -0.8841997603628036,
            -0.049151361319209996,
            -0.44223014245450176,
            -0.1105501821287789,
            -0.05019642320520566,
            0.8214820413591097,
            -0.27238517204284785,
            -0.14050603922316163,
            0.8461464143786507,
            -0.5170426660436339,
            -0.009952093715602134,
            0.07452767639679833,
            1.0560509408413177,
            0.26894757529850916,
            0.09642338944565003,
            0.4601459729052312,
            0.8357379254931665,
            -0.4425255868225445,
            0.9491047391088293,
            0.1565094456427676,
            0.7980598368446609,
            0.6043066642412736,
            0.16936952529492522,
            0.2240176609435943,
            -0.2962552169986906,
            -0.5531874543332055,
            0.13424206205508862,
            -0.3773361897519937,
            0.9645147038274876,
            0.06914676912658532,
            0.45016286147370194,
            0.7534056808418731,
            -0.16374796331264105,
            0.4332104431625155,
            0.1830325536065716,
            0.7544236103953634,
            0.55430590853765,
            0.4016591675030687,
            -0.4173687961064437,
            0.284076404865805,
            -0.5420067248069321,
            0.8323547552872367,
            0.018474946909586697,
            0.3795193259284834,
            0.14999546020425245,
            -0.3937457661638999,
            0.4191931386995928,
            0.28666666370919125,
            0.1436182828383181,
            0.41580755726666835,
            -0.22185710454158183,
            0.6395800297165918,
            0.41774831539150353,
            0.09097145218968299,
            0.6332098758779577,
            0.679872171971189,
            0.6458419296026273
        ],
        [
            0.3688189713383951,
            -0.42279291507554884,
            -0.5782698877839961,
