{
    "fast": [
        [
            1.0431281937070962,
            0.017155548827550257,
            0.1792594030375912,
            0.6230302740611405,
            -0.19295738512466584,
            -0.18169106831611706,
            -0.044499953601258836,
            0.20150236518220782,
            0.07181484542280099,
            -0.20568856639268437,
            0.1338688422153158,
            0.13832286944205294,
            0.46266997735382437,
            -0.08650067484598231,
            -0.06886676252187557,
            0.19872993991607554,
            0.2981993007527286,
            -0.2637229505327248,
            0.2926431398035505,
            0.5087771849777251,
            0.20810014729067555,
            -0.003933674862241603,
            -0.23908541480124895,
            0.3289479763920504,
            0.1581309163296948,
            -0.026463262193328226,
            0.02435416702359337,
            -0.06730056393379848,
            0.3366223164076495,
            0.40773589060056753,
            -0.051807555332190704,
            0.4627716248151589,
            0.007202139907250125,
            0.02750872411824079,
            -0.3045218037458494,
            0.17058405704579319,
            -0.3279176627150876,
            -0.14103747578175854,
            0.20506602949100583,
            -0.3333118141590566,
            0.19454253513084602,
            -0.13264570007248463,
            0.19906790179388767,
            -0.01725388067630285,
            0.09399441942339404,
            0.586086426631597,
            0.06556890814686539,
            0.0211743664993563,
            0.08249039320545491,
            0.08213824617644944,
            0.05588234396625315,
            -0.12787893015870316,
            -0.14217412437624832,
            0.3833562317230699,
            -0.10308853435630165,
            -0.018027932934520242,
            -0.2576890331070479,
            -0.05438989040220825,
            0.00837358698401914,
            0.5702985238334233,
            0.10004834846979621,
            0.13274915957763936,
            0.03819279227471816,
            -0.4612371671531552,
            0.15102297361896722,
            0.28706862091655666,
            -0.27126145977284355,
            0.2843829766290556,
            -0.20786307929952602,
            -0.11534390962004028,
            0.046389753536866994,
            0.322031214798959,
            -0.014565420324315551,
            -0.4056312352587174,
            -0.5012119379761062,
            -0.3426054454094103,
            -0.036941735891787654,
            -0.274615182522313,
            0.28550677189226975,
            -0.6216681932982288,
            0.19526369981398511,
            0.5361738118189125,
            0.1531876827010208,
            0.3513595835767002,
            -0.2732568081159289,
            -0.06550528523369895,
            0.06259051599485868,
            0.012220025646524493,
            0.8884363434726767,
            -0.448030513023353,
            -0.16111064757306462,
            0.23398986397867988,
            0.17744861534800097,
            -0.09686296005113447,
            0.1803055113628307,
            0.18823519523893933,
            -0.11723229793016447,
            -0.0010630172378782,
            0.16517494731357152,
            0.12939803947885217
        ],
        [
            0.017155548827550257,
            1.208355830250462,
            -0.5533965911490788,
            -0.15936140235386032,
            0.09916172636128408,
            0.16633334290518229,
            -0.2727478531345959,
            -0.6781456416082523,
            -0.5428920234787661,
            -0.43791481483381384,
            -0.6628590575629694,
            -0.12255903793817456,
            -0.1460424401606989,
            0.2796911088729843,
            -0.22130149357079862,
            -0.3453409578961986,
            -0.5777885597414967,
            0.2934326087967782,
            0.42685793802040495,
            0.659027223206123,
            -0.6286389613255776,
            -0.1624079547178511,
            0.4519594278870187,
            -0.05597615993609434,
            -0.5908248903172186,
            -0.37248231547715693,
            0.24369756279148086,
            -0.17043377854686237,
            0.9044516749949533,
            0.01899512597968479,
            -0.471885274788175,
            -0.36692615959596786,
            -0.6333382820580328,
            -0.42003451395505126,
            0.6631312082613895,
            -0.4123957982382329,
            -0.4381281378263716,
            -0.616167345744383,
            -0.3176980275293218,
            -0.18407644734215312,
            0.514986465407632,
            -0.6352076956631827,
            -0.3820581151781027,
            0.44486179408620213,
            -0.6580590722394042,
            0.06979242813284794,
            0.4331541499058756,
            -0.6825036924741106,
            -0.5672608178645888,
            -0.036817557139572916,
            0.5162308589821784,
            -0.2738651144121671,
            -0.7506086438055474,
            -0.23763381776701548,
            0.20348885335202863,
            -0.2224868096023128,
            -0.1438523022322988,
            0.8998159259774328,
            -0.28787559116856953,
            0.24844038469542135,
            -0.24441793793014185,
            -0.20445736529828207,
            -0.5001674076063849,
            0.4394702195465797,
            -0.7070760507078526,
            0.0014554133854194895,
            -0.29693036684515495,
            0.32212635163019215,
            -0.40770090598085923,
            -0.2056661307864608,
            -0.3985327786691932,
            -0.36231158209266734,
            -0.0665290842102728,
            -0.12223980632720297,
            -0.11001672904552585,
            -0.2188240961739452,
            0.2640352187972745,
            -0.5422870281569577,
            -0.6557094578846663,
            -0.2475195264769076,
            -0.5523027815143322,
            -0.16841301578699433,
            -0.5350971833894651,
            -0.4018267365613679,
            -0.5930751306664656,
            0.38872807541856574,
            -0.6976744254196873,
            -0.05644058721050493,
            -0.4759612617683104,
            -0.13639701147960603,
            -0.6724456663710761,
            0.2712064353116525,
            -0.6325820059460272,
            -0.6844254336234307,
            -0.24820896011497012,
            0.21994649901018531,
            -0.5330497451106343,
            0.5409321125008394,
            -0.6741760115157057,
            0.7198068524568598
        ],
        [
            0.1792594030375912,
            -0.5533965911490788,
            1.3542900915194198,
            0.4658306860203824,
            -0.08937959132947766,
            0.009737872031304115,
            0.13454803955451863,
            0.4586114047053291,
            0.1752515076697587,
            0.06797264354195175,
            0.6181598199003229,
            0.2526477325308511,
            0.004610346076615968,
            -0.5855451979701053,
            0.2438484192668732,
            -0.10010239000814795,
            0.3848968112878069,
            -0.09832543975212958,
            -0.1534762671502913,
            -0.20327728000799974,
            0.580109472453045,
            0.5535575084072317,
            -0.27267142304133796,
            0.3599879754144094,
            0.19512184566778562,
            0.2787220776177189,
            0.1436354695267756,
            0.5040435466927268,
            -0.25819556298336105,
            0.10061267207047538,
            0.1404225280279458,
            0.31352751708253973,
            0.6137970798859291,
            0.2757332895470437,
            -0.6977552465808523,
            0.4370486135211738,
            0.10346546625819919,
            0.737971873098123,
            0.3229759472177875,
            0.5371802798516429,
            -0.0892624094093785,
            0.5569982119531804,
            0.5814719191752282,
            -0.3295341160272002,
            1.0153282531996124,
            -0.1646761270104125,
            -0.2745919887374127,
            0.8798298940413879,
            0.9014412175046398,
            0.06745739124151996,
            -0.11729754833401587,
            -0.24489862579431002,
            0.6709255742076172,
            0.7074306788782508,
            -0.197918435610007,
            -0.07256827144664811,
            0.21149624540695972,
            -0.7063438018875483,
            0.6722597570650466,
            -0.30500391050768233,
            0.30965600882837524,
            0.4965519038356648,
            0.343174511740266,
            -0.47774606418612886,
            0.778963680877205,
            0.0780417322573611,
            0.21267345301038354,
            0.1430597269759105,
            -0.017331878987654432,
            0.0030002879593366777,
            0.27734810231111745,
            0.569994180287629,
            0.08213730387021909,
            0.17401215090207758,
            -0.11952257517959008,
            -0.03896846849923257,
            -0.48232292015907885,
            0.44229883439168793,
            0.9678131320464203,
            0.2845476530611462,
            0.5959119404045203,
            0.05085881488476334,
            0.24147563664830418,
            0.5462341159997389,
            0.5396374856865912,
            -0.19577284013391616,
            0.8091175906173109,
            0.13585077356110928,
            0.15776713010683555,
            0.4187139458104968,
            0.4436472097342053,
            0.057892810108924615,
            0.9514188126433815,
            0.2781870477039866,
            0.5421027416263416,
            -0.07273111870537576,
            0.4079007697921362,
            -0.45029369864506524,
            0.4856969617658392,
            -0.4578477810186894
        ],
        [
            0.6230302740611405,
            -0.15936140235386032,
            0.4658306860203824,
            1.2948702448320282,
            -0.20954809342640002,
            -0.3418782273741334,
            0.2532977289202951,
            0.38698175586495304,
            0.355834235951801,
            -0.2665475504957193,
            0.0977370768919177,
            0.21193787196585037,
            0.274602987308459,
            -0.42416899048772166,
            -0.21429518384451116,
            0.5710335124296019,
            0.19133997302127828,
            -0.41218887992904035,
            0.4944524941608231,
            0.012333479818100478,
            0.44523158716102484,
            -0.1081867200731606,
            -0.269217952345022,
            0.5937420184996727,
            0.08067853603907507,
            -0.18332549276726579,
            0.26442447482397735,
            0.29103969391841983,
            0.4516925900440695,
            0.44483209661271506,
            0.37757567347270277,
            0.8203324182788022,
            0.041417514488330136,
            0.37625990560452405,
            -0.7112411054117385,
            0.6021206695797113,
            -0.44134619616843473,
            -0.020718920612793526,
            0.5465954381506618,
            -0.4681300791146143,
            0.3078546041672046,
            -0.17038436732314757,
            0.5476578268717447,
            -0.09328585438395005,
            -0.0927455129160593,
            0.3685897539856259,
            0.17774202805973863,
            -0.07214278782372997,
            0.028029150832326547,
            0.03445452292860595,
            0.1373670270214281,
            0.16825942063012056,
            -0.022923752692932807,
            0.6505618041598051,
            -0.24206645660055412,
            0.623875070523021,
            -0.2829509181855557,
            -0.17290989892542832,
            0.4699945040132034,
            0.3186569467886468,
            0.42157509396388004,
            -0.04916460969205723,
            0.09187587124929236,
            -0.6006041076247272,
            0.12413670478059216,
            0.6385163190106624,
            -0.357463411691428,
            0.27659238624486704,
            0.0883234876314192,
            0.03866227826360482,
            0.10871377098080935,
            0.5457980297567527,
            0.027574365766568184,
            -0.27934262076628846,
            -0.7489255108976803,
            -0.2302266931756104,
            -0.14236330602915823,
            -0.301402020174302,
            0.3098601559243138,
            -0.4677792649173244,
            0.40591733587805495,
            0.4387114696496262,
            0.4504845687815181,
            0.3595292745036837,
            -0.2488859036744252,
            -0.07256196171461349,
            0.26562730339632074,
            0.12268451954254729,
            0.5680856393162861,
            -0.5376335872512857,
            -0.09501275847235074,
            0.9038162372944835,
            0.08571437481576,
            -0.22650731934866172,
            0.4264930077558235,
            0.5776873910941339,
            -0.07199142185486303,
            -0.27428680737600836,
            0.3834590114556325,
            -0.13802159113038487
        ],
        [
            -0.19295738512466584,
            0.09916172636128408,
            -0.08937959132947766,
            -0.20954809342640002,
            0.09887337355727056,
            -0.024508328074443447,
            -0.03503275448967929,
            -0.06431105776957909,
            -0.05045675181503647,
            0.03916446025315972,
            -0.033268242658371416,
            0.016829660720907746,
            -0.19815458446207598,
            0.1260496866048387,
            -0.057746451344763056,
            -0.08467042425431208,
            -0.09960307604825569,
            0.14274235885735886,
            -0.019837890896949303,
            -0.04097072734440334,
            -0.05503145483494923,
            0.018346955449182942,
            0.09542418287240931,
            -0.19428303534676492,
            0.004806750380817995,
            -0.06692018621116567,
            0.083841044213173,
            -0.09748101885889249,
            -0.0459364775881209,
            -0.06018388791400621,
            -0.03695154215375851,
            -0.14004059521098144,
            0.013852803395029494,
            -0.040821771238779544,
            0.1734050187289758,
            -0.017476652293042506,
            0.027900871962786195,
            -0.0008424581383417819,
            -0.07574749389913582,
            0.09120690630074331,
            -0.07620695894245172,
            -0.011997381160365425,
            -0.07775870126879343,
            -0.02191144077755038,
            -0.03724197487860351,
            -0.1286003336930379,
            -0.01463881777355096,
            0.008098048001744074,
            0.00037441575006500605,
            0.12452140025292965,
            -0.03613480057567792,
            0.006564397862620783,
            0.0035974528396274076,
            -0.08183372962954724,
            0.13661600608069954,
            -0.05827415697553242,
            0.06604894640060786,
            0.14604619960486162,
            -0.08253937224575406,
            -0.1610582786331798,
            0.016343618915734395,
            -0.08893237695643791,
            -0.04874745673100248,
            0.10684406361942056,
            -0.09434880141797344,
            -0.066252866560978,
            0.07837968716776325,
            0.007014316399717342,
            -0.0005026787826244405,
            -0.024682288413089976,
            -0.11861364767716855,
            -0.09906570946772218,
            -0.015696606946317145,
            0.08666386986158972,
            0.21342094159289762,
            0.010438036323445185,
            0.02945333387622437,
            0.04952086815332146,
            -0.05093377895244807,
            0.14787572978520008,
            -0.03372117332398803,
            -0.029336652639872365,
            -0.08443976003129505,
            -0.042536288942345346,
            0.015429840958436573,
            0.06816021156090644,
            -0.14385752382276532,
            0.07197826567785606,
            -0.2153331120414786,
            0.015858878769486412,
            0.03458644622403964,
            -0.10972541275419352,
            -0.04276559829450192,
            -0.07242513123000742,
            -0.08020475489857057,
            -0.07963987665490757,
            -0.07783065521536447,
            0.04859519916931919,
            -0.06817099166966055,
            0.07114955162107255
        ],
        [
            -0.18169106831611706,
            0.16633334290518229,
            0.009737872031304115,
            -0.3418782273741334,
            -0.024508328074443447,
            0.8953382937534032,
            -0.2837132626442172,
            -0.5904972509608992,
            -0.5333845930615715,
            -0.2531116544093785,
            -0.431377589986208,
            -0.008189350795909716,
            0.043040313473024644,
            0.028084531375690204,
            0.7633998313944663,
            -0.5143988411346283,
            0.13027455190906578,
            0.07847900301254179,
            0.03434609673390411,
            -0.1321615014568349,
            -0.42572335279413337,
            0.3156193497624473,
            0.021685389689737315,
            -0.02047105006106761,
            -0.4511717370049065,
            0.25102589528935193,
            -0.5267195564180348,
            0.2505048661199781,
            -0.18572028023430506,
            -0.198380110662458,
            -0.6344571933403984,
            -0.603900591987181,
            -0.44393907722734255,
            -0.5912257546411241,
            0.4464015612226517,
            -0.5650885287042303,
            -0.08082261312008583,
            -0.10526930851415937,
            -0.6016403746116721,
            0.42204211658916735,
            0.253134143723466,
            0.06872801516163175,
            -0.37239488780259933,
            0.4254549907733557,
            0.02963954087478807,
            0.11163811191214666,
            0.39623510770878734,
            -0.19489441740160648,
            -0.20531351346146617,
            -0.5854266326217558,
            0.2494494277249613,
            -0.4458778931563785,
            -0.3151542752568165,
            -0.4962336444686279,
            0.13010658598244465,
            -0.6293638134994817,
            0.283634937715445,
            0.14985217006374815,
            0.4111848509229138,
            0.26640584430855,
            -0.6080495929870913,
            0.6204854140305756,
            -0.6418535380026692,
            0.40942747831743953,
            0.11831919628513068,
            -0.5568462508746835,
            0.4621281437177459,
            -0.34274508770936574,
            -0.3599605062811457,
            0.04904563593608272,
            -0.07721492157196962,
            -0.5197182508628794,
            0.04294163787996165,
            0.3146406780215441,
            0.07821299425591056,
            0.44212551421063007,
            0.04000429056582766,
            -0.15021303374632278,
            -0.26418296923380985,
            0.13585372685036626,
            -0.5793251829698702,
            -0.646286641077287,
            -0.628571481106804,
            -0.5327015216746286,
            0.49016064467935416,
            0.09458917171356739,
            0.09135863746426842,
            -0.448790278798318,
            -0.4471508299047621,
            0.26831326244376646,
            -0.40301357268522225,
            -0.12562651520674417,
            -0.1678980199203206,
            0.34505048295037327,
            -0.16286986382360255,
            0.16906350067905174,
            0.05137795982178939,
            0.287787820827535,
            -0.23959695253613236,
            -0.2280663147552417
        ],
        [
            -0.044499953601258836,
            -0.2727478531345959,
            0.13454803955451863,
            0.2532977289202951,
            -0.03503275448967929,
            -0.2837132626442172,
            0.26044020587902716,
            0.3231796995626062,
            0.3404394626125821,
            0.25660677870960713,
            0.19304854548384284,
            0.020222082187230775,
            0.07708739117670879,
            -0.0469713115467869,
            -0.18120382537698052,
            0.3449889044149183,
            0.11553746955734974,
            -0.13302526216597022,
            -0.036314278208059596,
            -0.20468209423179903,
            0.2997774298377271,
            -0.14638395775045981,
            -0.08955406107710638,
            0.13277498923474784,
            0.288767827401921,
            0.028876479795697515,
            0.17460322428641317,
            0.06988719234297318,
            -0.043022853215169625,
            0.1045810744499338,
            0.369186077312741,
            0.3374923959176553,
            0.25636144613038053,
            0.3193785068941736,
            -0.31682749801757143,
            0.3327748652334098,
            0.1778324473540485,
            0.1866238696044781,
            0.3612004311918455,
            -0.2154533887180049,
            -0.1164465682312715,
            0.0632535189829552,
            0.20500480684030037,
            -0.21281182533739212,
            0.06580749371750005,
            -0.08186953546985161,
            -0.224404537630926,
            0.17556081568007456,
            0.1442294447152783,
            0.13608201077847706,
            -0.09334768043910124,
            0.28237217300976475,
            0.2489907811573471,
            0.29129388594775546,
            -0.07836033030359595,
            0.35268618613475156,
            -0.21884566178650947,
            -0.23785069628555133,
            0.06511288023464877,
            -0.17972861785403435,
            0.33259970446201864,
            -0.19465239742299623,
            0.36504899799340046,
            -0.1910590123809712,
            0.11037402562103052,
            0.2686547065939524,
            -0.14144624634124658,
            0.10629541578578885,
            0.32686201039923296,
            0.1245489896767038,
            0.14865411603636483,
            0.2703565569452479,
            0.007109640440986993,
            -0.10405671946523692,
            -0.03302475892989111,
            -0.16007787401020174,
            -0.010053590474391628,
            0.1662808482617746,
            0.1522997074602815,
            -0.010756894078347769,
            0.299957215727593,
            0.12456098559564947,
            0.42874149167596204,
            0.25255128592334786,
            -0.08662236229019889,
            -0.04176215224906244,
            0.1794797246701557,
            0.18988303997327738,
            0.09155787867800674,
            0.022470420507128643,
            0.32210795116509466,
            0.14497735974409423,
            0.07183370227868563,
            0.0949441020783832,
            0.09856280538468787,
            -0.07590386944694397,
            0.06616476961179514,
            -0.2439518701899607,
            0.23881624345539235,
            -0.055564507586288676
        ],
        [
            0.20150236518220782,
            -0.6781456416082523,
            0.4586114047053291,
            0.38698175586495304,
            -0.06431105776957909,
            -0.5904972509608992,
            0.3231796995626062,
            0.8487630319649565,
            0.6800330610722103,
            0.5195525891855173,
            0.7115024383700542,
            0.10391517634569684,
            0.1449691689809803,
            -0.31029059854315055,
            -0.32508520250979234,
            0.5151157084029855,
            0.12957449881749167,
            -0.2276151432600996,
            -0.0261139730612094,
            -0.1675594974996963,
            0.8053100263520865,
            -0.005776287490701398,
            -0.37430088737759454,
            0.19391928180647408,
            0.7757739549636711,
            0.03314588827223561,
            0.39937635824758827,
            0.0849611149711661,
            -0.317594409101983,
            0.21209478298984727,
            0.5866626460085312,
            0.6382319210110657,
            0.6843671347290861,
            0.6630192505592167,
            -0.6971813751751423,
            0.7188224822069871,
            0.3000227328260831,
            0.5905738767415014,
            0.6589614874696695,
            -0.2932481599912919,
            -0.3875511345583153,
            0.39406684951434207,
            0.586202226774143,
            -0.4958209694565392,
            0.5427103562836967,
            -0.08645721481477285,
            -0.40620788900575955,
            0.6773816680173359,
            0.6180790380538037,
            0.4147921841990835,
            -0.28198762468851923,
            0.34516186920638003,
            0.6626234024394522,
            0.6495541882690301,
            -0.31948316958418244,
            0.62840351113449,
            -0.2274103561142799,
            -0.48687372575272886,
            0.11780024285611326,
            -0.24597419619076663,
            0.689455177112653,
            -0.19402081269536672,
            0.7256913367909853,
            -0.6155249046527425,
            0.45740612099016414,
            0.4158982318791497,
            -0.30040830008225994,
            0.131802331294047,
            0.43189353339922015,
            0.1649450230229705,
            0.3988441967560175,
            0.6741006193388783,
            0.04817072348829318,
            -0.1471491836623785,
            -0.08223967668450696,
            -0.35626920706429777,
            -0.27645347313371427,
            0.37873543284879285,
            0.7822608569997868,
            0.054840526384095416,
            0.8065659712956146,
            0.5795975900576684,
            0.733609182077136,
            0.7973657370638554,
            0.10043146557650069,
            -0.15149620384304016,
            0.34071874963381377,
            0.3941181798322941,
            0.5433570701055287,
            0.14503492296049655,
            0.7194359912327022,
            0.13661018947239734,
            0.6046456845619858,
            0.08730282035847754,
            0.25439324409390435,
            -0.1083775265028324,
            0.18505246079944032,
            -0.5345404639210979,
            0.627287504877823,
            -0.1263213523305005
        ],
        [
            0.07181484542280099,
            -0.5428920234787661,
            0.1752515076697587,
            0.355834235951801,
            -0.05045675181503647,
            -0.5333845930615715,
            0.3404394626125821,
            0.6800330610722103,
            0.833682335319376,
            0.3076980171289732,
            0.29804423258611823,
            0.12342829525318505,
            0.28929637583090445,
            -0.2125011373363908,
            -0.5672737926972978,
            0.6371741326266542,
            -0.03138934373184269,
            -0.31033553370159145,
            -0.00948923507638567,
            -0.06998776285513497,
            0.5318491265182909,
            -0.4738052196232488,
            -0.36409229821678635,
            0.1323683749106532,
            0.6580834331032476,
            0.2022462536180485,
            0.5453205690950038,
            0.002983299673276722,
            -0.16871691731098526,
            0.17597293857108853,
            0.6241464871973754,
            0.5295805267195213,
            0.4481313729995721,
            0.63982177273505,
            -0.5909833207675286,
            0.6641723487106116,
            0.18519425130095143,
            0.301806410799507,
            0.6186939070722284,
            -0.3984258092276388,
            -0.36555489127644636,
            0.17702899828377117,
            0.39224722349250063,
            -0.38397990257794995,
            0.08453346929592738,
            -0.07933075134048359,
            -0.2660598295944559,
            0.2704667088102068,
            0.062201970181937384,
            0.2890899481055112,
            -0.180583288622345,
            0.4880829603357157,
            0.26272431964692095,
            0.4717042798570797,
            -0.35269514367269567,
            0.7715748983590612,
            -0.15980650042155717,
            -0.27272954530485455,
            0.08147992390327005,
            -0.11173273782466227,
            0.7025362229702772,
            -0.26874051963356543,
            0.685841437099623,
            -0.5127922869917934,
            0.3885695653868845,
            0.6085720542264629,
            -0.43010480471829293,
            -0.14827563363458018,
            0.6246392403702069,
            0.29617132838802895,
            0.2556517299192261,
            0.5810699820883104,
            0.005207657105419367,
            -0.1989231431441543,
            -0.27250853896176486,
            -0.4128601883470895,
            -0.21441508561114436,
            0.3118373814998575,
            0.2739586277535466,
            -0.1147207542320241,
            0.5034008420674316,
            0.4479716664093121,
            0.7829335542571343,
            0.3883745959592162,
            -0.2371281001029723,
            -0.04699345823759321,
            0.40991645205752064,
            0.398440026694658,
            0.5188723101347443,
            -0.023182964822127654,
            0.5790705191786046,
            0.24864916690343528,
            0.41715231992575713,
            0.3321718024804609,
            0.22111880419421956,
            0.03308853632752733,
            0.11171620011131808,
            -0.37360907439074215,
            0.6099332340247398,
            -0.10490811747408185
        ],
        [
            -0.20568856639268437,
            -0.43791481483381384,
            0.06797264354195175,
            -0.2665475504957193,
            0.03916446025315972,
            -0.2531116544093785,
            0.25660677870960713,
            0.5195525891855173,
            0.3076980171289732,
            1.3001764018283117,
            0.5775076115986523,
            -0.014402987878008106,
            -0.09802304433879402,
            0.15357474542377197,
            0.23571620103575122,
            0.15477964253406729,
            0.19930207262488286,
            0.04639655060262019,
            -0.3140916552255696,
            -0.3969458595035336,
            0.5273163836731938,
            0.16453266357562465,
            -0.34063735296130765,
            -0.27174449180673255,
            0.9196559755589899,
            0.27794177293593914,
            0.3624055465483556,
            0.05322274645566194,
            -0.5788656458718314,
            0.0733747204370499,
            0.18233680131046145,
            0.24946852435407196,
            0.6049598855326318,
            0.25232430455313243,
            -0.005684101346789007,
            0.3550866906434745,
            1.1614757720383055,
            0.49596486153590724,
            0.3324463430249041,
            -0.33217371140386154,
            -0.5217168323430434,
            0.22057382620194493,
            0.24000122704524832,
            -0.41008691228092203,
            0.5826207531299491,
            -0.23645762423708322,
            -0.5865312660210398,
            0.8181609388306909,
            0.8033980444848677,
            0.3457211100857404,
            -0.20098662963458144,
            0.27007511804112366,
            0.9155293400043079,
            0.3327110451483664,
            0.26566007359141514,
            0.2755808542125093,
            -0.4118521848053812,
            -0.3782873377928964,
            0.19260188012414795,
            -0.48788462654873815,
            0.3925132288735545,
            -0.15391751891142122,
            0.3794361491223624,
            -0.09360722921457676,
            0.38590808189012993,
            -0.19743752571240744,
            -0.2024296296065402,
            0.2530216780742689,
            0.3781929570082699,
            -0.11101238209089714,
            0.387314326553616,
            0.16026882176139554,
            0.008275540520259887,
            -0.21197756030015724,
            0.709749901144618,
            -0.3938771771286942,
            -0.08862199063186102,
            0.49415932676690016,
            0.5621156559565359,
            0.25520823178816276,
            0.5407085216203386,
            0.2523382930024763,
            0.4535730274751054,
            0.7268100708708489,
            0.19207102147222932,
            -0.052750973862134155,
            0.1905899054678931,
            0.4149189366748633,
            -0.1892154549188952,
            0.689411913653871,
            1.0784088384754793,
            -0.28694384288720665,
            0.11988106211387071,
            0.1648469071352833,
            -0.19297609665002327,
            -0.7596121428287053,
            0.34613298715844076,
            -0.28987333685924377,
            0.4072800104127105,
            -0.015505414057949531
        ],
        [
            0.1338688422153158,
            -0.6628590575629694,
            0.6181598199003229,
            0.0977370768919177,
            -0.033268242658371416,
            -0.431377589986208,
            0.19304854548384284,
            0.7115024383700542,
            0.29804423258611823,
            0.5775076115986523,
            1.0336951325582415,
            -0.02654348618271424,
            -0.14793092167920657,
            -0.3950713217045831,
            -0.03317460312365653,
            0.0880419065014049,
            0.25968813105768945,
            -0.0649473928672187,
            -0.2607089293874057,
            -0.2308029829383883,
            0.7893822965628687,
            0.5573930823675385,
            -0.250529390335001,
            0.10161212704231501,
            0.6154135795453566,
            -0.07707378308281032,
            -0.01662410007936434,
            0.23832406111197063,
            -0.511900879998411,
            0.047558932681651254,
            0.3305719385895408,
            0.517941313813792,
            0.7514139001941927,
            0.4203460064762734,
            -0.6727890823967244,
            0.4315290598918949,
            0.4391088911693123,
            0.8402943747380298,
            0.3837179119115665,
            0.03211823224071404,
            -0.3984352786455235,
            0.5775174070138008,
            0.53928666783627,
            -0.4719349014282026,
            0.9540979309370895,
            -0.21060682544667583,
            -0.5807042168090164,
            0.9250199682633883,
            1.0313443306658265,
            0.3803999287141519,
            -0.3888466756007108,
            -0.013732233669887127,
            0.8839432763056173,
            0.6075537538190563,
            -0.1739535606553998,
            0.19930468385771313,
            -0.09646905621913865,
            -0.6667266866947893,
            -0.017108436760351963,
            -0.4193046227978114,
            0.34615730884007906,
            0.20406954291893734,
            0.5758768837506433,
            -0.5182437291613433,
            0.5217757207746585,
            0.006735375672500296,
            0.09782915575838738,
            0.3565806863551601,
            0.04004423063067205,
            -0.10401091595598372,
            0.4035887172074015,
            0.4996045606331596,
            0.08999335286767068,
            -0.10253250121140708,
            0.2529123823606479,
            -0.20711676323279252,
            -0.3234720925803564,
            0.38010570525468396,
            1.088326126691432,
            0.271654394687878,
            0.8449097628708239,
            0.50086911012323,
            0.4132333842260767,
            0.9195706927822782,
            0.44559492927048744,
            -0.332513316333253,
            0.1499566653853605,
            0.13188315772002857,
            0.3959880281715717,
            0.2722328791988126,
            0.6549886354156819,
            -0.3117605522679445,
            0.7931137846362334,
            -0.15178321964532665,
            0.3446109297953923,
            -0.3285122469736347,
            0.36931328583781114,
            -0.49414693566056384,
            0.3503877289130858,
            -0.24068638152715605
        ],
        [
            0.13832286944205294,
            -0.12255903793817456,
            0.2526477325308511,
            0.21193787196585037,
            0.016829660720907746,
            -0.008189350795909716,
            0.020222082187230775,
            0.10391517634569684,
            0.12342829525318505,
            -0.014402987878008106,
            -0.02654348618271424,
            0.2887614258675235,
            0.002651686358727338,
            0.04101265752424041,
            0.0608095851081986,
            0.09946167113766721,
            0.16468766616363562,
            0.010339503095476621,
            0.07241249090273982,
            -0.0993041253604334,
            0.15409443385852087,
            0.032661517258936845,
            -0.13332886725180007,
            -0.016930444106580386,
            0.1654910161721741,
            0.10259043087060124,
            0.1801028089510651,
            -0.022741136289344925,
            -0.08915939390275807,
            0.1551166077822093,
            -0.021861338633959435,
            0.03585609835591529,
            0.11659208487293292,
            0.04595278950300449,
            -0.049294923549214754,
            0.25716404520035047,
            -0.05672692008160947,
            0.02745917172887658,
            0.10975318441507943,
            0.07313940978031647,
            -0.08700570596300279,
            0.029138445320797412,
            0.1102300761853402,
            -0.09067013936038008,
            0.1008516440441472,
            0.11989145696958746,
            0.05427602563808951,
            0.11198764623606675,
            0.08746546148797177,
            0.17200729726915676,
            -0.023335490944739645,
            0.03688554356398962,
            0.033747504872188895,
            0.18750577879953292,
            0.12610931056094096,
            -0.09301247547448296,
            0.12158454782598122,
            -0.05556722251535686,
            0.33425267506687645,
            -0.03266055546475098,
            0.19655811563199083,
            0.00046337469598340677,
            -0.02762073354551887,
            -0.2005236992825877,
            0.13098682690029365,
            0.11041376754797229,
            0.09732433494342296,
            -0.026944065121815602,
            0.07739984529442986,
            0.04121066401259625,
            -0.13794144184441276,
            0.07296928393731347,
            0.009555391835086675,
            0.09842619682978229,
            -0.020340330016609492,
            -0.05169497651800052,
            -0.16015858306343228,
            0.07494193998076436,
            0.16020277360082905,
            0.018188017371434117,
            0.07782700636048953,
            0.13576582809310986,
            0.0790079788497696,
            0.08957442605183344,
            0.13898992193418933,
            0.041132501875605916,
            0.1809063656926857,
            0.1800865718782249,
            -0.015090222757567665,
            -0.06206406412456168,
            0.12887588848111672,
            0.20216943619350902,
            0.12349582350500658,
            0.11433595997257702,
            0.0900707902823455,
            0.07156557221492836,
            -0.08505224347672476,
            -0.0975420254727484,
            0.28609794877032324,
            -0.21893401291299866
        ],
        [
            0.46266997735382437,
            -0.1460424401606989,
            0.004610346076615968,
            0.274602987308459,
