{
    "pos": [
        [
            1.8800365829259869,
            0.0934440265124532,
            0.045077101831867444,
            0.16295108656006702,
            -0.033538181189679474,
            -0.2289632958919814,
            -0.4494346947342233,
            -0.10038864833709185,
            0.27095496317159723,
            0.1512560923190737,
            -0.15122221307276063,
            -0.3191878273357603,
            -0.21973725479384623,
            -0.2041287218492454,
            -0.22871839390326046,
            0.16099082022152156,
            0.24184036089988264,
            0.10989803483282103,
            0.2667481016836683,
            -0.3414033229974162,
            0.7319861151041266,
            -0.057764936111244634,
            0.16062042475477437,
            -0.21922149122427148,
            0.15437989455757536,
            0.09483781156186574,
            -0.33896602351011385,
            -0.09672760711570182,
            -0.12778621863603548,
            -0.3060416153278159,
            -0.1945418628916772,
            -0.2607575810322995,
            0.05485223952012175,
            -0.38811385606063803,
            0.19409774524470474,
            -0.20145593608060544,
            0.28277038829264395,
            -0.10414168642336492,
            0.2229279293933116,
            -0.1481042036215223,
            -0.367201782134581,
            0.59821502427077,
            -0.006241169785975231,
            -0.014805838471406815,
            -0.09380481769312209,
            -0.2701478327575084,
            0.32796361431137483,
            -0.3656897775602012,
            0.25625324617975986,
            -0.031182808908662964,
            -0.32969262162751856,
            -0.3057246330368888,
            0.0623971766924639,
            0.400500374758633,
            0.10897865957738496,
            0.5859012895118876,
            0.5777885091767706,
            -0.21307959732020998,
            0.15405029073598248,
            0.4989322417501278,
            -0.09172059973462723,
            -0.08173189915610074,
            -0.1617416506393571,
            -0.00467398818340737,
            -0.17815267531663456,
            0.38509338949278066,
            -0.028826065401312728,
            0.1780647955561285,
            -0.24829592388134014,
            0.23001973657656521,
            -0.06214404240874467,
            0.16597896319250588,
            -0.06583171600796935,
            0.4902045353992644,
            0.33988363902984353,
            0.1137977546111372,
            -0.0032944962658311193,
            0.21227542652244114,
            -0.07924058440056428,
            0.29683253151214967,
            -0.22525132303645493,
            -0.26348643771166563,
            0.041850469660363876,
            0.46467281487762985,
            -0.299255104686205,
            0.7912814109386834,
            -0.08077192518233654,
            -0.04880184194423502,
            -0.016085685296742588,
            -0.13080658113805094,
            -0.09784158341371901,
            0.5760316823114787,
            -0.21962586463271563,
            0.5751129353428331,
            -0.2116764077243483,
            0.5390889094704078,
            0.05406248991073304,
            0.2705627088018816,
            -0.0505736033937893,
            -0.051678139440927105
        ],
        [
            0.0934440265124532,
            1.4888607112352656,
            -0.29302681774024747,
            0.01735299355913164,
            0.2905530197914209,
            0.19585837713534573,
            0.5807389987134736,
            0.25150190392182403,
            0.1092368100001848,
            0.11131937597600867,
            0.2535707217705442,
            0.3641789120595712,
            0.5221790470980959,
            0.2746966490877512,
            0.166646278814168,
            0.4258135523538356,
            0.07377452917824934,
            0.40506697534187974,
            0.6002790881667888,
            0.18084395259835195,
            -0.08874532456825175,
            0.2349918056343368,
            -0.20033384234050897,
            0.44356236693702294,
            0.027516120728797836,
            -0.205518054746662,
            0.3316836074831368,
            0.08965882856438634,
            0.13432027171571587,
            0.14983971990668798,
            0.27423343760851987,
            -0.5248713834185934,
            0.00031588967648983927,
            -0.3036183430417478,
            -0.00964826745258545,
            0.41587518134565593,
            0.2417941222069497,
            -0.3038057413996958,
            -0.251744725090609,
            0.4139372381457025,
            0.4935189853032225,
            0.03200362671960173,
            0.24346336543430336,
            -0.1484908720102361,
            0.3415070634833403,
            0.17583892012797125,
            -0.35625624362018277,
            -0.09696864568477946,
            -0.43970555344249984,
            -0.32806846920154414,
            0.22216672438617166,
            0.5349373140449276,
            0.41295099370817234,
            0.5887030210275412,
            0.06605357300391987,
            -0.4981666020165661,
            0.3157802418564921,
            0.4664667403188538,
            -0.019425799617517173,
            0.23486733143995892,
            -0.01634094943433832,
            0.06959546300503525,
            0.45789677813174634,
            0.08038039764991005,
            0.3034733746712829,
            0.017653458772157113,
            0.29250076052360224,
            -0.041980942280375654,
            0.04286950749053014,
            -0.08575192268486678,
            0.23932396589208915,
            0.06511992797816546,
            0.28525362080456335,
            -0.12389932660212655,
            0.02439641083901797,
            -0.05344492085648498,
            0.0803560420186935,
            0.35026029937453856,
            -0.24271450906362266,
            -0.40490357794130094,
            0.16721140829036166,
            0.29194504605677,
            0.4523873285087225,
            -0.22907759145684947,
            0.35737727580309775,
            0.13884811483689188,
            0.24174858083187442,
            -0.30373557987563243,
            0.27383989649251683,
            0.09296674206467724,
            0.053540234041518676,
            0.371360755150186,
            -0.03111100649164897,
            0.01949937257788264,
            0.6588876463985647,
            -0.3737959618834347,
            0.16763744123842259,
            0.35384613460886033,
            -0.013037553307017795,
            0.42350056241588024
        ],
        [
            0.045077101831867444,
            -0.29302681774024747,
            0.6344044322009185,
            0.0509052783682679,
            0.6026427422511127,
            0.20800939198706608,
            -0.09616822761331915,
            0.044990185868319064,
            0.24269647372967143,
            -0.1167966055708313,
            0.3477768120095337,
            0.005646790442809897,
            0.07383458970708018,
            0.1816600441229091,
            0.311072839142706,
            0.3397764969171908,
            -0.21605569526965268,
            -0.019074880146232633,
            0.03889144223806528,
            0.17156967605475765,
            0.14784057644067825,
            -0.2823766101929298,
            0.5006175214929678,
            0.05292184908575579,
            0.04920144220502525,
            0.07243271596540266,
            -0.07169005014694653,
            -0.022888059111338902,
            0.17844549639242815,
            -0.130071195538288,
            0.255537473139806,
            -0.4182186783036124,
            -0.2312896462228095,
            0.18677959285652404,
            0.0505022201009534,
            0.033221906705866035,
            0.237090028170751,
            -0.17260841821340342,
            0.1510701928955078,
            0.1273159078871671,
            -0.0347751669384144,
            0.30905313439279963,
            0.21747471727760448,
            0.26511397015577376,
            -0.1329001775059831,
            -0.09042817283052063,
            0.5338660205959593,
            0.3348123383299293,
            0.2219993748436877,
            0.08845877530336292,
            0.07197324282478178,
            -0.03277326789154534,
            -0.3274663420811092,
            0.2770910213893369,
            0.09486648829484441,
            -0.07388844974864084,
            -0.2766649391622445,
            0.022154154385352384,
            0.2610286748282208,
            -0.20479114289800587,
            0.14901030669771861,
            0.16646481717738226,
            0.020592738951920236,
            0.32435231240926626,
            0.10474629922349243,
            0.3421638645489831,
            0.15313831964188462,
            -0.32909019809068724,
            0.04084703212601386,
            0.22905939292355165,
            0.2644169461352104,
            -0.17215562340770865,
            0.19849732821571434,
            0.1767978130352928,
            0.15641043253713946,
            -0.10293798078518566,
            0.0789419297686285,
            0.0894904827702452,
            -0.09262401785295835,
            -0.17751800239291401,
            0.13358984341143784,
            0.23675532570457092,
            0.3085388767011785,
            0.20380955468742873,
            0.02540389963208059,
            0.14298455136885144,
            -0.38569258445274335,
            0.4476101155151375,
            -0.20264373811267347,
            0.4719245870634471,
            0.29407106926885923,
            -0.2410720009610034,
            0.46731572239801905,
            0.39473143036823405,
            -0.013073281956795427,
            0.10481697628659753,
            0.3759426042823478,
            0.42093144642049807,
            0.3750732475079576,
            0.17537811913122547
        ],
        [
            0.16295108656006702,
            0.01735299355913164,
            0.0509052783682679,
            0.24657729763055453,
            0.15767160864086022,
            0.08775981649967024,
            0.025067255754740492,
            0.06960620149232158,
            0.19707926707306636,
            -0.1665229054397002,
            0.1007546167467098,
            -0.021908417009130612,
            0.15864066065541058,
            0.13219606582719215,
            0.2072461815906974,
            0.0225389169510835,
            -0.09255491548934534,
            0.15526375672088155,
            0.09898505058836587,
            0.01543310975265499,
            0.2271218544484432,
            -0.014483383973992084,
            0.1310132652795708,
            0.12251053713705663,
            -0.06496702233328955,
            -0.05762299146974419,
            0.07613603731951,
            0.011704560413470937,
            0.08380430011996881,
            0.12150039263416894,
            0.12769387791048925,
            -0.1821022661455681,
            0.0035307933798213948,
            -0.041748035957645334,
            0.018350877750357243,
            0.1327393138119707,
            0.17889172997747085,
            0.06390366122219023,
            -0.02969742753363361,
            0.192731726454288,
            0.08463271246963952,
            0.08126053592783818,
            0.09883450930608673,
            -0.03043756940235268,
            0.12661666119154735,
            0.04839486660080173,
            0.13269701068796572,
            -0.03394522807916269,
            -0.05947048132411694,
            0.03406113200827104,
            0.2054170070685851,
            0.1283323422107636,
            -0.02205463140805683,
            0.16245352165544005,
            -0.02347400956214153,
            -0.16825255774522987,
            0.19223158343831417,
            -0.07914908471765043,
            0.12083128345792249,
            -0.06747308373171003,
            0.0801886073524106,
            0.13670429198005338,
            0.13805279281356447,
            0.13345951067372372,
            0.07944962592411554,
            0.13272003537524266,
            0.15907906624392001,
            -0.13523318126574146,
            0.15332408517736829,
            -0.051498539333116516,
            -0.17174806363688977,
            -0.04378873731747284,
            0.1924504168632988,
            0.04981196607264568,
            0.11082831517072435,
            -0.04876141431419836,
            0.01399295921768909,
            0.16279710788426335,
            -0.10364180140926006,
            -0.06622044618305355,
            0.007960054813560234,
            0.07515425447038447,
            0.26955513506736256,
            -0.024275195432537932,
            0.10464334319490862,
            0.23287908206976884,
            -0.08375344919851563,
            0.09813126755570592,
            -0.07428019918391422,
            0.07092478663229942,
            0.09566741332695337,
            0.17855424723662897,
            0.20855722134555432,
            0.12464538103209169,
            0.14347614855201965,
            -0.09113026868388084,
            0.19723426163324323,
            0.11536788989402881,
            0.11080789533145585,
            0.14865381668415686
        ],
        [
            -0.033538181189679474,
            0.2905530197914209,
            0.6026427422511127,
            0.15767160864086022,
            1.7076871206421527,
            0.37364394126766926,
            0.4154716713023174,
            0.3563946746321306,
            0.5495548151513238,
            -0.45942238982172806,
            0.7579531534269781,
            0.05963079082651173,
            0.5180477226868286,
            0.4242933194296752,
            1.1779163054254307,
            0.3625539548418364,
            -0.34942659153107786,
            0.3522163013515033,
            0.4013116349227249,
            0.28512574013954317,
            -0.03901974015020347,
            -0.38682432253369853,
            0.9030626216381054,
            0.5597578329572946,
            -0.3849904148938849,
            -0.09906664967172764,
            0.33714775355635335,
            0.10447263254164213,
            0.6205148302338189,
            0.31610615280547005,
            0.7758094397628662,
            -0.6579927927306533,
            -0.40445556587097387,
            0.2643525663779527,
            0.23166615372866936,
            0.38996773156172077,
            0.5016885823672483,
            -0.13522274300084522,
            -0.027249118560924015,
            0.6032933432811973,
            0.4761511446372594,
            0.2410650628088146,
            0.5762829547411749,
            0.07107194220208889,
            0.052886868066720195,
            0.024600975874921233,
            0.5832784472308097,
            0.5254680007779208,
            -0.05142847799461764,
            -0.32236258315753796,
            0.7978713416609577,
            0.7927452285037986,
            -0.2843011769865805,
            0.6910157969509195,
            0.06566313123285297,
            -0.5773013958853968,
            0.07419303668667744,
            0.1506042286941377,
            -0.003374408496930085,
            -0.11977349893584206,
            0.16708978815315254,
            0.6560942088201369,
            0.19882609486411557,
            1.0032736405071756,
            0.4137310342231962,
            0.24382048201788653,
            0.5598066830067006,
            -0.4440644958191682,
            0.8223898933138385,
            -0.06152510855300818,
            0.2175536214605737,
            -0.40278647456170624,
            0.5574793925016507,
            -0.2008843474352955,
            0.232944084215821,
            -0.1252215941595566,
            0.14770195965198274,
            0.4156830368669197,
            -0.19616431390224334,
            -0.39813333036152215,
            0.22677352493006056,
            0.4236892598980787,
            0.7331037231517458,
            -0.05646220912925941,
            0.36419949481981084,
            0.1774784128202021,
            -0.6481975282809407,
            1.0609406905162098,
            -0.16284765973460488,
            0.6428868764114576,
            0.7383714398695913,
            -0.17941828237906618,
            0.8695271822794135,
            0.7517408693159409,
            0.48772551969310474,
            -0.4012404379679573,
            0.973410465504193,
            0.665086061071148,
            0.39308376182217125,
            0.5247426085993114
        ],
        [
            -0.2289632958919814,
            0.19585837713534573,
            0.20800939198706608,
            0.08775981649967024,
            0.37364394126766926,
            0.9278142898962695,
            0.6434236677130974,
            0.4591779664838082,
            0.3488965922225596,
            -0.6254396505389866,
            0.7222492022715334,
            0.7626441361765577,
            0.8336552978534861,
            0.7332527648223492,
            0.5888210475588722,
            0.8062246359522576,
            -0.4892178160054849,
            0.668791461167636,
            0.5338345981811724,
            0.7570613179193239,
            -0.17019280744807339,
            -0.32892546598605976,
            0.04652840460159975,
            0.5179719598010898,
            -0.4386828352684471,
            -0.3851114614201051,
            0.39869321914958683,
            0.27437901774616585,
            0.3628705819129967,
            0.40634445553953064,
            0.7320999223523705,
            -0.5470412616992388,
            -0.460673728255236,
            0.39971280606963006,
            0.24411233915828776,
            0.7346649456934802,
            0.5899541202595616,
            0.01165122005171381,
            -0.38633303810328573,
            0.7436193071996355,
            0.8090945716517587,
            -0.053639652746373744,
            0.8132042738064388,
            0.2644080281647105,
            0.2029225932288451,
            0.25445595113412384,
            -0.1533726306242907,
            0.8109545428215248,
            -0.48047204561371315,
            -0.2859352904434191,
            0.44234538749096736,
            0.6186675463594289,
            0.3272533124624055,
            0.8323916353579572,
            -0.0785978939257033,
            -0.5386562294601277,
            0.2398867019833584,
            0.15762595481647293,
            0.2781159806173137,
            -0.1845942959586148,
            0.27866207733574666,
            0.4791579051806909,
            0.6843381409495269,
            0.6032049989764007,
            0.794126969365023,
            0.04332206467286566,
            0.7807641281877566,
            -0.31567989141785086,
            0.48523629145596425,
            0.10953276517728389,
            -0.1081549688071675,
            -0.08121097119742687,
            0.7466983721743227,
            0.16545035650187406,
            0.4516619438772555,
            -0.17138738764466868,
            0.4794192542488656,
            0.5074517212402321,
            -9.018810871580431e-05,
            -0.547931608269445,
            0.28233477859579187,
            0.7841969661665901,
            0.701766690729516,
            -0.3425717998793147,
            0.5577684017239174,
            0.21841861715052896,
            -0.5197712740931286,
            0.13028684797231738,
            -0.07390268649184485,
            0.24535443686764288,
            0.6349302792811228,
            -0.10580723678392762,
            0.10198572466757178,
            0.002811407050846271,
            0.7469376762021466,
            -0.414082253108489,
            0.6444662307553098,
            0.3468384565638249,
            0.21174670781337257,
            0.684148333475486
        ],
        [
            -0.4494346947342233,
            0.5807389987134736,
            -0.09616822761331915,
            0.025067255754740492,
            0.4154716713023174,
            0.6434236677130974,
            1.1593216768067105,
            0.4889507861664091,
            0.08673239295204162,
            -0.434532228392277,
            0.6275899335292127,
            0.6147704833081588,
            0.7980891913424314,
            0.6220838529413013,
            0.6640707144565462,
            0.3368799485513331,
            -0.3762677928282585,
            0.7293872625986382,
            0.539672961133424,
            0.6997217857003526,
            -0.3809242303107183,
            -0.23961299827556648,
            -0.09724222774891333,
            0.7248430592666418,
            -0.4977219056006612,
            -0.40910526911344863,
            0.7031864544755335,
            0.25116218594569245,
            0.4062918143775158,
            0.7987665899541121,
            0.6637162584231703,
            -0.16347968196364726,
            -0.23025327006270016,
            0.2576707936700985,
            0.20838929315351112,
            0.6458400816452898,
            0.34563750176043234,
            0.09076730034707302,
            -0.4712883308334776,
            0.8231655065465096,
            0.9355488022575749,
            -0.22811160776207795,
            0.5621297272012655,
            -0.18758217756939416,
            0.327347719705057,
            0.34471718756937153,
            -0.45827356977366207,
            0.5449933052594514,
            -0.6461708106185329,
            -0.47456620652339865,
            0.6940406423594564,
            0.8973974283294837,
            0.2799859246799655,
            0.4964652334674345,
            -0.09668794207559475,
            -0.720428485451849,
            0.6072367090979044,
            0.40389440198287063,
            -0.07524014885500101,
            0.12763732137874725,
            0.032956979222134024,
            0.5754869301351535,
            0.6817957017088516,
            0.5632929672253658,
            0.7328370167552382,
            -0.16193213895975217,
            0.7303863215534979,
            -0.0729367906727014,
            0.8307968778750495,
            -0.06447764367373063,
            0.17057678663390582,
            -0.028559922083906994,
            0.5076207264880204,
            -0.20517431942959782,
            0.2178736102454571,
            -0.1967974803975583,
            0.3978146762354836,
            0.5236243483533288,
            -0.18926328793724748,
            -0.3306402123795757,
            0.24402544812604463,
            0.5810927754270336,
            0.54427289383332,
            -0.5687937140964396,
            0.6474781266542132,
            -0.1574745219110565,
            -0.3349223610871004,
            -0.012253124113765683,
            0.08104328987882972,
            0.10194422475155707,
            0.5106475965644632,
            0.10991029622160785,
            -0.05609885630253069,
            -0.07131113248518134,
            0.7974236048696881,
            -0.7529237697922478,
            0.5477966102237745,
            0.2896323605957866,
            0.054008623904848715,
            0.5461044237456772
        ],
        [
            -0.10038864833709185,
            0.25150190392182403,
            0.044990185868319064,
            0.06960620149232158,
            0.3563946746321306,
            0.4591779664838082,
            0.4889507861664091,
            0.5727413641796545,
            0.24552848528273177,
            -0.3396394318056386,
            0.46072129453718186,
            0.35876355198991006,
            0.5383633140507899,
            0.422276648779021,
            0.503241147352601,
            0.3042327376129295,
            -0.24360340407326306,
            0.5209654283217034,
            0.4027900926142535,
            0.5774164571155488,
            -0.19550338939583436,
            -0.07610362555987175,
            0.024808083175900768,
            0.43895839136492776,
            -0.4398907573085586,
            -0.3449188247034284,
            0.36363844479609775,
            0.21491276977490653,
            0.3694718717696693,
            0.4558166812430457,
            0.49200659347457476,
            -0.1412749758422231,
            -0.2109330467871392,
            0.18836218895084347,
            0.3161516383045837,
            0.48235007877001906,
            0.23977836959817656,
            0.11959041084111281,
            -0.29592458082649603,
            0.42875111016151063,
            0.57796815438054,
            -0.040321643350116634,
            0.5734072228386459,
            0.04962561603978944,
            0.10510840258025539,
            0.058743931952970944,
            -0.18865398598635846,
            0.2873344662441099,
            -0.32574540685438935,
            -0.14662084405553366,
            0.345317021871071,
            0.5715117654736687,
            0.40277025056253496,
            0.34189649412437595,
            -0.0472924384935661,
            -0.22255875261792366,
            0.5093396048994516,
            0.19808217345294057,
            0.06817703155274153,
            -0.08927613218174787,
            0.04757673763083521,
            0.5189954364206704,
            0.5234310830078858,
            0.518768591884161,
            0.5552038707025357,
            -0.05462956010726156,
            0.5939684480807976,
            -0.17492717230934632,
            0.5035530633479244,
            0.020628663192850248,
            -0.02403029663467788,
            -0.18121298135367903,
            0.4608956056774596,
            0.13333583784757283,
            0.174366214160196,
            -0.08533561971930795,
            0.31107365269319087,
            0.3790370370944265,
            -0.00845356792036503,
            -0.13590480252354528,
            0.1726826766517878,
            0.4218275942063836,
            0.439281296972013,
            -0.35002080019040505,
            0.41152692522110146,
            0.026167549232818874,
            -0.26249152828466965,
            0.10406774531991542,
            -0.0010361169962962323,
            0.04099586790564495,
            0.4392310058960981,
            0.03697012732563359,
            -0.07867939404706661,
            0.1120506357147844,
            0.4809988696086445,
            -0.09722735529642389,
            0.49447805813841245,
            0.24802013778988652,
            0.054026195954948786,
            0.4318405904687088
        ],
        [
            0.27095496317159723,
            0.1092368100001848,
            0.24269647372967143,
            0.19707926707306636,
            0.5495548151513238,
            0.3488965922225596,
            0.08673239295204162,
            0.24552848528273177,
            0.8793924363803286,
            -0.5279473011541684,
            0.3159290879134129,
            0.11317755720599816,
            0.3876903369906677,
            0.2489595846736397,
            0.4451634849099777,
            0.38042279720068656,
            -0.4820924428097251,
            0.19710953845007034,
            0.33798479018275257,
            0.16305878055026443,
            -0.03427544243640835,
            -0.01398165646614691,
            0.42596230855825845,
            0.32912769035568223,
            -0.18955030961991726,
            -0.08554436205552135,
            -0.002004589150741056,
            -0.12465245332253494,
            0.2925628142344017,
            0.20420440823426866,
            0.4600371357688903,
            -0.17749531750952705,
            -0.36904145407641054,
            0.09184880248572704,
            0.2809214377897668,
            0.3422124283542639,
            0.5602951126263748,
            -0.1174998780677132,
            -0.10365224728851939,
            0.3964132629782797,
            0.33896972377700074,
            0.13720030135407182,
            0.33307662345155625,
            0.07454219105789346,
            0.16680596691648622,
            0.026973485488649473,
            0.23897411487992679,
            0.44091690703278835,
            -0.15776828074220622,
            -0.2766126331176491,
            0.28640123845013354,
            0.27982142192755327,
            0.11058584095645556,
            0.4238813932969445,
            0.0202487152566388,
            -0.3149303534830702,
            0.25260708309474245,
            -0.18727299962179036,
            0.1311035705973204,
            -0.15500174546504758,
            0.07485336487812563,
            0.36815727392194886,
            0.22373140111584794,
            0.548013343055954,
            0.23911252473463612,
            0.20098895254806187,
            0.4383754472016177,
            -0.2102329657722185,
            0.38682531692107,
            -0.1867202190829505,
            -0.17168414159754405,
            -0.28422509257127515,
            0.5084471904744037,
            -0.01776967471151752,
            0.2795491062533734,
            -0.2551247811756607,
            0.24283955585579495,
            0.389667773983962,
            0.3201945330075733,
            -0.21454977425625507,
            0.006825788374807399,
            0.25219266166073095,
            0.5660967369460714,
            -0.007731918044268569,
            0.23981123824399636,
            0.2439092677092937,
            -0.45054742026067796,
            0.37114617451055004,
            -0.11397073175680776,
            0.1228390178003491,
            0.37468941414307255,
            0.2776499914560668,
            0.24865259354470926,
            0.3972282619348024,
            0.2724609835835301,
            -0.2628307257431501,
            0.5674515611436443,
            0.32430628097855824,
            0.10968034246165054,
            0.3353315227976736
        ],
        [
            0.1512560923190737,
            0.11131937597600867,
            -0.1167966055708313,
            -0.1665229054397002,
            -0.45942238982172806,
            -0.6254396505389866,
            -0.434532228392277,
            -0.3396394318056386,
            -0.5279473011541684,
            1.3582663335613478,
            -0.579198689891397,
            -0.4428948127122571,
            -0.671473382804235,
            -0.46135300831748266,
            -0.7898584873124551,
            -0.4251041679065778,
            0.39668936905651936,
            -0.4292321334854857,
            -0.461033403002353,
            -0.3985633181071782,
            -0.016559089762892738,
            1.0994722242381092,
            -0.178483056243241,
            -0.48629497922469245,
            0.7059939203024814,
            0.35850332689914616,
            -0.3755047055102953,
            -0.35099778106014595,
            -0.6313825289303686,
            -0.6551825721588126,
            -0.6692378818489663,
            0.005861354898107408,
            0.38552749728833546,
            -0.38045817164852863,
            -0.3296287506046685,
            -0.5943993144334692,
            -0.5714915333347557,
            -0.21201997359640729,
            0.2972233516143848,
            -0.6611631962208355,
            -0.5549096228674287,
            0.366462349413408,
            -0.5504405736241625,
            -0.0680526019509392,
            -0.23496544861529148,
            -0.23575558849809836,
            0.08070480588897855,
            -0.6305082347975048,
            0.4875130094441973,
            0.0947214457830845,
            -0.5518083903455202,
            -0.5117238676057009,
            0.048854770268339336,
            -0.586672072203748,
            0.12737518601375683,
            0.3461258420869784,
            -0.422101946880303,
            0.3861868754353024,
            -0.19248222611329496,
            0.20145092594642505,
            -0.22821727728772484,
            -0.6240532116450506,
            -0.3990413908754107,
            -0.7357639870876943,
            -0.5285168318660783,
            0.17522563741156635,
            -0.6043347471661066,
            0.25153356154106105,
            -0.6737008266830187,
            0.29217558774246927,
            0.60485947899222,
            0.03941622334624547,
            -0.7171236798225428,
            0.1541545687145116,
            -0.17248785004331943,
            0.04778935996721944,
            -0.29997440482178656,
            -0.4381074725431374,
            -0.27632033283702057,
            0.33583284229203586,
            -0.08990551113815792,
            -0.3754259376039943,
            -0.6630111674502465,
            0.29639639997550454,
            -0.36101601495422003,
            -0.22297835775653063,
            1.0029075151825473,
            -0.4776760890910054,
            0.40376312031373895,
            -0.076403049703492,
            -0.6274122696742584,
            0.09537592454557275,
            -0.2561859996589705,
            -0.19948787598864876,
            -0.5659743978253293,
            0.204686606258134,
            -0.6461849309369625,
            -0.12385902289331187,
            -0.019562233087083457,
            -0.5296363288036233
        ],
        [
            -0.15122221307276063,
            0.2535707217705442,
            0.3477768120095337,
            0.1007546167467098,
            0.7579531534269781,
            0.7222492022715334,
            0.6275899335292127,
            0.46072129453718186,
            0.3159290879134129,
            -0.579198689891397,
            0.9937574282286774,
            0.6852339978021504,
            0.8170457325052058,
            0.7089855275608473,
            0.9218386959914558,
            0.6016448827412343,
            -0.3387952780236031,
            0.6028415462610697,
            0.544810532841656,
            0.8189217585484387,
            -0.06251432275573182,
            -0.4667599797055286,
            0.10282400582084017,
            0.7191625906024777,
            -0.3478847044165638,
            -0.2826382391306908,
            0.49070675128479146,
            0.36367136318023524,
            0.4482941447229411,
            0.3602832963475129,
            0.7210148744306352,
            -0.656340951531268,
            -0.35859626550409873,
            0.349192882613363,
            0.0646371526861932,
            0.5927031453227448,
            0.4326799222761917,
            -0.09077879596454366,
            -0.1603453131394414,
            0.6682340932058846,
            0.6119558010745202,
            0.03420129403365382,
            0.9217738648136659,
            0.22948548418199013,
            0.09585616643595975,
            0.25769293705603585,
            -0.0427886239667623,
            0.6481385519654025,
            -0.27457304004836913,
            -0.23921419635215896,
            0.4027744289274326,
            0.6049289097384503,
            0.1928404119363513,
            0.872515843603712,
            -0.012384757210774295,
            -0.49602449986105007,
            0.2942747865245589,
            0.20969575381618838,
            0.12890305137158387,
            -0.08051087531242095,
            0.22637471233432555,
            0.4967896655385971,
            0.5827024537253126,
            0.7665668279598801,
            0.6381094250059194,
            0.0856137625136307,
            0.6946205984659164,
            -0.3257436121319124,
            0.3072945314804744,
            0.050856413372451725,
            0.16065643203762695,
            -0.15841287093889425,
            0.749771850141674,
            0.13517676492957376,
            0.3337230387330912,
            -0.13638576966928237,
            0.4191917468224214,
            0.3888751979445034,
            -0.038172947708619495,
            -0.5037239676863772,
            0.5114190683725113,
            0.7357377492145417,
            0.6719694297873313,
            -0.18333484123560326,
            0.43405298655681124,
            0.1764119019879576,
            -0.5193794811237457,
            0.45787768031565995,
            -0.15827706784900628,
            0.3208226260001854,
            0.6901074055426052,
            -0.14771314290252774,
            0.15953668277922378,
            0.19792539314307864,
            0.6504550898708937,
            -0.22412416189778628,
            0.7368114906424391,
            0.3815149272303135,
            0.25590995622330803,
            0.6710102504295887
        ],
        [
            -0.3191878273357603,
            0.3641789120595712,
            0.005646790442809897,
            -0.021908417009130612,
            0.05963079082651173,
            0.7626441361765577,
            0.6147704833081588,
            0.35876355198991006,
            0.11317755720599816,
            -0.4428948127122571,
            0.6852339978021504,
            0.9284980909803435,
            0.7645089327845972,
            0.6481760577416023,
            0.39455426394247517,
            0.6650519302907008,
            -0.2562869832941902,
            0.5196054396844108,
            0.49983497186186854,
            0.7390238656232662,
            -0.28108856924556336,
            -0.400686697758778,
            -0.37444031667927635,
            0.5488425682647798,
            -0.23813181331360628,
            -0.3367681771427651,
            0.4065025979039661,
            0.30209233162901283,
            0.1532599358258636,
            0.29333264919931235,
            0.49137055406166774,
            -0.45718181500530536,
            -0.3040094218784375,
            0.3655084109631562,
            0.08968741888912656,
            0.6104766678190842,
            0.2679761432040327,
            -0.04435246970290325,
            -0.3049450061173622,
            0.5442523259285607,
            0.5993256592891791,
            -0.19429337853605472,
            0.7154869305828169,
            0.2958838755248674,
            0.09237574593146991,
            0.2983978804607511,
            -0.4316239233076882,
            0.6965408161943257,
            -0.4474450989100076,
            -0.20531738313809228,
            0.1259124457842958,
            0.4355529115307916,
            0.5761023610119692,
            0.6678243851041562,
            -0.05597739796350914,
            -0.3443403715053706,
            0.18969705360754774,
            0.25549092476529844,
            0.14627698102278733,
            0.0009748954004203119,
            0.23548472352226696,
            0.23071552054057992,
            0.603632817423828,
            0.3776848304817609,
            0.6352140978560313,
            -0.08284765127812571,
            0.5527495853285553,
            -0.16135900842270115,
            0.06337438085936728,
            0.06939253681787894,
            0.05420966793926041,
            0.0015206510416032274,
            0.6645159872514741,
            0.17486728825601291,
            0.2726809490737271,
            -0.12695715869478977,
            0.3822211540345294,
            0.28967893426245683,
            0.15390160399519043,
            -0.5488408092368903,
            0.40983273836881884,
            0.75895900930864,
            0.4296599951036707,
            -0.24662673949368494,
            0.4219020020781406,
            0.10885380916040793,
            -0.2705578688765257,
            -0.07617499947941603,
            -0.08037223732990438,
            0.06996022387753537,
            0.4932363762625576,
            -0.21265390598545303,
            -0.1739045967584031,
            -0.2878634525925237,
            0.6711256631469834,
            -0.21392443269957542,
            0.3581645840655899,
            0.11797058271896899,
            0.10310617068524933,
            0.6047594495339278
        ],
        [
            -0.21973725479384623,
            0.5221790470980959,
            0.07383458970708018,
            0.15864066065541058,
            0.5180477226868286,
            0.8336552978534861,
            0.7980891913424314,
            0.5383633140507899,
