{
    "fast": [
        [
            1.0662839353769815,
            0.6927624781810264,
            -0.5481713471059705,
            0.3842647321638526,
            -0.5525023176499115,
            0.686184768785654,
            0.418187490018482,
            0.5375483397256715,
            0.049172151446297704,
            0.6023059027745722,
            0.1361976479819584,
            0.7383365677860372,
            0.9162995986969441,
            -0.2706343319888471,
            -0.4535090033118857,
            0.6018171224324462,
            -0.5582467593230908,
            0.7538377409524086,
            0.3374549904134946,
            0.28669766478498987,
            0.2661774175369289,
            0.10577194396554587,
            -0.11540753190234507,
            0.8539362463590243,
            -0.12812086499188205,
            0.19121475050908943,
            0.11226074118243456,
            -0.07192151069628654,
            -0.03094857357409197,
            0.7828606445696793,
            0.15703738759126618,
            0.03159769858928968,
            0.006586562141331834,
            0.8352667146704053,
            0.9981619992130275,
            0.8989128379396393,
            -0.44394997411882087,
            -0.41041759507343045,
            -0.13831820140519402,
            0.05720162024770379,
            -0.44989711018219714,
            -0.3624155944921746,
            -0.6384847425444559,
            -0.801590089951096,
            0.5052261220256322,
            0.11324610369672866,
            0.21173703258531706,
            0.7990904241371589,
            0.7081295201543635,
            0.19160613459275916,
            0.4947073233817699,
            0.45592988918386135,
            0.8259569633377177,
            0.7587337241632789,
            0.10557704215566388,
            0.4059637289921245,
            0.34071900836362967,
            0.2436777201835622,
            -0.3674913394662576,
            -0.03837113964107567,
            0.39157381315501405,
            0.35688814009284114,
            0.6632802404884893,
            0.8425907615011692,
            -0.48695624527911063,
            -0.48588069359163893,
            0.6988957546430328,
            -0.16750147118406164,
            0.5785678947454099,
            0.9366631833438472,
            0.7091244191853059,
            -0.3009287791221389,
            -0.26401815419797436,
            -0.6141363020259086,
            -0.6025521770964158,
            0.9023792338969663,
            -0.15337843393856745,
            -0.6385647977946051,
            -0.2538003597574897,
            0.45757410346187216,
            0.9786775507709569,
            0.5067638037698265,
            0.5687563546111385,
            0.24588321578155847,
            0.7018459619495302,
            -0.32874820149133005,
            0.2210809689088416,
            -0.13678724901003034,
            -0.34343801952110387,
            -0.43322410523371857,
            0.3095421803148712,
            -0.057052169645181665,
            -0.253115246476327,
            -0.16117453463637854,
            0.6121298928716712,
            0.35112559918837966,
            0.1700778955737994,
            0.7468799030661148,
            0.9195708315598459,
            0.8616181993329355
        ],
        [
            0.6927624781810264,
            0.7281994260544491,
            -0.5697692607665755,
            0.2508234092477342,
            -0.44292333006182383,
            0.4849588793546593,
            0.28271259180236175,
            0.37457570592571093,
            -0.1931488684285304,
            0.38279895900303923,
            -0.07022302564060573,
            0.4820642775066214,
            0.6040929924585183,
            -0.3334500518576945,
            -0.4331629574115059,
            0.5154148764560186,
            -0.600998151629066,
            0.6008225206235801,
            0.052963902546352935,
            0.3098243074197332,
            0.13233699877083643,
            0.11432001813237092,
            -0.00269974189451246,
            0.6961616144296602,
            -0.11932190770988302,
            0.014967137387550074,
            -0.004956647398232907,
            0.04153741686882443,
            -0.07762276172904099,
            0.5686982249910232,
            -0.10798915802947608,
            0.11132131721861524,
            0.09421694181482154,
            0.6438444265455667,
            0.7212989859613036,
            0.6793051287940999,
            -0.4865588338502505,
            -0.22572385459091726,
            -0.2993708646528861,
            0.16334692048735375,
            -0.28364236581421187,
            -0.29112363383456225,
            -0.5912331774640965,
            -0.49694539823279177,
            0.3933665684114517,
            0.06194533601172042,
            0.0958041502943494,
            0.5120577547503333,
            0.5884210882933664,
            0.11109053039095122,
            0.26651977153383455,
            0.27434444016627957,
            0.6819670675632713,
            0.5899935215217594,
            -0.035353603846214735,
            0.19605873089117679,
            0.26859499238988377,
            0.19685802674035957,
            -0.205466517631663,
            -0.1753969071788799,
            0.32516233543401835,
            0.1736394244208777,
            0.5135234379303568,
            0.6758858816461272,
            -0.2167345044471746,
            -0.21661873465127582,
            0.5159773927662197,
            -0.22914075600747297,
            0.4943406275866125,
            0.7457684173246234,
            0.4303691338893105,
            -0.5391097506370711,
            -0.07565465842664379,
            -0.30478355814485014,
            -0.21562302982982634,
            0.5679930371112973,
            -0.003629199964387652,
            -0.6065572722959973,
            -0.4480452350683947,
            0.3692779760125658,
            0.706119306399251,
            0.538318102071535,
            0.5777482039236613,
            0.07511051976732817,
            0.5321833888537485,
            -0.43706042301655684,
            0.2834014035062536,
            -0.16500230638666852,
            -0.4021065940368008,
            -0.3450468985462576,
            0.3646710906895344,
            0.16946657856240677,
            -0.21586557736090675,
            -0.37140100788393404,
            0.2635920832372708,
            0.3441781496879998,
            0.12751723553150718,
            0.5192248987931813,
            0.6445727893742325,
            0.6115030396531583
        ],
        [
            -0.5481713471059705,
            -0.5697692607665755,
            1.1866156656338602,
            0.1791092495733708,
            0.7896974182473282,
            -0.3842080026671184,
            -0.2330005570794083,
            -0.4745908642579395,
            0.35570961658874306,
            -0.41987153945761435,
            0.49320960381750234,
            -0.5525642639324332,
            -0.4189364310986207,
            0.05690581615755029,
            0.18498519305117597,
            -0.6113021413660106,
            0.940865708123742,
            -0.33402115351714085,
            -0.08912519527005688,
            -0.4531666885952889,
            0.06264524873606026,
            -0.27465924044346657,
            0.14029394332442066,
            -0.7697314894308569,
            -0.22604679751345758,
            -0.020279472492951627,
            0.038309963341260765,
            -0.007873799485887937,
            0.38284231317456374,
            -0.413247910815543,
            -0.4389427801604084,
            -0.273978537092388,
            -0.1052228431683864,
            -0.247747519714029,
            -0.42631988757299755,
            -0.6181738046634945,
            0.6891836849706917,
            0.2426062765467223,
            0.33343358616041885,
            -0.13324208569423984,
            0.5476561144621688,
            0.21135811354037257,
            0.4861223154080956,
            0.47317167351107176,
            -0.38374231336782344,
            -0.16600681223656327,
            -0.26138183611896737,
            -0.6000191826507846,
            -0.5463250774859315,
            -0.20106176579353552,
            -0.3415422037395448,
            -0.7094165347945609,
            -0.6344016750033681,
            -0.600220753495343,
            -0.3615367716520973,
            -0.2919768096737203,
            -0.11816337271182083,
            -0.1089174276171228,
            -0.1101271454381646,
            0.37530133567643187,
            -0.43274551350276097,
            -0.21681336842887333,
            -0.17419706815926,
            -0.7025368609497704,
            -0.07107676472129021,
            -0.05722799298783779,
            -0.5118400549000459,
            0.07088961275774804,
            -0.425022657687813,
            -0.6301475232688719,
            -0.5889890576270048,
            0.27390182785165934,
            -0.15123463391023773,
            0.36511206547579234,
            0.15634731659080742,
            -0.47638733029751246,
            -0.007720712792383866,
            0.6295844212885895,
            -0.056295369353310046,
            -0.5695003900419938,
            -0.658133026487378,
            -0.6435597063243111,
            -0.6399330900477435,
            0.15882330036197484,
            -0.35156623151919136,
            0.09936731820436524,
            -0.43884905538315244,
            -0.01256652488208038,
            -0.0062748268924810845,
            0.6315670373411273,
            -0.3230318139312636,
            -0.3764644320318587,
            0.18183155462131279,
            0.22969660796717187,
            -0.26168083256685193,
            -0.4670791329907505,
            0.2639282787925299,
            -0.48204192126879003,
            -0.6491898663317235,
            -0.5864269190389886
        ],
        [
            0.3842647321638526,
            0.2508234092477342,
            0.1791092495733708,
            0.8575038049871592,
            -0.154743790249193,
            0.25241060143056937,
            0.03538487242389766,
            0.0063798247298768734,
            0.009599152073687823,
            -0.022737117789466715,
            0.5289934931938316,
            0.6093904504518861,
            0.31999760774217395,
            -0.1985356394857156,
            -0.22437211877162128,
            0.3362863737932178,
            0.11390410410827584,
            0.41927542504860976,
            -0.050288931628613975,
            0.09379889786431038,
            0.2509890006406412,
            0.1978061951023622,
            -0.20845790447865684,
            0.3284615361263975,
            -0.2514045144729488,
            -0.2987435661666787,
            -0.2726125959681503,
            -0.2999422555481397,
            -0.29808235281987433,
            0.2920601407052483,
            0.02195549048316117,
            0.0747630005227715,
            -0.2170285397041563,
            0.5997349683164548,
            0.3870468686182679,
            0.420534451915063,
            -0.25606035788392495,
            -0.46782448489709805,
            -0.4556333546252891,
            -0.29611660162279896,
            -0.30565355499954605,
            -0.2814939933186457,
            -0.49368289210077987,
            -0.24537015729935666,
            0.18477031335543392,
            -0.14436708928941344,
            -0.2500303101750844,
            0.36583492658674643,
            0.1822643976009327,
            -0.01728532717251722,
            0.1304929538041416,
            0.19790794252172025,
            0.27664160641179203,
            0.31646239970642315,
            0.30288194754831943,
            0.020187324321250324,
            0.23437469943882658,
            0.012906902503444987,
            -0.03608755809444869,
            -0.34200730956289893,
            0.04945259103025712,
            -0.050584393933818965,
            0.3870477167602106,
            0.3719850387523309,
            -0.07559288104635246,
            -0.08475365929883724,
            0.25509351649929496,
            -0.2088428974735234,
            0.09272413683425264,
            0.4981688912920271,
            0.29992362309706644,
            0.01613854363138981,
            -0.17424027587978788,
            -0.2190632878716995,
            0.023447394587218194,
            0.3031582759588595,
            -0.31331924415562623,
            -0.47583265179683704,
            -0.2671502929875075,
            -0.09053207322065313,
            0.3855251255598639,
            0.1735084250209159,
            0.41018967723281313,
            -0.22629375680055053,
            0.3662578771173513,
            -0.3145298222584194,
            -0.07512135396935858,
            -0.15098271144345393,
            -0.5966429175386845,
            -0.09635695826853816,
            0.15419540050979488,
            -0.06788704523098578,
            -0.13722785516708766,
            -0.5118013496434044,
            0.08804605098186312,
            0.18182032760062344,
            -0.058711590954435115,
            0.19326039361626,
            0.48283186895979585,
            0.3228044003634584
        ],
        [
            -0.5525023176499115,
            -0.44292333006182383,
            0.7896974182473282,
            -0.154743790249193,
            1.327967064432876,
            -0.5861051139458934,
            -0.43853312120047516,
            -0.19383901858028757,
            0.17483296973520962,
            -0.21051897060586236,
            0.1238648234095767,
            -0.8029878565793641,
            -0.6259237037719421,
            0.12078255616156941,
            0.3241206289592689,
            -0.6339984119362495,
            0.6383965900993397,
            -0.3207625376986437,
            -0.4317998349781575,
            -0.3906222713290729,
            -0.23894044490280084,
            -0.0023260904421512495,
            0.4641814154920228,
            -0.8397415024379591,
            -0.13354476139111493,
            0.33079407654895376,
            0.30656588370750815,
            0.38769573759843146,
            0.4315175292477724,
            -0.5441243436818607,
            -0.401916194828168,
            -0.4065634888755778,
            0.26566080657459273,
            -0.4880660446458089,
            -0.3267085271931882,
            -0.6547162430355264,
            0.6042224101379865,
            0.6912822253724112,
            0.460655059663205,
            0.23630139231102817,
            1.2302015358916898,
            0.3325810867366566,
            0.781715595090056,
            0.44442593515874135,
            -0.236883171221076,
            0.2974877276531105,
            -0.6138673456332309,
            -0.7092453323506296,
            -0.3783616767806112,
            0.02255538054036254,
            -0.6034354942927258,
            -0.6794571699017742,
            -0.6313410774373964,
            -0.6907996091788824,
            -0.051360501883861674,
            0.018934866982115172,
            -0.3959529469756633,
            0.019583187763225193,
            -0.15651502156708808,
            0.7544288769491558,
            -0.34290863864712834,
            -0.38301835717100974,
            -0.15201911509326282,
            -0.8224342154883195,
            0.03894344144650714,
            0.04499805530555057,
            -0.5347392511380709,
            0.18578039329209578,
            -0.26862464500624705,
            -0.777440196656839,
            -0.7747180012540467,
            0.1169681277142225,
            0.32109708500588685,
            0.5846045193309944,
            -0.046596387396262796,
            -0.452727713790837,
            0.034862065181675395,
            0.9958494236365293,
            -0.33096359270965797,
            -0.6273189136447678,
            -0.7928075220575441,
            -0.7152818595918788,
            -0.6095977815499537,
            0.4465911950668556,
            -0.3988205395776171,
            0.5902286514475514,
            -0.37309642887938005,
            0.22951804881530982,
            0.3595088114390015,
            0.4034413110679175,
            -0.21051263215143245,
            -0.39163520526954565,
            0.454662998874892,
            0.5726693999548832,
            -0.22043699288252028,
            -0.4246511702049328,
            0.48736245746902435,
            -0.5830804550583034,
            -0.7448469525988658,
            -0.6676241208293175
        ],
        [
            0.686184768785654,
            0.4849588793546593,
            -0.3842080026671184,
            0.25241060143056937,
            -0.5861051139458934,
            0.6966230664172031,
            0.3326370570762479,
            0.34631192329453875,
            0.16400622731684422,
            0.3603790169775982,
            0.1614999024640211,
            0.5079982610811655,
            0.7750239925358058,
            -0.2540546524374342,
            -0.301396671926809,
            0.5494409674299672,
            -0.5559248766817342,
            0.5609661653931075,
            0.45720197921307154,
            0.32671018639166755,
            0.2144352551846527,
            0.18536204881023036,
            -0.24695082558026546,
            0.6063608409126253,
            -0.04853110999200768,
            -0.047596382744502785,
            -0.0506127955529185,
            -0.17923926807547172,
            -0.1555731094597687,
            0.5324495265838138,
            0.14226283682040108,
            0.014072093595396216,
            -0.12842591527338512,
            0.6947912455891702,
            0.6915104296407663,
            0.7153982146147365,
            -0.2744486655765108,
            -0.48838511981911914,
            -0.2513232983236731,
            -0.039033135372771324,
            -0.5447976481182025,
            -0.2663436485136388,
            -0.6582837543199632,
            -0.5826125499318541,
            0.3587324006139117,
            -0.13117207868090627,
            0.27683534392646864,
            0.7122239796963226,
            0.46929879985593154,
            0.14020146101955952,
            0.4750249819673696,
            0.18766264698047003,
            0.7526256711264269,
            0.6235275822433268,
            0.0162093506170353,
            0.184568678647171,
            0.4473926041131617,
            0.05883422269718599,
            -0.3020004879619984,
            -0.200235166549205,
            0.32148223599802445,
            0.3708700044559416,
            0.2855449480871802,
            0.698985097322505,
            -0.508855066064732,
            -0.4933638389724865,
            0.5896765018268854,
            -0.17106733908895372,
            0.3478661772686153,
            0.7189416286428237,
            0.5842967857646154,
            -0.3746894725854118,
            -0.13182907041846517,
            -0.6158324497717473,
            -0.30051858797650843,
            0.5764796847381315,
            0.07788219449955057,
            -0.5870468291215274,
            -0.05471609036435723,
            0.5730236998640172,
            0.7613068549130545,
            0.4357689954700654,
            0.4761896723824845,
            -0.03679991621838613,
            0.503121403214866,
            -0.4045994700010197,
            0.19741847214111496,
            -0.19263140603787612,
            -0.38694258631579426,
            -0.3260941981710758,
            0.2331603870834212,
            0.17925252463357316,
            -0.15794350788802738,
            -0.26140182640014403,
            0.3647479608634553,
            0.40055002176241516,
            0.044771543381192255,
            0.6097675178323941,
            0.8059951196708648,
            0.6813699281611593
        ],
        [
            0.418187490018482,
            0.28271259180236175,
            -0.2330005570794083,
            0.03538487242389766,
            -0.43853312120047516,
            0.3326370570762479,
            1.2417153201560798,
            -0.007723048742405928,
            0.36908182049713334,
            0.4195493923349896,
            -0.5682620540659257,
            0.5324807993516972,
            0.6488326116807086,
            -0.3664591058039409,
            -0.5754790271507765,
            0.454733376349285,
            -0.339633189550537,
            0.5832851518382375,
            0.46302020093345897,
            0.4293175475836245,
            -0.07411964577686894,
            -0.3788416217731298,
            -0.49436812817044845,
            0.8592099999251815,
            -0.5259628535113959,
            -0.04616152141954969,
            -0.34133902766054464,
            -0.41198083268171976,
            0.21982797488329153,
            0.45964585260968166,
            0.3544183744772363,
            0.025632612001699244,
            -0.4045565089454542,
            0.145484393058674,
            0.6698858862821526,
            0.25021697879730287,
            -0.2779383354525149,
            -0.755415514384073,
            -0.1576626501553919,
            -0.3360660341749903,
            -0.7662399710206969,
            0.08187424036527248,
            -0.3928288691648107,
            -0.2654166212120582,
            0.062330840952037087,
            -0.31523686650804095,
            0.6342566838296699,
            0.3295450546443272,
            0.20726727495421898,
            0.028420225752662825,
            0.7253500478825886,
            0.6204823597990282,
            0.3869990561539432,
            0.3585415462408015,
            -0.11389779045964253,
            -0.15774229140607915,
            -0.10313671064891097,
            -0.027965389480403825,
            -0.2881841387067364,
            0.09748845258262645,
            0.20735078318457695,
            0.3918824147757592,
            0.4033885180364269,
            0.42076556362823203,
            -0.07046853902809663,
            -0.10956142321705253,
            0.2803221793173985,
            -0.5892401831939159,
            -0.08289118357476277,
            0.44622005173517654,
            0.35436808231484007,
            -0.06055140378717981,
            -0.8454235771234883,
            -0.3072338974204745,
            0.048588111630580515,
            0.8227177489144724,
            0.20421709342515604,
            -0.5444015017843102,
            0.4033343547132224,
            0.6219491648631115,
            0.21453051716677005,
            0.5714858092270086,
            0.07614696711964494,
            0.32274036491123453,
            0.33065819321920714,
            -0.18497328608951824,
            -0.0503750841603919,
            -0.45627759837926857,
            -0.4850980501428149,
            -0.2168769805911797,
            0.19617251581421985,
            0.4290416981553807,
            -0.35948125559403,
            -0.29606009388028987,
            0.6269147117820079,
            -0.022798447299286824,
            -0.1094110917032219,
            0.5326414932707485,
            0.32036713924704685,
            0.4494759463369821
        ],
        [
            0.5375483397256715,
            0.37457570592571093,
            -0.4745908642579395,
            0.0063798247298768734,
            -0.19383901858028757,
            0.34631192329453875,
            -0.007723048742405928,
            1.143339666846386,
            -0.16627311687907856,
            0.5271444927537813,
            0.18201579965467063,
            0.4893614830683401,
            0.3313102139563117,
            -0.0006620898999907559,
            0.022031890778633358,
            0.15632327090625953,
            -0.8899481604941945,
            0.3189522550050843,
            0.35281844765962034,
            0.44901258026633434,
            -0.17962183715562258,
            0.22884952339939071,
            0.5697103602155376,
            0.1838589023411802,
            0.10780465014758894,
            0.3213594551623252,
            0.40324914275827556,
            0.6614327347431528,
            0.015137358471890702,
            0.13021031334104413,
            0.1439905657931579,
            -0.11306192381503596,
            0.6474556850321291,
            0.39643002200112465,
            0.48461888008383586,
            0.3896263459965041,
            -0.3066128648886131,
            0.4531142400824068,
            0.14323487404168433,
            0.821324482783276,
            -0.0003858681828628352,
            -0.2882674732685022,
            -0.13884837581573406,
            -0.3612739297165032,
            0.4979355670542565,
            0.5680247923998668,
            0.17460136654677538,
            0.2985404188075978,
            0.7186602740369683,
            0.0015564833045623105,
            0.4379404442785059,
            0.1732668791668717,
            0.6403607672580145,
            0.3176652680463813,
            0.0019068494518988885,
            0.36514787080301225,
            -0.20469799931935928,
            0.3456158399463183,
            -0.04418822316129709,
            0.35109969991962553,
            0.13477252212543572,
            -0.02485466140133049,
            0.24497461350380043,
            0.3719643711306302,
            -0.5293870784761144,
            -0.503385672813785,
            0.33567488659323674,
            0.20777100915120417,
            0.48427531790124306,
            0.41741888393623594,
            0.2855079601528181,
            -0.47408716087340197,
            0.46686084855362475,
            -0.27023559265796826,
            0.02215529799301305,
            0.27241847108297546,
            -0.15338820840748044,
            -0.18773209894082485,
            0.03435748772261653,
            0.2815544031466893,
            0.5017930316489083,
            -0.09727786096121285,
            0.20084936211337945,
            0.22344793350312372,
            0.23982019651445788,
            -0.3809860278919936,
            0.41617495723274045,
            0.11129659530649798,
            0.15460727745945263,
            -0.3057423900308146,
            0.11085109729584186,
            0.3210977790025452,
            -0.1043296721039261,
            0.32645794322351307,
            0.32679656857471384,
            0.6039774986379609,
            0.1845082638370164,
            0.3823155843485577,
            0.35552510482730365,
            0.25863410689072985
        ],
        [
            0.049172151446297704,
            -0.1931488684285304,
            0.35570961658874306,
            0.009599152073687823,
            0.17483296973520962,
            0.16400622731684422,
            0.36908182049713334,
            -0.16627311687907856,
            1.1508445685574795,
            0.08910224891879263,
            0.2731593979961259,
            -0.15279549024197836,
            0.24396450112860016,
            0.073993147070293,
            0.04628079033283264,
            0.040985294733949344,
            0.18209949001624914,
            0.08769053870918836,
            0.5054022931619853,
            0.2545421748898879,
            0.04598808178419757,
            -0.23920040441921672,
            -0.2285190897686075,
            0.16069106494092286,
            -0.15339473370069578,
            0.13210397341523808,
            -0.05201823611074479,
            -0.20445086527440176,
            0.027711317396148922,
            -0.004782010911166546,
            0.46433758160253663,
            -0.3064846809700429,
            -0.25826837357016036,
            0.05222370340112071,
            0.2177337048901403,
            -0.012826669924672483,
            0.13816170154030535,
            -0.41148189756149417,
            0.03345015622869662,
            -0.18151042148835955,
            -0.14024777247719672,
            0.30918910842453756,
            -0.12766667332205367,
            -0.002342791734517159,
            0.002138059763400188,
            -0.21773598095568664,
            -0.18365189930986925,
            0.12790535796889196,
            -0.07486175815756312,
            0.32902755343066425,
            0.46501140535511665,
            0.1803229005820142,
            0.026161028536057757,
            0.022880570230509763,
            0.33686171153828615,
            -0.11960018237669726,
            0.2885266915144825,
            -0.12282745593204028,
            -0.3375441557981065,
            0.3725454910041598,
            -0.02575946816237346,
            -0.18166457306012265,
            -0.05015980020426997,
            -0.10310969800003307,
            -0.20402227328379605,
            -0.2236481857752327,
            0.10634521112468029,
            -0.1896777576031575,
            -0.1906051212302887,
            0.022809095499936236,
            0.017981407762011247,
            0.3289232572699491,
            -0.6449113080061641,
            -0.3509287508835993,
            -0.4287878687603625,
            0.1493834644404991,
            0.22982231285332055,
            0.00939989879225662,
            0.6981815263184366,
            0.18456729714353465,
            0.01432607136964623,
            0.02997802853533678,
            -0.2201165044786141,
            0.12712769453812767,
            -0.015120511521389058,
            0.34116256240437925,
            -0.06384505825471373,
            -0.14058509914346976,
            -0.16626259944503932,
            0.0586185084729243,
            -0.3310722340106171,
            0.020133443631063803,
            0.2500551837155678,
            0.1083061026320499,
            0.20719289364186938,
            -0.19229348798513976,
            -0.04306206169594077,
            0.06636871239350349,
            0.3011813830731075,
            0.22096704786119398
        ],
        [
            0.6023059027745722,
            0.38279895900303923,
            -0.41987153945761435,
            -0.022737117789466715,
            -0.21051897060586236,
            0.3603790169775982,
            0.4195493923349896,
            0.5271444927537813,
            0.08910224891879263,
            0.5431371164047333,
            -0.1625363759856721,
            0.41631903755162525,
            0.5569850248277798,
            -0.08822984802176483,
            -0.2148582600581831,
            0.31338373267457803,
            -0.5333054546841751,
            0.47360519634687415,
            0.3426917364512331,
            0.28883159239071377,
            -0.0024587643358953515,
            -0.015677386179542858,
            -0.005412086818933521,
            0.48268647701415657,
            -0.08352493438495134,
            0.3228585587095218,
            0.2376279253446642,
            0.0773415944593986,
            0.2161549000167592,
            0.4332586238300201,
            0.24815632622051337,
            -0.0396722020602728,
            0.1038390120327098,
            0.3475218899022584,
            0.6692604618278881,
            0.4297868421746114,
            -0.18315474961778208,
            -0.1368962606792217,
            0.17175646310505832,
            0.13480984760916312,
            -0.18496838629889217,
            -0.11426011670543915,
            -0.20275027803886841,
            -0.45446562044342015,
            0.31675195681986484,
            0.21439101275290767,
            0.30999483258020566,
            0.3953056890667738,
            0.4685922640290759,
            0.19598711876716163,
            0.48795679830308186,
            0.3533310361903593,
            0.5347354913949801,
            0.40827809685107486,
            0.0011301437847500422,
            0.3040562037620416,
            -0.005990635790813171,
            0.19347322378684742,
            -0.26980165634944714,
            0.19418277331603234,
            0.2190240783039298,
            0.25810624112736785,
            0.4455981637226844,
            0.4414406386556011,
            -0.3354440392833905,
            -0.3369998090213015,
            0.40175521868062,
            -0.072179747752284,
            0.3674095098557415,
            0.4726263199937919,
            0.3847128887723464,
            -0.1876380494898207,
            -0.21045779404191114,
            -0.35833315606966876,
            -0.2845778000698788,
            0.5670016616293776,
            0.04995794912077739,
            -0.1759566850404163,
            0.05609787617477997,
            0.3528711463960334,
            0.4913385520617317,
            0.19759974454227008,
            0.15832991000442848,
            0.4267557847557351,
            0.3965892486472549,
            -0.09024434070643188,
            0.16446693557345876,
            -0.0648302651230494,
            0.030324299492393746,
            -0.32432230290797354,
            0.1603734833685512,
            0.10973831289725468,
            -0.044656550201956975,
            0.1812095765328366,
            0.4664777548600046,
            0.14368995872295437,
            0.16229857680362103,
            0.4653031411761476,
            0.43881570936745595,
            0.45602963053741924
        ],
        [
            0.1361976479819584,
            -0.07022302564060573,
            0.49320960381750234,
            0.5289934931938316,
            0.1238648234095767,
            0.1614999024640211,
            -0.5682620540659257,
            0.18201579965467063,
            0.2731593979961259,
            -0.1625363759856721,
            1.3065833962928748,
            0.08206416036733823,
            0.00037531578520120097,
            0.05371672718598051,
            0.22939656739869477,
            -0.12391958094791759,
            0.06820668192386511,
            -0.10027774963774039,
            -0.07639833933665029,
            -0.24305926600099098,
            0.5849062575296765,
            0.11525592069966811,
            0.21010853719889372,
            -0.2555344597814206,
            0.21032003271838315,
            -0.07154743917430043,
            0.07912216786480762,
            0.17280305985941122,
            -0.26314210741806054,
            -0.1483999183721303,
            -0.18671338461960696,
            -0.2200965517973719,
            0.15073388412396133,
            0.52002205445495,
            -0.02820561984750275,
            0.28434458516281547,
            0.048324327170130375,
            0.15483243699925694,
            -0.04944753822441307,
            0.2752930712886197,
            0.10074613019594397,
            -0.29835570947762396,
            -0.12340400884868222,
            -0.21003060400595353,
            0.12012338352797136,
            0.04604824923519784,
            -0.5353972286007035,
            0.30701837509372365,
            0.03345376822951412,
            0.05592720652406233,
            -0.18388449797007345,
            -0.29919675638379456,
            -0.08867510312473109,
            0.07839413669821614,
            0.008499404577719964,
            0.10466708550689745,
            0.8253943701272224,
            0.05615815769664367,
            -0.00921635209785302,
            -0.12429924772094225,
            -0.15557625252333876,
            -0.31844563691304856,
            -0.01941214547598767,
            0.02102136348622971,
            -0.25893194781343315,
            -0.2304755065815291,
            0.13182659542333727,
            0.43221954689976694,
            -0.001447887621656739,
            0.17808801996838672,
            0.10529401586231214,
            0.12261815187489283,
            0.11072773558185543,
            -0.2813913170690195,
            -0.1779087768147261,
            -0.1120516888001651,
            -0.4764506865345432,
            -0.0452497637616284,
            0.016357673860793023,
            -0.43388619943805673,
            0.30322533345859054,
            -0.25823682718309204,
            0.22881453018847167,
            -0.3622439189016731,
            0.0364857722824699,
            -0.28217006149479684,
            0.026285302237838135,
            0.20820148401683186,
            -0.03640974093619901,
            0.044915710683216155,
            -0.17215083903665282,
            -0.25888531427065775,
            0.19758161082770492,
            0.049062470708417336,
            -0.11864855096724235,
            0.22218414751642857,
            -0.036712546058926675,
            -0.11813600129256056,
            0.345417406016466,
            -0.018272971374053426
        ],
        [
            0.7383365677860372,
            0.4820642775066214,
            -0.5525642639324332,
            0.6093904504518861,
            -0.8029878565793641,
            0.5079982610811655,
            0.5324807993516972,
            0.4893614830683401,
            -0.15279549024197836,
            0.41631903755162525,
            0.08206416036733823,
            1.279023251201764,
            0.652908556705762,
            -0.18980742157778238,
            -0.34000300463739236,
            0.649027969463237,
            -0.7364272540407983,
            0.6352135210935504,
            0.34586330491140205,
            0.5217646465643262,
            0.15947055526019238,
            0.19542167957908743,
            -0.433183195179198,
            0.792906525437281,
            -0.15097987663614193,
            -0.12257591450483162,
            -0.17204621997620678,
            -0.406095906404148,
            -0.3009673379441609,
            0.5701510507306066,
            0.40917786530289824,
            0.27181289782847406,
            -0.2548092215444214,
            0.6807388799411992,
            0.7040490749813078,
            0.7171925807326719,
            -0.6297417175394916,
            -0.7756137828746323,
            -0.39443072059322154,
            -0.34543219123512825,
            -1.024511005463198,
            -0.3094404544659262,
            -0.6725566171782694,
            -0.5556749832556535,
            0.3576916827482689,
            -0.08905462981870549,
            0.24469444323139639,
            0.7511698261470814,
            0.4422605727330704,
            -0.0014953865794838585,
            0.7987881177754874,
            0.7344696147821942,
            0.6788120156734784,
            0.7373771873937506,
            0.34162855014373145,
            0.29518624207296784,
            0.15997481413705167,
            0.08422439344542643,
            0.14433103194949265,
            -0.5316898954230788,
            0.29952354514196544,
            0.17065217575134015,
            0.569495521350583,
            0.8256614123808278,
            -0.22087626336211202,
            -0.24695144509917538,
            0.5319197452892241,
            -0.21771759433912025,
            0.21617329929336582,
            0.8690958834974462,
            0.7115208500712381,
            -0.10679533827948709,
            -0.33847517281238476,
            -0.5645205268079082,
            0.20659082883976806,
            0.7031281088134235,
            -0.3237286202913489,
            -0.802093018240821,
            0.22880095279296767,
            0.4700359832994378,
            0.7680916261578878,
            0.6084781025642549,
            0.6642796535530167,
            -0.15196954499165105,
            0.560956603893709,
            -0.5582820382534704,
            0.1336684467537014,
            -0.20622632927279885,
            -0.37659980997974085,
            -0.6055810615953178,
            0.2966136556219621,
            0.4380232571515127,
            -0.31584502384074314,
            -0.402085059842113,
            0.4973908759812778,
            0.35144627498649095,
            -0.432227020546582,
            0.600779991876132,
            0.7820086533441947,
            0.660303416131236
        ],
        [
            0.9162995986969441,
            0.6040929924585183,
            -0.4189364310986207,
            0.31999760774217395,
            -0.6259237037719421,
