{
    "fast": [
        [
            1.2210832366925548,
            0.9454456385620494,
            -0.6583153075690322,
            0.4428922611330167,
            -0.6649910351060454,
            0.929570992858084,
            0.3778755543654193,
            0.5406770643089511,
            0.04322809248346622,
            0.7685881800961017,
            0.14125234582297572,
            0.7906280817977751,
            1.0115189336258164,
            -0.21481609666774462,
            -0.41286608272036396,
            0.5429710019299866,
            -0.45515525481957647,
            0.9408151376563172,
            0.375510657379515,
            0.3547070896204008,
            0.19329101383104644,
            0.11894816023784376,
            -0.1370171382372002,
            0.8548377460048878,
            -0.11796874674072323,
            0.23895002291803222,
            0.10107970488630554,
            -0.08578978796846573,
            -0.04043028002692938,
            0.8053101375372111,
            0.14228141152737342,
            0.04936498438410433,
            0.008411429905908966,
            0.9113469979293563,
            1.0896314843751256,
            0.9907560703498715,
            -0.311708524779229,
            -0.46738979718899276,
            -0.17552451180799972,
            0.06514965535107184,
            -0.4498744338590746,
            -0.5935642205958026,
            -0.7986087109201848,
            -0.9249826393290066,
            0.835741045005044,
            0.09567602402038422,
            0.22778396599210066,
            0.6408456761581877,
            0.8239343542508997,
            0.21378870167173666,
            0.4081340571611033,
            0.47612842535578764,
            0.9365045320378822,
            0.9010500881104414,
            0.07768956691339905,
            0.5173713011220319,
            0.31426471786240856,
            0.35390048680726516,
            -0.4663170391502657,
            -0.03032563893843658,
            0.7705018099050597,
            0.39866415272653244,
            0.29911990235744423,
            0.9279523171609778,
            -0.4144915066579904,
            -0.4304906524715215,
            0.6038163439887057,
            -0.1742678680323923,
            0.7666286514898943,
            1.0536366070984802,
            0.6306991973710852,
            -0.30991671656716585,
            -0.2678440319277268,
            -0.5297565281636607,
            -0.5978711889415592,
            0.9383690149204229,
            -0.1594458664430519,
            -0.7567388932586113,
            -0.2692385651917475,
            0.5742887914788952,
            1.0456894570721502,
            0.3938392156831317,
            0.7061563853795827,
            0.3163165043754322,
            0.7641958742469315,
            -0.3250131772543229,
            0.23023068043897277,
            -0.1596034434285866,
            -0.3497362911759431,
            -0.5369863940997136,
            0.5220568805858871,
            -0.06370950514123681,
            -0.1563081432165583,
            -0.13729063424376936,
            0.577323255666826,
            0.38387764236231353,
            0.19765966849101899,
            1.0283426218310983,
            0.855599288687465,
            0.8189228298947641
        ],
        [
            0.9454456385620494,
            1.184356207181848,
            -0.8154483161547565,
            0.34452078982271594,
            -0.63531636942528,
            0.7829359002791793,
            0.3044407023058287,
            0.44899327012220136,
            -0.20235727952426363,
            0.5821395858163838,
            -0.08679314018941571,
            0.6151805697926592,
            0.7947309389189443,
            -0.3154238465383418,
            -0.46995297818600024,
            0.5541774480559176,
            -0.5839642886549987,
            0.8936190645222315,
            0.07023703867178759,
            0.4568156811200309,
            0.1145253270280219,
            0.15321078234821417,
            -0.0038198190278093238,
            0.8305162189738696,
            -0.13093238968317641,
            0.022289700505005557,
            -0.005318680324770106,
            0.05904676122206953,
            -0.12084675836249444,
            0.69717271263804,
            -0.11660174792839378,
            0.20726295755039587,
            0.14339032286935802,
            0.8371809459509512,
            0.9383691811181637,
            0.8922649948738065,
            -0.4071269102336312,
            -0.3063448029988665,
            -0.45273886218372245,
            0.22171472942940182,
            -0.3380095814430642,
            -0.5682220774331617,
            -0.8812966489240707,
            -0.683391728967898,
            0.7754667560416533,
            0.062368926077394825,
            0.12282604108664208,
            0.4893913425379077,
            0.8159206850477616,
            0.14771757963293394,
            0.2620376716743078,
            0.34143026250175773,
            0.9215007012088867,
            0.8350002219796063,
            -0.03100321296544594,
            0.29777010295749645,
            0.295241210358258,
            0.3407205023264984,
            -0.3107098626815598,
            -0.16519884075044172,
            0.7625003716424812,
            0.23115495669897557,
            0.27598680801596,
            0.8870786866888325,
            -0.21985358689799286,
            -0.22872303239585526,
            0.5312548869957544,
            -0.2841062818807667,
            0.7806148752898167,
            0.9997494895348833,
            0.45616373528828663,
            -0.6616651615061437,
            -0.09146683694943095,
            -0.313316224837039,
            -0.2549693122049345,
            0.7038941904791236,
            -0.004496138348999765,
            -0.8566288538583703,
            -0.5664305905023553,
            0.5523344250374274,
            0.8991269008813095,
            0.4985769049946338,
            0.8548561397052615,
            0.1151525442887826,
            0.6905641052194831,
            -0.514942655207089,
            0.3517172242854869,
            -0.22943858680390677,
            -0.4879927016155596,
            -0.5096929179100337,
            0.7329580606313897,
            0.22552564356715646,
            -0.15886436630957285,
            -0.3770225851767268,
            0.29626996669717065,
            0.44842872417414775,
            0.17661145998337202,
            0.8519662203012742,
            0.7147217493743971,
            0.6926383559411127
        ],
        [
            -0.6583153075690322,
            -0.8154483161547565,
            1.494420854558323,
            0.21648648983798693,
            0.9967531664814098,
            -0.545824612764897,
            -0.22079027443638752,
            -0.5005932803209909,
            0.3279349370170636,
            -0.5618730977862237,
            0.5364173364478046,
            -0.6205058368398154,
            -0.48498674370348416,
            0.0473680828422645,
            0.17660601048070873,
            -0.5783799547076295,
            0.8044632513878525,
            -0.43716522786756484,
            -0.10400449893613792,
            -0.587961529579182,
            0.04770608901581401,
            -0.3239117311011635,
            0.17467263871096247,
            -0.8080583374303654,
            -0.21826830788949408,
            -0.02657587416687651,
            0.03617370694383925,
            -0.009849322630019265,
            0.524482815573434,
            -0.44579438213809536,
            -0.417059705868566,
            -0.44887489217330134,
            -0.1409179408799714,
            -0.28347393146181615,
            -0.4880445009437088,
            -0.714504512927785,
            0.5074518639377826,
            0.2897346980061795,
            0.4437240860961396,
            -0.15914406018239263,
            0.5742900208615872,
            0.36301534289610254,
            0.6376381551287597,
            0.5725918990648011,
            -0.6656881767466636,
            -0.14707910549774594,
            -0.29488110942643175,
            -0.504623982313282,
            -0.6666168197266926,
            -0.23526106138394579,
            -0.29549088769083076,
            -0.7769133285388585,
            -0.7543310852261423,
            -0.7475078755442137,
            -0.2789914569812861,
            -0.3902192408942235,
            -0.11429503391315776,
            -0.16588531141329269,
            -0.14654593554050735,
            0.3110502761523535,
            -0.8929719486449166,
            -0.25398399292563284,
            -0.08238237565584029,
            -0.8113781400421898,
            -0.0634451701661871,
            -0.05317259033123777,
            -0.46373721617465413,
            0.07734397987358413,
            -0.5905926227302501,
            -0.7433525817960203,
            -0.5493539902072552,
            0.295815842454047,
            -0.16089578323920406,
            0.3302805140992793,
            0.1626854139940063,
            -0.5195053071398921,
            -0.008416888661021499,
            0.7824205969269336,
            -0.06262719007655156,
            -0.7495630125443733,
            -0.7374320477855317,
            -0.5245023457740945,
            -0.8332098885645312,
            0.21426557668589036,
            -0.40143501996419145,
            0.10302114491797618,
            -0.47926114956122806,
            -0.01537648456302867,
            -0.006700995059664797,
            0.8209474216694974,
            -0.5713319381255896,
            -0.44086054892543713,
            0.11775456966178688,
            0.20518437592237856,
            -0.2588168790422499,
            -0.535508058189967,
            0.32166316736819134,
            -0.6960125826825743,
            -0.6334351791081289,
            -0.5845036560785271
        ],
        [
            0.4428922611330167,
            0.34452078982271594,
            0.21648648983798693,
            0.9947152651446781,
            -0.18745200001949835,
            0.34414720198771004,
            0.03218033468609243,
            0.00645839096490752,
            0.008493269313693142,
            -0.029201634141393727,
            0.5521684057727357,
            0.6567629781990241,
            0.35553176883477716,
            -0.158605255080904,
            -0.20558306869902224,
            0.30536308080319013,
            0.09346906212435609,
            0.5266486676072188,
            -0.05632147026227318,
            0.11679886185314971,
            0.18343842298289254,
            0.22388360642657348,
            -0.24908883927822775,
            0.33093135994779993,
            -0.23297822791104875,
            -0.37573305899116327,
            -0.24704560972399764,
            -0.3600887957247787,
            -0.39192010225489904,
            0.3023751920513621,
            0.02002089134743601,
            0.11755617233103513,
            -0.2789478682754041,
            0.658586957536487,
            0.4252431550638747,
            0.46649382763151254,
            -0.18094731987981416,
            -0.5362056263205629,
            -0.5819278092587594,
            -0.3394389776281238,
            -0.3076116100937228,
            -0.4640076401366368,
            -0.6214794302509528,
            -0.2849693459530269,
            0.3076190963538139,
            -0.1227561368745657,
            -0.2707161403501328,
            0.2952826023471163,
            0.21344054364711898,
            -0.019411008794863852,
            0.10835194727313821,
            0.2080101043733566,
            0.31569312510047864,
            0.3782481603252124,
            0.22431677937101835,
            0.02589339662099198,
            0.21757307665211664,
            0.0188661172283262,
            -0.04608789089692459,
            -0.27204190781195237,
            0.09793642255792102,
            -0.056870465527406794,
            0.1756741749691127,
            0.41231544403552606,
            -0.06475924181855418,
            -0.07557666143336657,
            0.22181302492804644,
            -0.21868226539305363,
            0.12365699169371243,
            0.5640000819427007,
            0.2684761264207473,
            0.016727875277743786,
            -0.17790653263578698,
            -0.1901850220319021,
            0.023415461383342887,
            0.3172847195476218,
            -0.3278167934462523,
            -0.5675321700383565,
            -0.28523042623211775,
            -0.11435799454010279,
            0.41458248673677894,
            0.13571539035242242,
            0.512571573712438,
            -0.29299533290901325,
            0.4013701021222981,
            -0.3129641378724263,
            -0.07873546681499255,
            -0.17730420029377236,
            -0.6115077715782754,
            -0.12020676580204423,
            0.2617366672047708,
            -0.0762981724125315,
            -0.08529051480968235,
            -0.4387741920573398,
            0.08357579327552034,
            0.2000635281813476,
            -0.06867350283159997,
            0.267808948600265,
            0.4521435265546886,
            0.30878964135701653
        ],
        [
            -0.6649910351060454,
            -0.63531636942528,
            0.9967531664814098,
            -0.18745200001949835,
            1.6798800547811084,
            -0.8344998893981149,
            -0.41647548616850316,
            -0.2049136588004079,
            0.16153977713128884,
            -0.2823430507348263,
            0.13501540778880977,
            -0.9037246292156375,
            -0.7262183224444902,
            0.10076215136868362,
            0.31012676554321494,
            -0.601186956928593,
            0.5470577720528045,
            -0.4207453684642389,
            -0.5050078948922159,
            -0.5079395123616437,
            -0.1823641254002376,
            -0.0027493062738532976,
            0.5792122936739404,
            -0.8835134058090136,
            -0.1292359213612321,
            0.43446289609231337,
            0.29011431995989245,
            0.4860456974581521,
            0.5924801955795548,
            -0.5882827918454022,
            -0.38272769734420503,
            -0.6675767607001714,
            0.35657246792206404,
            -0.5596886112757182,
            -0.3748421021342309,
            -0.758423110008711,
            0.4458828383042707,
            0.8274045983075606,
            0.6143891956094742,
            0.2828650926387098,
            1.292896196444486,
            0.5724896887474368,
            1.0276413685712138,
            0.539001433989526,
            -0.41184085472082466,
            0.2641546062130858,
            -0.6940809795240576,
            -0.5978101737828707,
            -0.4626966303523254,
            0.02645055458198976,
            -0.523232404093971,
            -0.7457571318411931,
            -0.7523601683388155,
            -0.8622255977258495,
            -0.03972205899392952,
            0.025362183668550503,
            -0.3838416751330218,
            0.029892208892269755,
            -0.20873702280431747,
            0.6266612612696473,
            -0.7091657169265186,
            -0.4496803837445068,
            -0.07205360830233623,
            -0.9519615791080345,
            0.0348392908789909,
            0.04190222760269993,
            -0.485561012915735,
            0.20314580270385865,
            -0.3740984024660269,
            -0.9191442527771909,
            -0.7241904077985948,
            0.12660711152760978,
            0.34236852337273804,
            0.5300087010131519,
            -0.048593087739769586,
            -0.4948014121713353,
            0.03809003394094559,
            1.2403494023196655,
            -0.369006944819168,
            -0.8274972663352911,
            -0.8903077386187215,
            -0.58425153878583,
            -0.7954763819483418,
            0.6038268322790568,
            -0.45640425350869096,
            0.6132917952867708,
            -0.4083590768173191,
            0.28146394354966336,
            0.38477881406245595,
            0.5255818004723111,
            -0.37315170608427584,
            -0.45964556609936724,
            0.2950952329359302,
            0.5126934244026324,
            -0.21850894736589632,
            -0.4879461931708236,
            0.5952940530420605,
            -0.8437714572808607,
            -0.7283859438253659,
            -0.6669133595950905
        ],
        [
            0.929570992858084,
            0.7829359002791793,
            -0.545824612764897,
            0.34414720198771004,
            -0.8344998893981149,
            1.1163706915628524,
            0.35556374884916725,
            0.4120566741213785,
            0.17055964611494498,
            0.5440078474085355,
            0.19813783442011595,
            0.643500915826582,
            1.012093774611633,
            -0.23855041172036906,
            -0.3245867834025419,
            0.5864111520125243,
            -0.5361897964116685,
            0.8281941792901476,
            0.6018435358480672,
            0.4781646597999344,
            0.1842068313791285,
            0.24659095944308912,
            -0.3468329165309932,
            0.7180562642917796,
            -0.052861126555068416,
            -0.07036046806727725,
            -0.05390952089800625,
            -0.2529175938727667,
            -0.24041952272960668,
            0.6479272367967314,
            0.15247746184218625,
            0.02600706560848558,
            -0.19401387621793567,
            0.8967719512529709,
            0.8929896649428454,
            0.9327518032719427,
            -0.22795275983478036,
            -0.6579376908558309,
            -0.3772769545969109,
            -0.052590380893251444,
            -0.6444398975717497,
            -0.5160268130917232,
            -0.9740152194913858,
            -0.7952985013754731,
            0.7019814320943383,
            -0.13109627073568297,
            0.35230349416055934,
            0.6756833389061778,
            0.6459493146847263,
            0.18505335614757135,
            0.46359637714121193,
            0.23183178024258777,
            1.0094866461493963,
            0.8759600534455757,
            0.014110029200329312,
            0.2782544962964649,
            0.48815433427218413,
            0.10107981621221214,
            -0.4533262911031542,
            -0.1872038178087494,
            0.7483178237845353,
            0.4900787437341732,
            0.15233223640886395,
            0.9106384221568219,
            -0.5123761248112654,
            -0.5170951734570514,
            0.602664166827162,
            -0.2105401260978322,
            0.5452705055623565,
            0.956687541838173,
            0.6147554973468172,
            -0.4564801074604732,
            -0.15820800693979745,
            -0.6284101675108076,
            -0.3527389286332558,
            0.7091492696978958,
            0.09577589791891228,
            -0.8229679362288603,
            -0.06866401249881571,
            0.8507668776873178,
            0.9622588842910959,
            0.4006256802736089,
            0.6993968743343081,
            -0.05600268952275553,
            0.6480444005588054,
            -0.4731861010499055,
            0.2432028783708177,
            -0.265884378860911,
            -0.466130955996879,
            -0.4781485320214341,
            0.4651808637109123,
            0.2367916775259919,
            -0.11538096423459517,
            -0.2634038936222765,
            0.4069465983458915,
            0.5180315033356624,
            0.06155188268608364,
            0.9931627788955832,
            0.8871288972949427,
            0.7660906528911423
        ],
        [
            0.3778755543654193,
            0.3044407023058287,
            -0.22079027443638752,
            0.03218033468609243,
            -0.41647548616850316,
            0.35556374884916725,
            0.8853299521436512,
            -0.006129351894143661,
            0.2560205775474461,
            0.4224400017425427,
            -0.46502904119374106,
            0.44991157550930616,
            0.5651640747985511,
            -0.22951697253789755,
            -0.4133882722164523,
            0.3237235433575346,
            -0.21849868700418598,
            0.5743977082737789,
            0.4065478875262843,
            0.4191116284228546,
            -0.04246969571297949,
            -0.3361632915825993,
            -0.4631232249209106,
            0.6786766739544189,
            -0.3821268320549403,
            -0.04551674078179316,
            -0.2425087228780771,
            -0.38775656714780915,
            0.226597142437454,
            0.3730846735212255,
            0.2533767083967982,
            0.031598158489226674,
            -0.40765764106719765,
            0.12525075608348302,
            0.5770119357405726,
            0.2176062137308951,
            -0.15398146755479075,
            -0.6788041893520362,
            -0.15786745967230792,
            -0.30201865601229905,
            -0.6045723351831765,
            0.10580677530929171,
            -0.3876968510229363,
            -0.24166553381435182,
            0.08135687874224978,
            -0.21014652350277538,
            0.5383896940396304,
            0.208534391115392,
            0.19029001786846195,
            0.025021204995115082,
            0.4721799028284095,
            0.511282399401396,
            0.34623241721818576,
            0.3359730098162591,
            -0.06613233642382613,
            -0.15862389292871407,
            -0.0750616136794066,
            -0.03204730893014497,
            -0.2885423786667796,
            0.06079443073305943,
            0.32193712434706506,
            0.3454110312312722,
            0.14354138773973565,
            0.3656406850703059,
            -0.04732889019426429,
            -0.07659441536670585,
            0.1910976208424295,
            -0.4837226301536032,
            -0.08666513422008082,
            0.39606078209335194,
            0.24869084230926772,
            -0.04920518313392434,
            -0.6767494260434146,
            -0.20911540877801546,
            0.03804068630910198,
            0.6750575369685196,
            0.16751218899091364,
            -0.5090562266951644,
            0.33761023710877724,
            0.6159268677310052,
            0.18086625244770574,
            0.3504484784828307,
            0.07459892967711113,
            0.3276058221453567,
            0.2840844935900751,
            -0.14429522280518256,
            -0.04139357915892632,
            -0.42007916889708413,
            -0.3897868787752688,
            -0.212114073424154,
            0.26106070465086795,
            0.3780392798569647,
            -0.17516402082429966,
            -0.19898929638591156,
            0.4665404270862372,
            -0.01966712839912623,
            -0.10033140592784867,
            0.578665266905931,
            0.23520066661944647,
            0.33708538851757863
        ],
        [
            0.5406770643089511,
            0.44899327012220136,
            -0.5005932803209909,
            0.00645839096490752,
            -0.2049136588004079,
            0.4120566741213785,
            -0.006129351894143661,
            1.0100519525870948,
            -0.12838577839942522,
            0.590818757205961,
            0.16579948166919428,
            0.4602519743903656,
            0.3212324160344368,
            -0.0004615820522761617,
            0.017616640121379225,
            0.12387502331030763,
            -0.637303170989598,
            0.3496230974685336,
            0.34483053521952095,
            0.4879240684809596,
            -0.11456385264189593,
            0.22603998743805837,
            0.5940771871927275,
            0.16165566357112973,
            0.08718316222762733,
            0.3527156964721474,
            0.31890221230727356,
            0.6929637190840747,
            0.017368576552318715,
            0.1176446300416643,
            0.11458483944437997,
            -0.15514148426868501,
            0.7262215037910643,
            0.37990337165373617,
            0.4646510901508254,
            0.377177253551794,
            -0.18908324068638235,
            0.45321991690547925,
            0.15964496664018568,
            0.8216116339746382,
            -0.00033889495104253944,
            -0.4146717963624905,
            -0.15253599611105656,
            -0.3661557719840123,
            0.7234476372202036,
            0.42149765353361546,
            0.16497646196937044,
            0.21028519088913442,
            0.7344319636226314,
            0.001525344098251262,
            0.31733470492313604,
            0.1589240479370982,
            0.6377128967705213,
            0.3313426173378135,
            0.0012324168722182445,
            0.4087256500464782,
            -0.16582915208310575,
            0.44086639383459836,
            -0.04924801540076982,
            0.24371583030734564,
            0.23292140329233393,
            -0.024385459338728748,
            0.09703252909309559,
            0.35979765577028505,
            -0.3957738098759994,
            -0.39172650057010544,
            0.2547178216104528,
            0.18985920616136961,
            0.5636001107554178,
            0.41240840982180366,
            0.22303143456861807,
            -0.4288323029036894,
            0.4159907346397099,
            -0.20473972522270986,
            0.019308057369059144,
            0.24881074794762428,
            -0.14005188542380687,
            -0.19540138471687457,
            0.032012121259852436,
            0.3103696492572068,
            0.4709076526468924,
            -0.06640111960150867,
            0.21902470524733902,
            0.2524743890618234,
            0.22934889754039264,
            -0.33082220482384633,
            0.3806587354860293,
            0.11405820690273512,
            0.1382834738183943,
            -0.332854431904727,
            0.16420485832352127,
            0.3149324325176127,
            -0.05658732442209362,
            0.24424166154226407,
            0.2707079253537408,
            0.5799614191601286,
            0.1883362984660583,
            0.46233533170417723,
            0.2905383862950762,
            0.2159046172904293
        ],
        [
            0.04322809248346622,
            -0.20235727952426363,
            0.3279349370170636,
            0.008493269313693142,
            0.16153977713128884,
            0.17055964611494498,
            0.2560205775474461,
            -0.12838577839942522,
            0.7766726144718356,
            0.08728501802366408,
            0.21747866909600042,
            -0.1256038211879263,
            0.2067462380107941,
            0.045086849464615934,
            0.032344356749311666,
            0.028386680996587303,
            0.11397682066686884,
            0.08401437798887704,
            0.43173581628632773,
            0.24175748123863935,
            0.02563658718594303,
            -0.2065016903272171,
            -0.20827525895061097,
            0.12348790697753294,
            -0.10842564435216703,
            0.12672900475387877,
            -0.03595556685713787,
            -0.1872148113700779,
            0.027790588478660724,
            -0.003776275980661705,
            0.3229634655633972,
            -0.36757569102912596,
            -0.2531959313498406,
            0.043742209549561435,
            0.18246464747965926,
            -0.010852693461544698,
            0.0744692150809195,
            -0.35973148367641106,
            0.032585999733076854,
            -0.1587010557167161,
            -0.10765855344566853,
            0.3887402259850929,
            -0.12258448860279389,
            -0.00207534060749045,
            0.0027150650148038266,
            -0.14121619683025735,
            -0.15166878596970523,
            0.07874459034101243,
            -0.06686739320349988,
            0.281826655470224,
            0.29450492394200956,
            0.14456108164758655,
            0.022770980815954522,
            0.020859353669951397,
            0.19029146913554,
            -0.117009574942117,
            0.20429593114830616,
            -0.13694155409972844,
            -0.3288056166677024,
            0.2260263290198373,
            -0.03891090873381817,
            -0.15578289534257914,
            -0.01736514872126861,
            -0.08717319039871922,
            -0.1333146069101487,
            -0.15211565819090803,
            0.07053178224080021,
            -0.15149195053424577,
            -0.19388300366800293,
            0.019696539122148762,
            0.012277161969573116,
            0.26004608496471826,
            -0.5022531090680568,
            -0.23238332239516152,
            -0.3266103280071947,
            0.11925086885277596,
            0.18340687664379826,
            0.008551429467770717,
            0.5685751123181365,
            0.17782716851172328,
            0.011750725244331609,
            0.01788508043405023,
            -0.20979816939185236,
            0.12554736372014483,
            -0.012638741314716189,
            0.25892465707157175,
            -0.051040342939852656,
            -0.12592454535139117,
            -0.12997545719042294,
            0.05577760862324665,
            -0.42864247557284607,
            0.017259356060562104,
            0.11854237353781875,
            0.07082260108286793,
            0.1500115774022208,
            -0.16138730189665038,
            -0.03841841701561909,
            0.07014955384098812,
            0.2151234773419273,
            0.1612241465855545
        ],
        [
            0.7685881800961017,
            0.5821395858163838,
            -0.5618730977862237,
            -0.029201634141393727,
            -0.2823430507348263,
            0.5440078474085355,
            0.4224400017425427,
            0.590818757205961,
            0.08728501802366408,
            0.7723074833097244,
            -0.18783685683366286,
            0.49676193155737747,
            0.6851477212835049,
            -0.07803755278421745,
            -0.2179613688368367,
            0.3150596050925129,
            -0.4845220600127973,
            0.6586384154127457,
            0.42492689826780333,
            0.39819388546515905,
            -0.001989580614629904,
            -0.019645590094698375,
            -0.007159944779524211,
            0.5384278965008003,
            -0.08569735651795433,
            0.4495750154611634,
            0.2384172724493922,
            0.10280023167485208,
            0.31465553531864976,
            0.4966267402722292,
            0.2505385923911363,
            -0.06906436737515513,
            0.14776642385716532,
            0.42251772859210773,
            0.8141003832563367,
            0.5278450502758922,
            -0.14329697054059798,
            -0.17371968012293187,
            0.24287102625506304,
            0.1710919549729512,
            -0.2061008562775785,
            -0.20852574412386238,
            -0.282585033493681,
            -0.5843680409103785,
            0.5838609373176697,
            0.20183227017514083,
            0.3716079198794517,
            0.35326025291003343,
            0.6075460551927305,
            0.24367279645626091,
            0.4485801469558605,
            0.4111610931142603,
            0.6756093532150308,
            0.5402811380955985,
            0.0009266827731123822,
            0.4317905657841271,
            -0.006157102146975077,
            0.31310527495111895,
            -0.38148983156126093,
            0.17100946173150833,
            0.48023749303345675,
            0.3212756088826156,
            0.22392151413390513,
            0.5417332072407102,
            -0.3181632056003743,
            -0.33271157993059713,
            0.38677479760300304,
            -0.08367933711008149,
            0.5424819440764519,
            0.5924196882023858,
            0.38127712719625595,
            -0.21533090600632243,
            -0.23791256333618555,
            -0.3444313875051417,
            -0.3146430637058651,
            0.6570116597007064,
            0.05787056813047824,
            -0.2323544702794908,
            0.0663125353066165,
            0.49350235552369887,
            0.5849895706841024,
            0.17112124379665455,
            0.21904925091159522,
            0.6117536423971599,
            0.4811804771850186,
            -0.09941724843855716,
            0.1908510779218599,
            -0.08429049769640107,
            0.034410207001991815,
            -0.44795218828269684,
            0.30139408716080784,
            0.1365508867713532,
            -0.030729298575916685,
            0.17200054014302402,
            0.49024207369066447,
            0.1750495200797548,
            0.21017888292032216,
            0.7138833057086628,
            0.45495827987359466,
            0.48297578340318664
        ],
        [
            0.14125234582297572,
            -0.08679314018941571,
            0.5364173364478046,
            0.5521684057727357,
            0.13501540778880977,
            0.19813783442011595,
            -0.46502904119374106,
            0.16579948166919428,
            0.21747866909600042,
            -0.18783685683366286,
            1.2272042610104101,
            0.07958386850322538,
            0.00037522088959659127,
            0.03861420824316429,
            0.18913149985750846,
            -0.10125248500302259,
            0.050363271290653405,
            -0.11334037818903472,
            -0.07699171415416713,
            -0.27234007561741,
            0.38466297193519067,
            0.11738271372826678,
            0.2259113738186612,
            -0.23166550670468145,
            0.17538053981471874,
            -0.08097173362212574,
            0.06451903992686907,
            0.18667316031104755,
            -0.3113222202218434,
            -0.13825028187406246,
            -0.15320544937253958,
            -0.31140849010588445,
            0.17433138687446015,
            0.5138472222331859,
            -0.027884824664280706,
            0.28382312637578416,
            0.030727987606672336,
            0.15968674347260856,
            -0.05682726751090047,
            0.2839570995046202,
            0.09123471948251598,
            -0.4425362474356464,
            -0.1397868909924156,
            -0.21949138650285574,
            0.17995633906336414,
            0.03523275724648353,
            -0.5216222462796958,
            0.22298495366924964,
            0.03525158217246879,
            0.05651348973452108,
            -0.13738941478350816,
            -0.2829675179230436,
            -0.09105584415831638,
            0.08431343547400881,
            0.005664158145492187,
            0.12080332581202279,
            0.6894684909540404,
            0.07386383417214676,
            -0.010591242024744593,
            -0.08896668739344639,
            -0.2772407003831726,
            -0.3221543734375667,
            -0.007928215499305299,
            0.02096638264463509,
            -0.19960204769237055,
            -0.184932192895199,
            0.10314523179063793,
            0.40724593150172234,
            -0.0017374776596882336,
            0.18142442889788052,
            0.08481197672608708,
            0.11436409651957784,
            0.10173215873365092,
            -0.21982440083723712,
            -0.15986890399779224,
            -0.10552530864715076,
            -0.4485600392299994,
            -0.048563620478384376,
            0.015715211757001184,
            -0.4931719844836646,
            0.2934149536363689,
            -0.18175451412996088,
            0.25728347115162964,
            -0.4220342817398178,
            0.035978254094653106,
            -0.2526400361286692,
            0.024790110985546236,
            0.22000579513092447,
            -0.03357867663660012,
            0.05041997226962107,
            -0.2629425005683448,
            -0.26181416530462315,
            0.11050030541494454,
            0.03784840301390247,
            -0.10134248760546093,
            0.21998701827930828,
            -0.038640109791675516,
            -0.14730686525195277,
            0.29106038828718056,
            -0.015728631838619313
        ],
        [
            0.7906280817977751,
            0.6151805697926592,
            -0.6205058368398154,
            0.6567629781990241,
            -0.9037246292156375,
            0.643500915826582,
            0.44991157550930616,
            0.4602519743903656,
            -0.1256038211879263,
            0.49676193155737747,
            0.07958386850322538,
            1.280683314118196,
            0.6739603304693356,
            -0.1408778047603454,
            -0.28943530357799546,
            0.5475464449150363,
            -0.5614468602156502,
            0.7412959170512983,
            0.35987887451968603,
            0.6036230518758081,
            0.10828453041179258,
            0.2054969776472702,
            -0.4809033405457939,
            0.7422080984308919,
            -0.12999050293832484,
            -0.14323075518226547,
            -0.14485271828948487,
            -0.4529506209382262,
            -0.3676469213051448,
            0.5484210153201861,
            0.34665916749509595,
            0.3970809634023925,
            -0.3042787560041163,
            0.6945197531800891,
            0.7186658331601716,
            0.7391462902557028,
            -0.41344958789305797,
            -0.8259318785339987,
            -0.46803100925706737,
            -0.36788497760122324,
            -0.95794415504582,
            -0.4738963699614104,
            -0.78660703040576,
            -0.5995805576610547,
            0.5532739604673464,
            -0.07035286814467624,
            0.24614776078963901,
            0.5633017763628742,
            0.48117559299943247,
            -0.0015601784439768166,
            0.6162139805063857,
            0.7172083448742407,
            0.7196932674553355,
            0.8188317939500027,
            0.2350676263488679,
            0.35176827406316513,
            0.13797370658167987,
            0.11437962900732106,
            0.17125345704032996,
            -0.3929245123553864,
            0.551107656420935,
            0.17825115574749523,
            0.24015078916934215,
            0.8502691264508039,
            -0.17580053673118806,
            -0.20459315953446328,
            0.4297184772895856,
            -0.21180571469700069,
            0.2678417173418366,
            0.9141564929308061,
            0.5917427187380887,
            -0.10284401643736793,
            -0.32108532464309775,
            -0.45534098226828623,
            0.1916767592231631,
            0.6836982695276057,
            -0.3146846191320378,
            -0.8888147893559861,
            0.22695947442625639,
            0.5516269343214724,
            0.7673996338380518,
            0.44218476840931714,
            0.7712071252148401,
            -0.18280791091658646,
            0.5711334579354601,
            -0.5161033682519475,
            0.1301625935781979,
            -0.22500191144704956,
            -0.358606271113491,
            -0.7018889540353198,
            0.46777238805550375,
            0.4573773895304018,
            -0.18238234340246245,
            -0.32026381831541545,
            0.4386506046539971,
            0.35928139176402396,
            -0.4697075668553795,
            0.7734780216734336,
            0.6803654334439557,
            0.5868364933660795
        ],
        [
            1.0115189336258164,
            0.7947309389189443,
            -0.48498674370348416,
            0.35553176883477716,
            -0.7262183224444902,
            1.012093774611633,
