{
    "fast": [
        [
            0.6857057967142935,
            0.4708581564346323,
            0.038043824042914516,
            0.10578481781844117,
            -0.1687249074856666,
            0.3959268633743653,
            0.3987592898175246,
            -0.014422446077996446,
            0.2593084954103835,
            -0.06185755548123795,
            0.2942262595367742,
            0.2820996488187197,
            0.33403466131127046,
            -0.10765628341137747,
            0.1329957211310251,
            0.3686173348726788,
            -0.23858017355395492,
            0.019525739967168467,
            0.15000828665986546,
            -0.3444137426593996,
            -0.48505804817812137,
            0.2603515644219213,
            0.05005414386602686,
            0.45121075435701824,
            0.5123294040824578,
            0.14402580029402615,
            0.4844411488022384,
            0.10853995214750434,
            -0.26270898856334957,
            0.09524232418252875,
            0.19677438588301305,
            -0.3790747828742904,
            -0.026026731898041784,
            0.29077347021127664,
            0.32324085115663664,
            -0.3047651911920646,
            -0.07425245523441036,
            0.22772489096476434,
            -0.09816955577878261,
            0.02211854890286367,
            0.2460163894737044,
            -0.2481782367507642,
            0.1448113147622827,
            0.024312966087850798,
            0.25063386909453456,
            0.22715057854326792,
            0.36935517575265864,
            0.09064784280149163,
            -0.33117809833592526,
            0.35765216272175443,
            -0.24256580759345428,
            -0.16528707136398366,
            -0.027717765278243676,
            0.27032709676660877,
            0.06780608292213862,
            -0.023571166821605274,
            0.36017931197627506,
            0.1643476608672798,
            -0.41178713342011486,
            0.5070853866154273,
            -0.23449131618717947,
            0.017662382995831612,
            0.502316476440591,
            0.30291823584470556,
            -0.007981733958867367,
            0.3289254423927334,
            0.09621428841003103,
            0.4493816381095401,
            0.20376428301905175,
            0.6007831900508499,
            -0.05658974193304731,
            -0.039714689951443706,
            0.1728661679360698,
            -0.3843489092852307,
            0.006445430711707061,
            -0.11056292762974063,
            -0.3114966436386002,
            -0.31766510318251723,
            0.40946598821648933,
            0.4019721036189343,
            0.427225423960542,
            -0.05472045147944701,
            0.26113816032665566,
            -0.12215954943858892,
            -0.017017743338325994,
            0.20160358022878447,
            0.4168447062881759,
            0.3650676907741284,
            0.1764417847768752,
            0.2819592124511407,
            -0.39863439864920225,
            0.36439425929861313,
            0.20217698143120771,
            0.3374549429114368,
            -0.18767518608827127,
            -0.6341641387572383,
            0.4821367917434574,
            0.0033415510105265778,
            -0.09571726721133056,
            0.15218425447551262
        ],
        [
            0.4708581564346323,
            0.9068937049360212,
            -0.3751737016614411,
            0.4773946442105337,
            -0.21945615759275805,
            0.8280125595835907,
            0.07752310995266012,
            -0.2641525857537918,
            0.34435799724459126,
            0.36218464376147397,
            0.047164267429972075,
            0.5700998705511497,
            0.2639331030174681,
            0.20100917590452577,
            0.4524800854424492,
            0.48643911679793506,
            -0.5176515426248636,
            -0.44978576696095596,
            0.4878495859599888,
            -0.49612400727764355,
            -0.554490952030129,
            0.33445325346128285,
            -0.40496287978790835,
            0.5349379628821821,
            0.9057692060742878,
            0.03223951643946858,
            0.7247648920161267,
            0.23038730420940143,
            0.453649853737768,
            0.3682834060425757,
            0.23560639075771275,
            -0.46184411207811404,
            0.030200086209312315,
            0.5109888631044687,
            0.6281206155368685,
            -0.22299602237277466,
            0.6922596538614392,
            0.5403019137893947,
            0.24945626721839928,
            -0.1326417772924155,
            0.4138963693405781,
            -0.20289214412395162,
            0.17860680768293594,
            0.3379452623946637,
            0.3384756450647308,
            0.22824670833009528,
            0.5767417103606567,
            -0.23146929977767286,
            0.18119016587660894,
            0.5172577432275764,
            0.3174083044531142,
            -0.03553367898127123,
            0.106393400894597,
            0.2027887482239874,
            -0.08417665906282741,
            -0.2438752109734034,
            0.5127489982103778,
            0.2740843337062746,
            -0.10702799565213107,
            0.503475112534429,
            0.16858175390721905,
            -0.17263923996674468,
            0.56484221602425,
            -0.12805039399213608,
            0.5301490250535428,
            0.4880349451493383,
            0.29151787426176884,
            0.6903086148061212,
            0.5637970906283111,
            0.3670174523269508,
            -0.22486828477220136,
            0.1393105125218324,
            -0.12943182815338775,
            -0.3077923721750694,
            -0.4856352589207593,
            0.1847601583685016,
            -0.3315709836894154,
            -0.5499054268027446,
            0.7945139306132221,
            0.39449300323709857,
            0.2556249793690929,
            -0.32510759583683563,
            0.7572666035259193,
            -0.24038972885152057,
            0.148656316632337,
            0.34044415121586413,
            0.017626854469986904,
            0.5156609824519307,
            0.061349483470326316,
            0.061263122682079,
            -0.3380994558285574,
            0.7580393979524538,
            0.18657344833697984,
            0.671098735076948,
            0.15842529840406128,
            -0.4697534917637659,
            0.6457964324260326,
            -0.21265472546773462,
            0.41351000094069473,
            0.44547756952266687
        ],
        [
            0.038043824042914516,
            -0.3751737016614411,
            1.414683832126021,
            -0.5046452105104946,
            -0.11009796581199602,
            -0.5963283871166475,
            -0.3715719482080829,
            -0.013025291729863334,
            -0.2841995588674482,
            -0.5278557243003984,
            -0.16205766734675567,
            -0.27845883698684143,
            -0.18555965366501243,
            -0.585280057529439,
            -0.28123524488753876,
            0.08238359512603884,
            0.17115889399705228,
            0.5388813089700242,
            0.707089826233829,
            0.2879955262347699,
            0.012551976106306642,
            -0.32852591877401094,
            1.1390404834280201,
            -0.34206244654598633,
            -0.3935916250121568,
            0.4889396916870509,
            -0.04064504882679551,
            -0.22017585093165407,
            -0.3361094179782872,
            -0.3532993608114259,
            -0.1309804349646109,
            -0.33375174069762953,
            -0.26370627618558357,
            -0.33111527150443154,
            0.17537525228513573,
            0.5808062382107174,
            -0.3102818608238011,
            -0.3959125540613753,
            -0.3110648546147245,
            -0.012912985224394392,
            -0.14318685142784152,
            -0.16932623852886222,
            0.42009579737484554,
            -0.6387142592781124,
            -0.26773277877837287,
            -0.065731856591665,
            -0.3034037660032585,
            0.3871164023338076,
            -0.48029775692287285,
            -0.31686449480994405,
            -0.6958571599904456,
            0.5871349064382807,
            -0.1567096624992335,
            -0.18876382038560893,
            0.0151641217861035,
            0.8173713254715623,
            -0.5219539832476755,
            -0.6797401108762778,
            -0.6188923084613454,
            -0.19168845535429943,
            -0.8643291698984237,
            0.1960972055135869,
            -0.18770810415390246,
            0.0011958407907804182,
            -0.5097074975388708,
            -0.08931251296605408,
            -0.5236986508223311,
            -0.6003547105157402,
            -0.35860726348827,
            0.16463127014886916,
            1.0556742861136124,
            0.1572941724313279,
            0.6684203389756281,
            0.8581470789257277,
            0.07921177193723088,
            0.27675505815783863,
            0.2896784660361753,
            0.013660497370044327,
            -0.3344024675273714,
            -0.5435551284996483,
            -0.06748918128170016,
            0.3202278723792282,
            -0.5030411704005783,
            0.06217417376400079,
            -0.03295376808163856,
            -0.2856215811246769,
            -0.39991437132834723,
            -0.46029332167853815,
            -0.3608104604325863,
            -0.25104353213398845,
            0.79226588069758,
            -0.6116848801335453,
            -0.016014172545725007,
            -0.5151669759968772,
            -0.04468167027107911,
            -0.26564808896499886,
            -0.2462043522293604,
            -0.2736317475574154,
            -0.6470667126984669,
            -0.7102994456200236
        ],
        [
            0.10578481781844117,
            0.4773946442105337,
            -0.5046452105104946,
            0.7816205987123728,
            -0.2160444389125131,
            0.7346313087162208,
            0.013759578080278697,
            -0.1664050714673695,
            0.1674977283744962,
            0.318933350640503,
            -0.11697750806430711,
            0.1975758188623821,
            0.03354189091319217,
            0.20948924489507154,
            0.07964997683970293,
            0.2580433993234935,
            -0.09734727340213023,
            -0.5998378166251306,
            0.1552172480762524,
            -0.13213216394835306,
            -0.023974527408892717,
            0.11932823616180259,
            -0.6136850933311825,
            0.1127946923878403,
            0.389781639808101,
            0.014258633590709459,
            0.3486517396041835,
            0.017010686140701996,
            0.3927315991955724,
            0.378768115620322,
            -0.04417662944115353,
            -0.06919063083496489,
            0.3928033103170463,
            0.16108987744319453,
            0.2549768637124268,
            -0.1973230313510089,
            0.44291337962542,
            0.24212664895503727,
            0.24957296633379497,
            -0.05477811074714516,
            0.09607672719294015,
            0.18483316815537343,
            -0.22995882010137045,
            0.33305539715374327,
            -0.11689887766743234,
            -0.12823629222458233,
            0.2627862972367422,
            -0.19844113258523718,
            0.030058813015397146,
            0.14553280004489003,
            0.27682303951933857,
            -0.1474929016944027,
            0.08548944924661028,
            0.17930900611044462,
            -0.14332897394035554,
            -0.5280997429862416,
            0.500894660376046,
            0.1018966046970368,
            0.18561320237980916,
            0.14546189378500962,
            0.3492482932558871,
            0.04881477454752597,
            0.1143197026499624,
            -0.11496923337428382,
            0.6287232907170843,
            0.0007709575640431847,
            0.19756745117525215,
            0.3441446252695126,
            0.3934722742880707,
            -0.04144307468527672,
            0.0019279650441487307,
            -0.19005870794950552,
            -0.3975644259386684,
            -0.040915430034790104,
            -0.3112353565757446,
            -0.11270162970668779,
            -0.10039227144768867,
            -0.07352080925024344,
            0.6490067961006204,
            0.34746617580404954,
            0.24564927801772857,
            -0.06258287725728909,
            0.48237245655001426,
            -0.17699835844235595,
            -0.05342237764149166,
            0.2654256728642662,
            -0.08974808510699797,
            0.2299124469032868,
            0.24213206241060362,
            -0.1035410286481201,
            -0.09940307476458951,
            0.32880019752429374,
            0.041290398831570575,
            0.4279843580154258,
            0.37434624658180987,
            0.13499344913968472,
            0.17388171391653326,
            -0.03472599236416793,
            0.46372999807326454,
            0.1691618160487885
        ],
        [
            -0.1687249074856666,
            -0.21945615759275805,
            -0.11009796581199602,
            -0.2160444389125131,
            0.7634980779385911,
            -0.1511634209762539,
            0.0720781271878453,
            -0.11311936937352528,
            -0.048277057875596815,
            0.03883589757950492,
            -0.11017907456141181,
            0.1006954809308582,
            0.26972373989522247,
            0.1349118891541661,
            0.021082678569943017,
            0.009314027404316095,
            0.21683409584720587,
            -0.0947451698375934,
            -0.5921982286958283,
            -0.1815920565884851,
            0.022494636155990753,
            0.1915508367970606,
            0.11967364796422264,
            0.04029472227717164,
            -0.10932799570452655,
            -0.3571042886704288,
            -0.2935735604811407,
            0.31487286185497887,
            -0.245125249694172,
            0.10103894806459836,
            0.2020181595972303,
            0.45961470108192914,
            0.31467849597826836,
            0.028171262986072074,
            -0.22983355528045923,
            0.1364993116415092,
            -0.007804984648359697,
            0.1860877262430804,
            0.27214702343470165,
            -0.2211891287998489,
            -0.03444249019505413,
            -0.08882509956097809,
            -0.29741451750786835,
            0.23728484220288315,
            0.17468960934712827,
            0.025897369663662097,
            0.12133794800834154,
            -0.17079404039922821,
            0.14347972125133318,
            0.0426211897123735,
            0.06185370742467371,
            -0.33593469678029764,
            0.05570751858707447,
            0.13187564737342042,
            0.18975562489625983,
            0.13839599456325957,
            -0.0361613885011574,
            -0.09191315439909571,
            0.25956488368834346,
            0.19912769228283472,
            0.154948239190044,
            -0.2427811343784484,
            -0.05030694309097595,
            -0.262855423558138,
            -0.24523254909246514,
            -0.16340751117553368,
            -0.21956349896045227,
            -0.06081338953998336,
            0.13354116246845654,
            -0.22523393449261025,
            -0.2370004859373502,
            0.025339066940510663,
            0.19365759481392028,
            -0.2563665203045038,
            -0.16215781564148557,
            -0.26359974999649544,
            0.13331619848704282,
            -0.10524887499766702,
            -0.27698986776161016,
            0.18210472698558358,
            -0.012092462621900685,
            -0.4272080477651716,
            0.03632845864814973,
            0.039991985548418874,
            0.3060030322459739,
            -0.044287378643477746,
            -0.039746490529947616,
            0.09914401599151997,
            0.03705572164760927,
            -0.0858253264767269,
            -0.22322376086345533,
            0.11255614160393647,
            -0.05208048406339161,
            -0.2598885175421571,
            -0.5141854728584992,
            0.2749183939958072,
            0.07203163508054802,
            0.5273559655894134,
            -0.16871180344035666,
            0.050981198365616924
        ],
        [
            0.3959268633743653,
            0.8280125595835907,
            -0.5963283871166475,
            0.7346313087162208,
            -0.1511634209762539,
            1.2623167848834673,
            0.343779659369922,
            -0.2734020778585002,
            0.47653085064492423,
            0.48185816828454403,
            0.19434469058983628,
            0.568891692425139,
            0.2740283405623545,
            0.2696855933617024,
            0.5318045041834796,
            0.5998967938498179,
            -0.13238282128455564,
            -0.7825362292815384,
            0.2623199854511497,
            -0.7234204289439583,
            -0.6502662350354868,
            0.4053662535499892,
            -0.8366328758161803,
            0.6328223092889592,
            0.9267665498195139,
            0.12469084169886067,
            0.6739500252613749,
            -0.1147507695081973,
            0.49849573021018817,
            0.5631536575767312,
            0.41403299100578694,
            -0.29869966240708573,
            0.47258952024654577,
            0.6183793156685041,
            0.27399431855602846,
            -0.3632217970036592,
            0.6136403160104512,
            0.6574877351441091,
            0.4700775221137145,
            0.06513079766499658,
            0.4842633688212337,
            -0.22820722858308928,
            -0.23219099302088989,
            0.4430223111561274,
            0.30038444350091253,
            -0.028469921335339692,
            0.7208419433985171,
            -0.37491143884165046,
            0.09738565782440839,
            0.5427767949671097,
            0.5223215978285461,
            -0.15927381906137425,
            0.13355767880763353,
            0.44322636626361306,
            -0.2023920451436879,
            -0.5230263826092595,
            0.8823102891058113,
            0.2484493622940433,
            0.0845010377391147,
            0.6182805916833105,
            0.3880910722910402,
            0.0963650803853445,
            0.3318189160256867,
            0.02102352065033387,
            0.9097960661343318,
            0.3635050691442543,
            0.15906533514081284,
            0.9121596547587213,
            0.86222247515345,
            0.18786338788547552,
            -0.1729914713965507,
            0.10649977127402394,
            -0.26061313005076514,
            -0.41288446393824946,
            -0.2813099363385732,
            0.09099529446242886,
            -0.1485395198348024,
            -0.5588988885126009,
            0.8635521542407133,
            0.7531990665002354,
            0.47528436105552624,
            -0.13052501759558377,
            0.9377299741562712,
            -0.2960954754699098,
            0.2741897320256059,
            0.5712696097103047,
            0.1516208148194739,
            0.7367793813822439,
            0.44686811415381195,
            -0.1620629145524721,
            -0.7008684900520192,
            0.7290852070975207,
            0.18288617691634168,
            0.7110014939113674,
            0.1968612916636548,
            -0.35989698095139117,
            0.636675350867255,
            0.2026663020484128,
            0.7994551139556604,
            0.47995178328968824
        ],
        [
            0.3987592898175246,
            0.07752310995266012,
            -0.3715719482080829,
            0.013759578080278697,
            0.0720781271878453,
            0.343779659369922,
            1.4913320600803928,
            0.38383128705689745,
            0.3975485779966632,
            -0.039075617604381316,
            0.08338494961442058,
            0.042396466434885725,
            0.3826815766527757,
            -0.02093034073148755,
            -0.21728824536251976,
            -0.024974172497104177,
            0.32853979760691465,
            -0.3194214571352449,
            -0.46239052951063603,
            -0.5669389677615848,
            -0.2003117082378649,
            0.02574583998325006,
            -0.4727666251243344,
            0.5393220980790479,
            0.22356577484626217,
            0.022434498408295905,
            0.1854374501165635,
            0.10995913385594223,
            -0.1241287402895369,
            0.020608933550151202,
            -0.18839110067266795,
            0.40182250436939276,
            0.3692697361684085,
            0.18724411137424826,
            -0.29393128399054297,
            -0.08325609223116873,
            -0.478519641704439,
            0.02046960445310519,
            0.09934856819792487,
            -0.2136335131957201,
            0.12523629666104052,
            0.06316398627966296,
            -0.4224027002823298,
            0.44177394049749485,
            0.3451613272968198,
            -0.09380717590481324,
            0.34826887206621826,
            -0.295124704423163,
            0.06213837433160352,
            0.18250065706869634,
            0.09836033601667694,
            -0.2797456013511292,
            -0.06796666345086372,
            0.4735167060255767,
            -0.024853405573779977,
            -0.62553219391849,
            0.5898401096535278,
            0.7372962369241984,
            0.38286905133023036,
            0.046413140739354125,
            0.24459672411672095,
            -0.08971393229188888,
            0.5858835576956031,
            0.5603374158441407,
            0.016288326085535845,
            0.1506003247080868,
            0.08564370698269026,
            0.6515947857281621,
            0.07442078994927412,
            0.1729270666552682,
            -0.4098784793243722,
            0.200182557787852,
            -0.39446727640103213,
            -0.5758606979894735,
            0.13039412610649398,
            -0.0956581699591623,
            -0.256676190646109,
            -0.3058734508446472,
            -0.1269450882172641,
            0.6800305737157917,
            0.2906381626402828,
            -0.4053366456202297,
            -0.06565363124396781,
            0.0423261892099018,
            0.2780610084689924,
            -0.004581523394915646,
            1.5035529949911117,
            0.2816568413153424,
            0.7215848577739852,
            0.12289009471801488,
            -0.7502018687343972,
            0.3517159407784337,
            0.13344166953179276,
            0.4405456316829761,
            -0.5243116186540465,
            -0.014253479815289401,
            0.13642278792691037,
            0.9201373552573312,
            0.001699648486390141,
            0.33212073379431156
        ],
        [
            -0.014422446077996446,
            -0.2641525857537918,
            -0.013025291729863334,
            -0.1664050714673695,
            -0.11311936937352528,
            -0.2734020778585002,
            0.38383128705689745,
            0.6400049983669919,
            -0.2898577123280391,
            -0.02287635115881646,
            -0.1393229776575957,
            -0.32717726572790506,
            -0.0010911151392343742,
            -0.3432343819539677,
            -0.3011341489970816,
            -0.34258972173752483,
            0.16892219275286086,
            0.2368206467616105,
            -0.22376538094872359,
            0.20737396412794432,
            0.3406008731279584,
            -0.20061248536118145,
            -0.038342601261432414,
            -0.06635075432454769,
            -0.3209448559560976,
            -0.07348329773883719,
            -0.29390752633537426,
            -0.22370965598483825,
            -0.16276967353995692,
            -0.1171531587003718,
            -0.36029056260129194,
            0.04130019268849649,
            -0.19927801462110226,
            -0.33926897465346817,
            -0.2866701188607116,
            -0.039808475294841106,
            -0.46756707370551615,
            -0.2265568632961182,
            -0.2960134244325799,
            -0.16421447676298506,
            -0.23143274950171855,
            0.4780324626779797,
            0.05337915580394634,
            -0.33537373406301785,
            -0.06643995365554081,
            -0.05991713189751946,
            -0.21152216048526729,
            0.06006202030943024,
            0.16134951129434266,
            -0.15335403619586813,
            -0.3047668148150121,
            0.1196356308453469,
            0.0020841684218643342,
            -0.10720733572040647,
            -0.01064885420107025,
            -0.3129780684828577,
            -0.020860012447221944,
            0.15197482229106068,
            -0.13128013942976774,
            -0.2560687375714423,
            -0.09178890886061494,
            0.18601126405508647,
            -0.10055387962287114,
            0.4238653314284919,
            -0.3465220638543125,
            -0.2959588967645452,
            -0.06357792068527042,
            -0.12398826901753818,
            -0.4454837374280471,
            -0.24768462277834835,
            -0.23992462759549857,
            -0.1639947627530256,
            -0.15899302913060434,
            -0.16194423382633663,
            0.2866722470457797,
            0.04868148151285695,
            -0.2965654274298429,
            0.23778427098290422,
            -0.3358260763811468,
            -0.16382448016199597,
            -0.014088569566442749,
            0.16299810840952955,
            -0.3120779341054425,
            0.11132922617926098,
            -0.07812294725023824,
            -0.17989493359132533,
            0.5285680865495053,
            -0.2814743777716127,
            -0.013074865640974315,
            0.3125752357484902,
            0.025526026823129093,
            -0.22059370839802395,
            0.17419559210677757,
            -0.1629494118639424,
            -0.11290677574127457,
            -0.11843060963520156,
            -0.33669078430754834,
            -0.06438174427167331,
            -0.09292984694843712,
            -0.08586265835028664
        ],
        [
            0.2593084954103835,
            0.34435799724459126,
            -0.2841995588674482,
            0.1674977283744962,
            -0.048277057875596815,
            0.47653085064492423,
            0.3975485779966632,
            -0.2898577123280391,
            1.0232815993647708,
            0.0035286380524486554,
            0.48246747182539546,
            0.2654819335070156,
            0.2541179728528109,
            0.30159007249371306,
            0.3724708194621994,
            0.16552191102277805,
            0.34837095944462143,
            -0.4554751932189615,
            0.14140226019640276,
            -0.49418559412115914,
            -0.7936847339698039,
            0.15925495644285148,
            -0.4411600714648432,
            0.30948945325791305,
            0.4916013593311741,
            0.646271186048375,
            0.5061846204467122,
            0.11756989435527251,
            0.21048163377447177,
            0.053157960716087756,
            0.30178396235139954,
            0.24198979204599957,
            0.4990769266962211,
            0.6890888980541305,
            0.21322554474348637,
            -0.0042868109764277315,
            0.19309192994209912,
            0.17241259737772158,
            0.3911318778704717,
            0.2556897286866987,
            0.326278739237525,
            -0.3600003753647149,
            -0.4966290732429655,
            0.4953365771214429,
            0.2637925340295736,
            -0.1507324991776533,
            0.3608742758888623,
            -0.5517940742397877,
            -0.2575165928559327,
            0.2340837335761984,
            0.8513855858902775,
            0.2737657670261512,
            -0.0717930411814935,
            0.35208944048431035,
            -0.09441396755427425,
            -0.14630282873800737,
            0.5009449440543017,
            0.32822558384905814,
            0.4738059947103762,
            0.4282832148288101,
            0.6120356747188976,
            -0.18241762674964224,
            0.3053064602402302,
            0.39754545393529467,
            0.6354727628933678,
            0.4693948780735814,
            0.19124388585744662,
            0.513999896934759,
            0.812302480001716,
            0.37659379534716936,
            -0.1560258660126562,
            0.5172160011015577,
            -0.353444107746155,
            -0.21774436168186892,
            0.20513314155508916,
            0.4250393354846875,
            0.23503370357173572,
            -0.14429436077328073,
            0.2929575512790394,
            0.5633794669255334,
            0.4290023478354313,
            0.03095221554712642,
            0.33679402029761335,
            0.26709104448769405,
            0.06196166140284341,
            0.34044137294006005,
            0.34119707868122745,
            0.6602119299327444,
            0.6175291048303967,
            -0.2692256221243504,
            -0.4487958408741586,
            0.6236108618693565,
            -0.10829672488986437,
            0.46052485913499863,
            0.24200854302992414,
            -0.2889591544833185,
            0.37554159699788,
            0.5870827743674417,
            -0.007739354328139221,
            0.3249344300291257
        ],
        [
            -0.06185755548123795,
            0.36218464376147397,
            -0.5278557243003984,
            0.318933350640503,
            0.03883589757950492,
            0.48185816828454403,
            -0.039075617604381316,
            -0.02287635115881646,
            0.0035286380524486554,
            0.5314344629185873,
            0.010004857702863584,
            0.374737633354593,
            0.12265517885724808,
            0.2355938117846474,
            0.38859931537360687,
            0.25476335951822887,
            -0.26041442084342686,
            -0.5675308765235503,
            0.0031526137364065714,
            -0.13151030625600968,
            -0.04114112030379962,
            0.16408765831833208,
            -0.5299632427261003,
            0.25286343637497577,
            0.3644877768774146,
            -0.19692572635567826,
            0.16581651066739914,
            -0.055900261516539304,
            0.46816829024928663,
            0.3310077035320601,
            0.26477908535573985,
            -0.07583547004964705,
            0.02786066830515671,
            0.17912807990205923,
            0.003324156433398466,
            -0.11034101372021783,
            0.5492980993617864,
            0.3702833089034057,
            0.34483837732072287,
            -0.020082058150424506,
            0.15331869892699218,
            0.012269504017792228,
            0.13604803561849002,
            0.18648410203331792,
            0.2758957987526741,
            -0.02328617019501779,
            0.27494449152829514,
            -0.12553161997711793,
            0.4975018435844371,
            0.30926908606483366,
            0.3101196258656551,
            -0.1735608501573197,
            0.20542752320972157,
            -0.011541425906530001,
            -0.17162836450114413,
            -0.37189380177051057,
            0.37291941953345104,
            0.09729740152740286,
            0.11164234547651553,
            0.19891251981173677,
            0.4346958103579401,
            -0.15072248774978655,
            0.07990799311503409,
            -0.16383183987522576,
            0.4459277123060195,
            0.0613759516502723,
            0.2925123107259082,
            0.3188378526708228,
            0.2646251304231463,
            -0.17529877543263253,
            -0.3697196232921532,
            -0.03427053370109222,
            -0.3505562454047655,
            -0.2735735262913141,
            -0.2209216073467594,
            0.009867935458008306,
            -0.12501145639948477,
            -0.19810115026974207,
            0.3916340480113296,
            0.23351224791363967,
            0.0019512010849585151,
            -0.20200065693399222,
            0.5444535681088983,
            -0.23365967586988448,
            0.16636363463689058,
            0.1726252945345587,
            -0.08573470050958935,
            0.21974611768581281,
            -0.04128471534272606,
            -0.1639812214624627,
            -0.23832605833047768,
            0.4364489635162965,
            0.04315828131103485,
            0.3024017495921717,
            0.1355793988588801,
            0.06887788486642171,
            0.1954773873140603,
            -0.08014214826676787,
            0.6099351205008908,
            0.22222096725207752
        ],
        [
            0.2942262595367742,
            0.047164267429972075,
            -0.16205766734675567,
            -0.11697750806430711,
            -0.11017907456141181,
            0.19434469058983628,
            0.08338494961442058,
            -0.1393229776575957,
            0.48246747182539546,
            0.010004857702863584,
            1.1925209230808622,
            0.2511483303013106,
            0.19983068137713675,
            0.12577287939915524,
            0.4393567856424745,
            0.4732756550139926,
            -0.043429215108295824,
            -0.1186665141992905,
            -0.18600307771741706,
            -0.20373550238429708,
            -0.5746030596738145,
            0.18929196801384243,
            -0.23452140744957056,
            0.3232059067163346,
            0.19585316046354068,
            0.3901719700568399,
            0.22648913266696397,
            -0.23967545617850988,
            -0.42313309635864965,
            -0.044542954009695115,
            0.988485064994365,
            -0.24332687389212845,
            -0.10369478927478493,
            0.3618532898504774,
            -0.3116605229870866,
            -0.51185659741778,
            -0.22415406712707148,
            0.039259500255499916,
            0.019667054862226346,
            1.075655141000217,
            0.28816938219693966,
            -0.351439455655522,
            0.13079390921483508,
            -0.059730786485571216,
            0.3523732410562949,
            -0.03750284759525351,
            0.19183327225472688,
            0.2715587180894431,
            -0.3446016013952284,
            0.3615216045114168,
            0.09321369605755422,
            -0.2689336068972463,
            -0.00973138377516903,
            0.11661090915123574,
            -0.07935428279915847,
            0.18939028169331132,
            0.17821080336797648,
            0.0032872860783663732,
            -0.34075534729361584,
            0.5158836802388767,
            0.001539852530743511,
            0.2316325004285583,
            0.028767229304460525,
            0.2621949954563172,
            0.0962405080352029,
            0.3944843255101097,
            0.13495378503693806,
            0.31983569231196957,
            0.20661729450512104,
            0.5721995598037584,
            -0.32279103721452246,
            0.0021850306646858694,
            -0.09927000528142818,
            -0.5086479469753795,
            0.9477142624531611,
            -0.21725216325697036,
            0.11278326316396686,
            0.03149477891684711,
            0.24506735272814661,
            0.36175267231474784,
            0.19058080392296747,
            0.4955556831656724,
            0.11349922249597927,
            -0.2947753954248976,
            -0.3432555928324662,
            0.27087669351820515,
            0.07938866563129518,
            0.4587418031143114,
            0.24584864392276265,
            -0.11160377650800862,
            -0.5368771046086026,
            0.2309826435954764,
            0.1540252770295664,
            0.115531721010066,
            0.04469648616161637,
            -0.5825831020855032,
            0.3837431037946649,
            0.10786892805610603,
            0.06656198867603146,
            -0.1310130122485198
        ],
        [
            0.2820996488187197,
            0.5700998705511497,
            -0.27845883698684143,
            0.1975758188623821,
            0.1006954809308582,
            0.568891692425139,
            0.042396466434885725,
            -0.32717726572790506,
            0.2654819335070156,
            0.374737633354593,
            0.2511483303013106,
            0.6724760659337562,
            0.29502916445446575,
            0.33265929309210174,
            0.5517423102492988,
            0.5995426551544621,
            -0.3853872259061488,
            -0.5104629846771678,
            0.1075746427064031,
            -0.38912881441516173,
            -0.48199186704936325,
            0.3311634312629359,
            -0.1949648111499039,
            0.49498081484308903,
            0.660048056766301,
            -0.08315505642057913,
            0.4533166442066261,
            0.20297648480706937,
            0.22377377679336977,
            0.2691825340305902,
            0.5442676868706576,
            -0.19804433447204495,
            0.05607552151800582,
            0.48957764920230684,
            0.2166132236400685,
            -0.15603851806277122,
            0.6331034705542256,
            0.4910622243036181,
            0.3828357369075405,
            0.07499396617223626,
            0.36269604720409687,
            -0.4333894625469907,
            0.3173713669532445,
            0.33534604756500963,
            0.49591916416335563,
            0.19661747276950636,
            0.47245006529502065,
            0.03014424064312725,
            0.13269547947763174,
            0.5207486921691531,
            0.26427339944137307,
            -0.31125592734748153,
            0.14375414929102254,
            0.16423678074571416,
            -0.06984991974730638,
            -0.005968229407699558,
            0.44613502925339504,
            0.11672068903886625,
            -0.06431557765066029,
            0.5579102342987861,
            0.237441391156888,
            -0.2938507805853392,
            0.4185041876895405,
            -0.204971959298773,
            0.46401676795281155,
            0.4391095284565441,
            0.31864615742818597,
            0.5254686160997804,
            0.4620441346892482,
            0.3926967072797091,
            -0.13201242493617102,
            0.07043151711359417,
            -0.004679586341187721,
            -0.37104524560880436,
            -0.3172792842731529,
            -0.051703278664299926,
            -0.04258938810647748,
            -0.6553714815179759,
            0.536153625606052,
            0.4881726866073405,
            0.14881545479048147,
            -0.35188365378076003,
            0.6017554910920669,
            -0.30337863097035933,
            0.15868389114670356,
            0.2817640713484897,
            -0.05700742654789584,
            0.5175289640997217,
            0.08696244251845174,
            -0.19690447277405082,
            -0.4048968020696619,
            0.6297830171839929,
            0.04876353463808156,
            0.46790191044774154,
            -0.027893450887964296,
            -0.19087020640829136,
            0.5519029245010676,
            0.10122827887220327,
            0.49862621312179767,
            0.28484115602157123
        ],
        [
            0.33403466131127046,
            0.2639331030174681,
            -0.18555965366501243,
            0.03354189091319217,
