{
    "fast": [
        [
            1.1080961982830084,
            0.8121517654062911,
            -0.6341757080848472,
            0.4841555436918681,
            -0.5332442535686213,
            0.9007202779978104,
            0.4012100803869399,
            0.5670368186216261,
            0.030892071460572136,
            1.0043347522358976,
            0.11624405041798987,
            0.7951686344292599,
            0.9754583812715664,
            -0.34683274733699565,
            -0.49256990680667445,
            0.7471950587111197,
            -0.38642164724837014,
            0.9665324037188003,
            0.25286153218314106,
            0.30528749533315547,
            0.19892608051801672,
            0.12817568422005013,
            -0.14937685731089398,
            0.8141865217646033,
            -0.1443452243486733,
            0.2503436248041403,
            0.12738301839771263,
            -0.09565186913634506,
            -0.035312404325942646,
            0.7483235053265341,
            0.14703228349460648,
            0.03398491822631722,
            0.009793599759417614,
            0.9060050465216897,
            1.111018831027554,
            1.00167912800592,
            -0.46737262199526164,
            -0.4306532024632474,
            -0.1457106165981513,
            0.06363651560716603,
            -0.38547435079968606,
            -0.44253162360130005,
            -0.6537291098563328,
            -0.7934740255986042,
            0.9349225703648187,
            0.13414993149445079,
            0.16992032539406093,
            0.7025235454528245,
            0.8711963452774678,
            0.2655512807384861,
            0.4939887148872798,
            0.4624639120828759,
            0.9103438501370681,
            0.8363240076254292,
            0.10322465767105161,
            0.6025807227497558,
            0.343766286442774,
            0.7016528253566471,
            -0.45945239916385905,
            -0.032742889293035544,
            0.7521053531716871,
            0.3382706096544507,
            0.7338374150678729,
            0.8914953935741713,
            -0.515604052189259,
            -0.5272436206920122,
            0.7696563461167779,
            -0.20445313703558277,
            0.68990607956271,
            0.9540657323713119,
            0.7560856115088711,
            -0.2334194351313701,
            -0.26327356930197915,
            -0.7123684088553542,
            -0.5590699333999725,
            0.987572655550133,
            -0.1582816426390089,
            -0.6174486947773171,
            -0.23226533712325192,
            0.45857162908219534,
            0.9779087924446719,
            0.5664672104038907,
            0.6361159551218845,
            0.23583231975003396,
            0.7625377211952616,
            -0.2708884954248184,
            0.24854792443071458,
            -0.20494072452175952,
            -0.36685100930412157,
            -0.4949088001532977,
            0.39670383149543137,
            -0.06465027649887607,
            -0.21889510404058088,
            -0.17203521578145325,
            0.7613956396208659,
            0.321142089160715,
            0.12547030205406046,
            0.9820755142718338,
            0.874612929021138,
            0.9429128490316577
        ],
        [
            0.8121517654062911,
            0.9630556971171592,
            -0.7436019557127261,
            0.3565091540840973,
            -0.4822462655276297,
            0.7181282618568087,
            0.30598080874413236,
            0.44573996840513175,
            -0.13688889736079662,
            0.7200793489747497,
            -0.06761279680111985,
            0.5856768384390028,
            0.725476389551872,
            -0.4820768016049085,
            -0.5307396199676029,
            0.7218960038656853,
            -0.4693065440192872,
            0.8690264236556207,
            0.044770827835006174,
            0.37217618918284584,
            0.1115706688380256,
            0.1562808194364797,
            -0.003942027482516262,
            0.7487843701980308,
            -0.15165299193328696,
            0.022105590832641245,
            -0.006344828572524954,
            0.06231927351186398,
            -0.0999134553560772,
            0.6132464396096692,
            -0.11406122516428786,
            0.1350695181689304,
            0.15803773552212086,
            0.7878338178848536,
            0.9056991216931977,
            0.8539337371789263,
            -0.5778469592067116,
            -0.2671944325834374,
            -0.35577025208319124,
            0.20500159956102165,
            -0.27415843863750494,
            -0.40101732408868723,
            -0.6828956307667883,
            -0.5549288266466277,
            0.8211746449036282,
            0.08277973587574466,
            0.08673234107589511,
            0.5078461244562896,
            0.8166572298594713,
            0.17368578179535302,
            0.30022465700497974,
            0.31392375807500544,
            0.8479293802048761,
            0.7336360359890921,
            -0.03899382952000244,
            0.3282936064183637,
            0.30571240950108697,
            0.6394518083984493,
            -0.2897895444494308,
            -0.16884277039448228,
            0.7045527438099587,
            0.18566443683480907,
            0.6409310302397092,
            0.806722225371678,
            -0.25888248920204143,
            -0.2651709487585937,
            0.6410078717451995,
            -0.3155191557571418,
            0.6649824487963384,
            0.8569334024173357,
            0.5176519872043905,
            -0.47173566762723934,
            -0.08510545198835545,
            -0.39882250212856796,
            -0.22569132063547395,
            0.7012473169974711,
            -0.004224987072001737,
            -0.6616311659508639,
            -0.4625538155739221,
            0.4174912603391782,
            0.7959486441487096,
            0.6788227827596963,
            0.7289485352898253,
            0.08126872432978764,
            0.6522725139817039,
            -0.40627200187640833,
            0.3594256072108684,
            -0.27888226919464704,
            -0.4845412765101207,
            -0.4446711235681404,
            0.527225164014467,
            0.21663594600432357,
            -0.21059563862074848,
            -0.447210762249707,
            0.3698685427630051,
            0.3551127514682874,
            0.10612316548675944,
            0.7701899664776526,
            0.6915935122812902,
            0.7549245473445075
        ],
        [
            -0.6341757080848472,
            -0.7436019557127261,
            1.528241614073283,
            0.25122396698221117,
            0.8484797281145143,
            -0.5614407686362058,
            -0.24885503447410168,
            -0.5573163458083051,
            0.24877807285853212,
            -0.7794109108298342,
            0.4686205437068445,
            -0.6624854270652465,
            -0.4964871920672712,
            0.08118626010643641,
            0.22366992996637097,
            -0.8449169858254783,
            0.7250226084679021,
            -0.4767615093915592,
            -0.0743457380307268,
            -0.5371944424965858,
            0.05211915056940002,
            -0.37052545174427653,
            0.20215140298580306,
            -0.817008146348021,
            -0.28351078789393047,
            -0.02955700816748676,
            0.048393166393151714,
            -0.011657560642452899,
            0.48628990670911687,
            -0.4397483970450006,
            -0.45751593280980885,
            -0.32804694088124076,
            -0.1741735737500616,
            -0.2991599344916206,
            -0.5282562612802073,
            -0.7668498056557109,
            0.8077052278712482,
            0.28339515091379114,
            0.39102982077179077,
            -0.16501679822415424,
            0.5223708038173158,
            0.28730622171453585,
            0.5540915545807025,
            0.5214201202816411,
            -0.7905297333341423,
            -0.21891814982682875,
            -0.23351381854201725,
            -0.5872442399665734,
            -0.7482438466384387,
            -0.3102109727797402,
            -0.37966602643235636,
            -0.8010687016115561,
            -0.7783967917664428,
            -0.73652052852152,
            -0.39350939797233353,
            -0.4824641323911067,
            -0.1327206410189165,
            -0.34913428914989225,
            -0.15327681580219754,
            0.35651769020229146,
            -0.9253079341825511,
            -0.22877411260556027,
            -0.21455187040632695,
            -0.8274851313007751,
            -0.08378045326807675,
            -0.06913196140322166,
            -0.6274908452941639,
            0.09632664387009794,
            -0.5642043063421499,
            -0.7145386966244351,
            -0.6991082570515434,
            0.23651402205750094,
            -0.16788558286597094,
            0.4714707339479163,
            0.16149183934722006,
            -0.5804019183792583,
            -0.008869769201655093,
            0.6777016594712189,
            -0.05735265315717044,
            -0.6353725429170358,
            -0.732084281341075,
            -0.8008417502943832,
            -0.7967705378105914,
            0.16958105295047876,
            -0.4252216349257626,
            0.09115057590265091,
            -0.5492405861665841,
            -0.02095977035059822,
            -0.007461596652594385,
            0.8031944347838755,
            -0.4608722152075518,
            -0.4749094866913711,
            0.175055462235493,
            0.27293811381448374,
            -0.3623492630152199,
            -0.4755693674538232,
            0.21675427314530413,
            -0.7056146526702396,
            -0.6873708496502275,
            -0.7144293050328164
        ],
        [
            0.4841555436918681,
            0.3565091540840973,
            0.25122396698221117,
            1.309906272107417,
            -0.18107358228743484,
            0.4017040788877369,
            0.0411593224520777,
            0.008159288054735939,
            0.007311567198347438,
            -0.04596704292361417,
            0.5473955216815528,
            0.7957017081291026,
            0.41301684364752955,
            -0.308478904161182,
            -0.2954613206496843,
            0.506207418149124,
            0.09559262617901917,
            0.6517600452584059,
            -0.04568662776575762,
            0.1210967197829659,
            0.22741808146242212,
            0.29061955331439476,
            -0.3271276969779477,
            0.3796931514248179,
            -0.3434040504703101,
            -0.4742021181973548,
            -0.3750415044782645,
            -0.483639870832393,
            -0.4123563630306876,
            0.33847531377787826,
            0.02492312911819877,
            0.09749161925955471,
            -0.39124625158488585,
            0.7887050050678879,
            0.5223164812200316,
            0.5681492084069614,
            -0.3268295870214201,
            -0.5951609681179988,
            -0.5819385875234455,
            -0.39940233698041977,
            -0.3175130041183499,
            -0.4167315198520046,
            -0.6128372591419345,
            -0.29447735267626257,
            0.41454513833896206,
            -0.20734099121884325,
            -0.2432713425883649,
            0.3899419033999605,
            0.2718660476606545,
            -0.02904466545092512,
            0.15798124554559193,
            0.24338443020357545,
            0.3696709513293243,
            0.42291888293512475,
            0.35903528617318564,
            0.03632925941822388,
            0.2866998272685703,
            0.04505865963446402,
            -0.054701683774435704,
            -0.3538322982068443,
            0.11516058812697158,
            -0.05812975394970588,
            0.5191789604556637,
            0.4771749832245596,
            -0.09704140217202521,
            -0.11150386793730432,
            0.3405913833037194,
            -0.30906131366290884,
            0.134053520603679,
            0.6152069525875294,
            0.3877117740382705,
            0.015177051745257476,
            -0.21065501586755017,
            -0.308076993440144,
            0.02637642016771001,
            0.40225289288764016,
            -0.3920153775132041,
            -0.5578275085731438,
            -0.29641324530026586,
            -0.11000134475499557,
            0.46704765440894924,
            0.2351470528132736,
            0.5562173570150073,
            -0.2631460131293493,
            0.4824544139296532,
            -0.3142235917541508,
            -0.10239340187551708,
            -0.27425822181614545,
            -0.7726905848800196,
            -0.1334582508092202,
            0.23958948867750968,
            -0.09326848272419237,
            -0.1438831049549243,
            -0.6623265156155361,
            0.1327781038473878,
            0.20161691003034501,
            -0.05251298461908585,
            0.30809649147805535,
            0.5567707571846742,
            0.42829787537870107
        ],
        [
            -0.5332442535686213,
            -0.4822462655276297,
            0.8484797281145143,
            -0.18107358228743484,
            1.1903285906146137,
            -0.714515835465635,
            -0.39074252665773346,
            -0.18989888636248115,
            0.10200903426376164,
            -0.32601688236963394,
            0.09818306725787884,
            -0.8031586134540688,
            -0.6188424944804785,
            0.14375696801615256,
            0.3269460661498833,
            -0.731046669062251,
            0.41040559865391046,
            -0.38195276994981936,
            -0.300494732404606,
            -0.38630412217287036,
            -0.16584319949767654,
            -0.0026178769918078658,
            0.5579874031448355,
            -0.7435866080788746,
            -0.13973232824825116,
            0.4022169332791925,
            0.3230687371072308,
            0.4788650789333179,
            0.45726985827008204,
            -0.48304830592702946,
            -0.3494882888951141,
            -0.4061127579595374,
            0.36685844930978945,
            -0.4916675174398353,
            -0.3377289883521239,
            -0.6775660517969458,
            0.5907633486053856,
            0.6736659259775748,
            0.45068716468661796,
            0.24414724235173105,
            0.9789173552612813,
            0.3771572526972559,
            0.7433332467174741,
            0.4085707308032486,
            -0.407109781307075,
            0.32728320693037705,
            -0.45752046175975336,
            -0.579093813806699,
            -0.43231267426243586,
            0.029031978296885842,
            -0.5596120033618945,
            -0.6400727698464829,
            -0.6462485356612946,
            -0.7071714846578219,
            -0.046637010176865654,
            0.026102237722304633,
            -0.3710205632833738,
            0.05236936701540251,
            -0.1817343079732123,
            0.5978855896616353,
            -0.6116893890055854,
            -0.337162465175683,
            -0.15620267697006807,
            -0.8081482958771101,
            0.038295539363037236,
            0.04534849905200468,
            -0.5469076484068488,
            0.21060201001222015,
            -0.2974876748025009,
            -0.7354435103116029,
            -0.7671488900827493,
            0.08426133003712595,
            0.2973701110450872,
            0.6297809674024645,
            -0.04015237189622101,
            -0.4601554030968259,
            0.0334123360948882,
            0.8942872952476556,
            -0.28129361309346473,
            -0.5838773223809215,
            -0.7357223810252375,
            -0.7425639835728559,
            -0.6331999702397443,
            0.3978066841054428,
            -0.40242460327196994,
            0.45168424694500564,
            -0.3895537190608109,
            0.31936474797329617,
            0.35664682953847543,
            0.4280361119265329,
            -0.25056026542562704,
            -0.41216150562666465,
            0.36516978470396566,
            0.5676914984040435,
            -0.25464711252293826,
            -0.3607069758370758,
            0.333912458115659,
            -0.7120493177339902,
            -0.6579383969493937,
            -0.6785411499561541
        ],
        [
            0.9007202779978104,
            0.7181282618568087,
            -0.5614407686362058,
            0.4017040788877369,
            -0.714515835465635,
            1.1550239366798114,
            0.40310269027335416,
            0.46142959570631786,
            0.13014647998411513,
            0.7590408250415874,
            0.17410757171660785,
            0.6910529986927761,
            1.0421510324781027,
            -0.41125257183661507,
            -0.41348968705960515,
            0.8616576680369035,
            -0.48606641344575424,
            0.9084885901135005,
            0.43273226666433323,
            0.4394321252131991,
            0.20242352117812684,
            0.2837267261799012,
            -0.4037419859597731,
            0.7302538827958054,
            -0.06906325608623931,
            -0.07871062500492657,
            -0.07254178264110632,
            -0.30110092478320427,
            -0.22421540661624972,
            0.642876630380931,
            0.16824624199452795,
            0.01911761713844217,
            -0.24120177261305367,
            0.9519278807318386,
            0.9722174021517855,
            1.006938998242043,
            -0.3649510559809282,
            -0.6473041641770113,
            -0.3344174117463351,
            -0.05484989076421403,
            -0.5896058363497853,
            -0.41079395732684754,
            -0.8513432664247583,
            -0.7284579350236106,
            0.838503189266697,
            -0.19626951756648414,
            0.28061721664020206,
            0.7909077250935935,
            0.7292846232419361,
            0.24543460599994776,
            0.5991415049381777,
            0.2404373264027307,
            1.0477829783835244,
            0.8681306970975421,
            0.020018145643611412,
            0.3460431618768033,
            0.5701642561409115,
            0.21398372491500026,
            -0.4769197716187274,
            -0.21582260120630045,
            0.7799491471159454,
            0.44401549621530945,
            0.3990446933004877,
            0.9341456474409394,
            -0.6805573865792626,
            -0.6762281933165648,
            0.8202430168558946,
            -0.26374638785492227,
            0.523952737574933,
            0.9249808595728014,
            0.7869122343399554,
            -0.36710394314183276,
            -0.16604619506869106,
            -0.9022911943760495,
            -0.3521981609925302,
            0.7969080958361364,
            0.10151931938278105,
            -0.7169897014433295,
            -0.06324868400188813,
            0.7253750223298868,
            0.9608657923257896,
            0.6152757292191278,
            0.6727198870880963,
            -0.0445826147543248,
            0.6904569210737606,
            -0.4211111616521275,
            0.2803437224616522,
            -0.36454740756056275,
            -0.5220740958325204,
            -0.47054363423611434,
            0.37743797461072015,
            0.256571120267185,
            -0.17252966901349084,
            -0.35243076849602023,
            0.5730650692984294,
            0.4627386362312852,
            0.04171952964082088,
            1.0127509586466437,
            0.9682943230965162,
            0.9418547236279352
        ],
        [
            0.4012100803869399,
            0.30598080874413236,
            -0.24885503447410168,
            0.0411593224520777,
            -0.39074252665773346,
            0.40310269027335416,
            1.0998134822592747,
            -0.007521054068097103,
            0.2140654976932436,
            0.6458633904543195,
            -0.44776071127797273,
            0.5294256949024788,
            0.6376760693011604,
            -0.43356970096694103,
            -0.577042317513699,
            0.5212216941696125,
            -0.2170408897325038,
            0.6904236567846221,
            0.32030450709616987,
            0.4220459146430582,
            -0.05113874363869041,
            -0.42382741550316516,
            -0.5907392530711806,
            0.756299797430988,
            -0.5470585766916511,
            -0.055794508957105936,
            -0.35757387242455674,
            -0.5058338300935467,
            0.2315612104186739,
            0.4056247740599474,
            0.30635295244121236,
            0.025451878507244178,
            -0.5553399942690461,
            0.14568607695015767,
            0.688362838017441,
            0.2574091722854271,
            -0.2701306640901751,
            -0.7317855176960077,
            -0.15333344239559493,
            -0.345158746519241,
            -0.6060986071091394,
            0.09229558322044959,
            -0.37131876534754726,
            -0.242551906222161,
            0.1064851468656541,
            -0.3447469153166884,
            0.4699046707659264,
            0.2674705417693461,
            0.23541291421153548,
            0.0363632519149119,
            0.6686710682792535,
            0.5810391881425649,
            0.3937804492812705,
            0.36485547154787823,
            -0.10280765669118923,
            -0.21615851428861405,
            -0.09606747951563138,
            -0.07434016630408662,
            -0.3326286779324917,
            0.07680008118051512,
            0.3676773866548832,
            0.3429131393530888,
            0.41202400953531304,
            0.41099714021718625,
            -0.06888391941809754,
            -0.10975784127506637,
            0.2849955728271457,
            -0.6639933183132279,
            -0.09125153586116803,
            0.4196044931986553,
            0.348818356470493,
            -0.043360442653676,
            -0.7782946169647018,
            -0.3290070565688241,
            0.04161958044348251,
            0.8312411435842555,
            0.19456044048375284,
            -0.4859721914663513,
            0.3407639029897124,
            0.5754357429146768,
            0.1978991845781943,
            0.5897539251795766,
            0.07862467036595057,
            0.28577479691516944,
            0.3316614656259985,
            -0.14071240567767604,
            -0.052284236062005836,
            -0.6311142690907157,
            -0.47837345957105487,
            -0.2287295216090413,
            0.2321030888057493,
            0.4488424509150874,
            -0.2870054823208315,
            -0.29174068925604285,
            0.7198988155320776,
            -0.019250242539763672,
            -0.07451618666540714,
            0.646584523665367,
            0.2813033276334465,
            0.454108202146427
        ],
        [
            0.5670368186216261,
            0.44573996840513175,
            -0.5573163458083051,
            0.008159288054735939,
            -0.18989888636248115,
            0.46142959570631786,
            -0.007521054068097103,
            1.2242162536731775,
            -0.10603249822609055,
            0.8922369004588416,
            0.15768825605445466,
            0.534963044671774,
            0.35801004228800665,
            -0.0008612779036625445,
            0.024289740091928462,
            0.1970072554353298,
            -0.6253009410977856,
            0.41510059386661163,
            0.26835354122560945,
            0.48532482329754434,
            -0.1362601266409985,
            0.28149734704097246,
            0.7485010567274151,
            0.17793945633159713,
            0.12328470150946297,
            0.42706635978403273,
            0.4644577551383306,
            0.8929136873945844,
            0.017531774776847996,
            0.12633958487769564,
            0.13684622265754387,
            -0.12343442091524796,
            0.9771983887752674,
            0.4364767489840764,
            0.5475324378023068,
            0.4407055226797949,
            -0.3276489211166087,
            0.482612489331315,
            0.15316155577834983,
            0.9274744747702958,
            -0.0003355910637205117,
            -0.3572911109061304,
            -0.14430362469073726,
            -0.36299958967499996,
            0.9353025785708602,
            0.6830045766975298,
            0.14222805890788498,
            0.26641411554588723,
            0.8974621052527316,
            0.002189639369585826,
            0.44388746234147886,
            0.17839573755500795,
            0.7164104230795089,
            0.3554217864346895,
            0.0018924285991846169,
            0.5501560702791121,
            -0.2096378288855721,
            1.0101578187721438,
            -0.056077557498691685,
            0.304110836339251,
            0.2627577480226006,
            -0.023912728717944587,
            0.2751142005926249,
            0.399478020179562,
            -0.5689693267591422,
            -0.5544618598073783,
            0.37522558107725423,
            0.2574241204835445,
            0.5861612599705227,
            0.43157479761298395,
            0.30899815723922874,
            -0.37326788012178264,
            0.47255249625554313,
            -0.3181790399629607,
            0.020865952201652084,
            0.30262559117504434,
            -0.16067464911964865,
            -0.18425682142266134,
            0.031915577234556375,
            0.28641595308651113,
            0.508946914995174,
            -0.11037541178484975,
            0.2280182557888631,
            0.2175403970235848,
            0.26448096261327453,
            -0.3186583918094699,
            0.474923719932541,
            0.16925973888548249,
            0.16763334668872923,
            -0.35453356255401763,
            0.14420346300157663,
            0.3693385663312385,
            -0.09158296934301906,
            0.35370183052089416,
            0.41260398709408364,
            0.5607181703559383,
            0.13816499574232025,
            0.5102761224291307,
            0.3432338523649228,
            0.28729735126468914
        ],
        [
            0.030892071460572136,
            -0.13688889736079662,
            0.24877807285853212,
            0.007311567198347438,
            0.10200903426376164,
            0.13014647998411513,
            0.2140654976932436,
            -0.10603249822609055,
            0.4370868233228608,
            0.08982004293460703,
            0.14094202107358297,
            -0.0994806513867278,
            0.15700775624216462,
            0.05732603802880368,
            0.0303882681751086,
            0.030762436872014305,
            0.07620214351814704,
            0.0679695667469628,
            0.2289429843985734,
            0.16385806892972696,
            0.02077729639104475,
            -0.1752347725970714,
            -0.17881126349920445,
            0.09262184144199312,
            -0.10447592600405135,
            0.10455727285299124,
            -0.03568309148130521,
            -0.1643791893603365,
            0.019114680604083032,
            -0.0027633679108599557,
            0.26282501440530415,
            -0.1992795669763463,
            -0.23215498152186806,
            0.034244933671216705,
            0.14651067596558376,
            -0.00864068518004576,
            0.08793061854260226,
            -0.26102112994872684,
            0.021302630524545653,
            -0.12207390809359653,
            -0.07264428872340793,
            0.2282363654655542,
            -0.07902200848148622,
            -0.0014019653498481355,
            0.002391844322483171,
            -0.15592674403414472,
            -0.0890978356675822,
            0.0679793358300076,
            -0.055678379842196514,
            0.27567315739477977,
            0.2807084684521001,
            0.1105742216098437,
            0.017431151593633988,
            0.015246678449984783,
            0.19910805643298038,
            -0.10732059316131622,
            0.17598519630346368,
            -0.2138085822122374,
            -0.25512159980338006,
            0.19218294072074874,
            -0.029910601951076227,
            -0.1040939800674433,
            -0.033549172343011836,
            -0.06595157126092015,
            -0.1305951912210025,
            -0.1467135724054423,
            0.07079875351817477,
            -0.13996349575635378,
            -0.13740211829894705,
            0.014045141935082077,
            0.011590320454102233,
            0.154237896775917,
            -0.38877352688291245,
            -0.24608325021016395,
            -0.24051224275680716,
            0.09883384985756093,
            0.1433777174020916,
            0.005494678704580368,
            0.38626356350131813,
            0.1118210893276498,
            0.008653843887864662,
            0.02025794925780769,
            -0.14882841470560973,
            0.0737119382688665,
            -0.00993137158978788,
            0.1699463199237483,
            -0.04339196231354504,
            -0.12733422955955212,
            -0.10736411164099954,
            0.04048280048576304,
            -0.2565030530281263,
            0.013792389282752702,
            0.1307304709513964,
            0.06988710992810764,
            0.1557990747730379,
            -0.10632185218487213,
            -0.019204858441529426,
            0.052757076698311096,
            0.17317374571022123,
            0.14618655282606874
        ],
        [
            1.0043347522358976,
            0.7200793489747497,
            -0.7794109108298342,
            -0.04596704292361417,
            -0.32601688236963394,
            0.7590408250415874,
            0.6458633904543195,
            0.8922369004588416,
            0.08982004293460703,
            1.45320748380238,
            -0.22259144614671206,
            0.7194289431624236,
            0.9514183852314972,
            -0.18143017119242005,
            -0.3744473737581104,
            0.6243134235032388,
            -0.5923358727746592,
            0.9743427841874087,
            0.412028554514741,
            0.49349905720801895,
            -0.0029484529101152495,
            -0.030483553164922014,
            -0.011240113381945582,
            0.7384487586291445,
            -0.15099253389132203,
            0.6782412836037205,
            0.4326511664920473,
            0.16504582903123802,
            0.39573868728211836,
            0.6645213125074109,
            0.3728136145654662,
            -0.06846582676807499,
            0.24774270648040242,
            0.6048453962437994,
            1.1952873664425578,
            0.7684594037928576,
            -0.30938851735662,
            -0.23048892791533154,
            0.29032318768257626,
            0.24064478344015192,
            -0.2542942629039341,
            -0.22386637660849162,
            -0.33309301935275215,
            -0.7218354101466316,
            0.9405154329053794,
            0.4075027413807648,
            0.3991716926765171,
            0.5576411254833978,
            0.925028753308172,
            0.43583619206920376,
            0.7818201036007787,
            0.5750668644572426,
            0.9456791765573714,
            0.7221011389198272,
            0.0017729824388860284,
            0.7241668531050722,
            -0.009698322213255445,
            0.8938900356996018,
            -0.541246123565883,
            0.2658763899782301,
            0.6750153880356639,
            0.3925431730519856,
            0.7910482170098394,
            0.7494307251293174,
            -0.5699060051723369,
            -0.5867702928492822,
            0.7099091134850201,
            -0.14136675369963905,
            0.7029797372404855,
            0.7724484801144458,
            0.6581759991393498,
            -0.23353445960467453,
            -0.3367404262001074,
            -0.6669352148832237,
            -0.423671516077634,
            0.9956829445121465,
            0.08272325664363073,
            -0.2729973600158229,
            0.08237498714343587,
            0.5674383259825269,
            0.7877643780800295,
            0.3544152004345887,
            0.28413829105067273,
            0.6567659484742063,
            0.6913806738984569,
            -0.11931743931699444,
            0.2966840196579049,
            -0.15585373766774055,
            0.051974329674566326,
            -0.5944921856442835,
            0.32978879246405335,
            0.19953232966784137,
            -0.06196688775592669,
            0.310355073574515,
            0.9310103467117448,
            0.21087151946567254,
            0.19211645039552977,
            0.9817182537669417,
            0.6696835713741329,
            0.8007676585352758
        ],
        [
            0.11624405041798987,
            -0.06761279680111985,
            0.4686205437068445,
            0.5473955216815528,
            0.09818306725787884,
            0.17410757171660785,
            -0.44776071127797273,
            0.15768825605445466,
            0.14094202107358297,
            -0.22259144614671206,
            0.915872015008436,
            0.07258634367658158,
            0.0003281441048397983,
            0.05653836938773129,
            0.2046281626658638,
            -0.12635892289069744,
            0.038775614345899996,
            -0.10559409903199081,
            -0.04701618172151919,
            -0.2125658873638667,
            0.3590073283528131,
            0.11470832291858078,
            0.2233517665416599,
            -0.2000987902284749,
            0.19460756836021595,
            -0.07693177749893951,
            0.07373578970977136,
            0.18874811191296378,
            -0.2465889024517928,
            -0.1165024653216927,
            -0.1435759238793659,
            -0.1944198230639087,
            0.18407337527703577,
            0.46325885777198045,
            -0.025784134860104446,
            0.26022710578280495,
            0.04178222631718306,
            0.13343205880368325,
            -0.0427812101734703,
            0.25153004600867956,
            0.07089362490213892,
            -0.2992046337724705,
            -0.10377030574588277,
            -0.17074951718071502,
            0.18256349090441717,
            0.044799878590319066,
            -0.3528752145937285,
            0.22167966406050915,
            0.03380219609703035,
            0.06365882906094912,
            -0.1508031225831941,
            -0.24924886731398657,
            -0.0802687081879593,
            0.07096844435123942,
            0.00682494240552596,
            0.12759529486036955,
            0.68395093816375,
            0.13280543089914687,
            -0.009463439296980134,
            -0.08711186856024566,
            -0.24541713020684694,
            -0.24789283871904902,
            -0.017638955155575283,
            0.018266688377127933,
            -0.22516897341439812,
            -0.2054012096508168,
            0.11922958052191686,
            0.43328742415977234,
            -0.0014179699406483054,
            0.14897935178280122,
            0.09220378514233456,
            0.07811322783773748,
            0.09068311233517147,
            -0.2680693134363581,
            -0.13557055631615259,
            -0.10071517184617375,
            -0.4038134074831351,
            -0.03593426343753466,
            0.012294482145861938,
            -0.3571232369246907,
            0.2488403104572714,
            -0.23707398158452464,
            0.21017940295751864,
            -0.2853461845253983,
            0.0325566415256899,
            -0.19095658354091843,
            0.024269916620097746,
            0.25619048763334634,
            -0.0319415115200896,
            0.042141245409016446,
            -0.18119751160518846,
            -0.2409362599037352,
            0.14033331734432894,
            0.043009745636158093,
            -0.12120645888387024,
            0.1668953867191209,
            -0.022243550081185656,
            -0.12757715226350938,
            0.2698183312788884,
            -0.016423374335014805
        ],
        [
            0.7951686344292599,
            0.5856768384390028,
            -0.6624854270652465,
            0.7957017081291026,
            -0.8031586134540688,
            0.6910529986927761,
            0.5294256949024788,
            0.534963044671774,
            -0.0994806513867278,
            0.7194289431624236,
            0.07258634367658158,
            1.427524484575517,
            0.720317344666807,
            -0.25208712207701567,
            -0.38270574427041215,
            0.8350897018618832,
            -0.5282814405177806,
            0.8440312755831975,
            0.26857875792052194,
            0.5757842396498277,
            0.12350976311092071,
            0.24541898950166463,
            -0.5810600659749853,
            0.7834670143039423,
            -0.1762795315689456,
            -0.16631083765772733,
            -0.20231544064767845,
            -0.5597106046565811,
            -0.3558822127511403,
            0.5648005600722741,
            0.39702882305259013,
            0.30297102884096516,
            -0.39264399769364156,
            0.7652199098538177,
            0.8121263171606515,
            0.828222631503764,
            -0.6870557231035958,
            -0.8434269846519984,
            -0.43060875923758724,
            -0.3982549045802733,
            -0.9097020512225182,
            -0.3915748483321921,
            -0.7136354477853587,
            -0.5700349503358981,
            0.6859602547577485,
            -0.10932612448284831,
            0.20350396704775314,
            0.6843895289537884,
            0.5638736927642378,
            -0.0021477945362243078,
            0.826609796479884,
            0.7720650303663396,
            0.775350067028792,
            0.8423161685606273,
            0.3461532251177358,
            0.4540716389080184,
            0.16727028531669347,
            0.25133016212243703,
            0.18700507624498702,
            -0.47018738418299166,
            0.59620590176998,
            0.16762710466757944,
            0.6529702096337647,
            0.9053253108254143,
            -0.24236823053482104,
            -0.27771128419064717,
            0.6070588964147092,
            -0.27540317548415644,
            0.2671394061520979,
            0.9174085936279672,
            0.7862061330596612,
            -0.08584714373905471,
            -0.34978449410698775,
            -0.6786094202639733,
            0.19864735125409816,
            0.7974706122705475,
            -0.34621637890089174,
            -0.8037498471383322,
            0.21699526654037113,
            0.4881767761021629,
            0.7953751510236973,
            0.7048787310421961,
            0.769947726741651,
            -0.15105366449165605,
            0.6316100847313011,
            -0.476739453945077,
            0.15573561667003843,
            -0.32020420237925007,
            -0.41689022061363323,
            -0.716943797046347,
            0.39394715003294534,
            0.514393717618504,
            -0.2830688267828277,
            -0.44477373368490064,
            0.6411577189860491,
            0.3331148114446156,
            -0.3304496125312553,
            0.8186718056488774,
            0.7708014598405394,
            0.7488597665511729
        ],
        [
            0.9754583812715664,
            0.725476389551872,
            -0.4964871920672712,
            0.41301684364752955,
            -0.6188424944804785,
            1.0421510324781027,
            0.6376760693011604,
