{
    "fast": [
        [
            1.4149050971012886,
            0.006858650338156637,
            0.24761366361523032,
            -0.14189945014294456,
            0.02046632416236885,
            -0.3444208398707408,
            -0.6983244749122899,
            0.13386739778068935,
            -0.1575200519677727,
            0.07751107238675221,
            -0.17090471730396758,
            0.25542201543042853,
            0.02005636727683877,
            0.35856020039437725,
            -0.3258031122816103,
            0.4067703149222156,
            0.1662883146914956,
            -0.04523791605487363,
            0.14878096507529817,
            0.2795438866730771,
            0.19667332459493084,
            0.18794783737469237,
            -0.13700006764357225,
            0.11195309819255261,
            0.29391827888671035,
            0.16172035041244465,
            0.005404051954467032,
            -0.05141792499566342,
            -0.3633145027455054,
            -0.11950902375163769,
            0.37489131015421306,
            0.0072869642718408605,
            0.2756206645484493,
            0.11798231256389723,
            0.4939793030514281,
            -0.3472976268701865,
            -0.32374961727915463,
            -0.0764468634395115,
            -0.16513732192049896,
            0.4538991867591183,
            -0.2578464728335505,
            0.6166141449042961,
            0.11616926985938135,
            0.051145318136155596,
            -0.1421825113760259,
            0.3645035348921074,
            -0.146116954555128,
            0.017256160383451992,
            0.4538801583728521,
            -0.26769986558422076,
            0.1401649163489627,
            0.8806256054914262,
            0.3400257912136772,
            -0.2218685172387332,
            0.7779649434640229,
            0.2931207698083177,
            0.34286876408400135,
            0.19066970060442262,
            0.6998561755339961,
            0.0639673945443893,
            -0.3720478884348673,
            0.17505239789883453,
            0.16561603548820408,
            -0.20306159851740102,
            0.008910512609708238,
            0.15689404238767107,
            -0.2188051767381244,
            -0.2688245962284757,
            0.06439108867123769,
            -0.026199255632301993,
            -0.13807169039663625,
            0.9037727585309103,
            -0.1501403182656564,
            -0.13117213471037134,
            -0.31149530011874166,
            -0.4425460839595436,
            0.547301751467142,
            0.1778670069395712,
            -0.12300571053810258,
            0.04720925572966655,
            0.27392484757340546,
            0.1195984266133048,
            0.1234592475659861,
            0.41330738415323853,
            -0.7247137969615969,
            0.13053238184758956,
            -0.016374377742281343,
            -0.06560855793146098,
            0.25046495733766716,
            0.3190804862164595,
            0.1461806712258762,
            -0.1729661478301577,
            -0.27699525605094666,
            0.4275362044345591,
            0.0986117269447573,
            0.05086754303209999,
            0.2609061510802161,
            0.0017214450585609621,
            -0.0812119488532873,
            -0.0020284652370013796
        ],
        [
            0.006858650338156637,
            0.9725407041495119,
            0.3313754985008007,
            0.23489793168405912,
            -0.46661455446977035,
            0.16968219797556014,
            -0.38660485538990025,
            0.14049897215952117,
            0.4121704636451612,
            0.07116388132630512,
            0.04369659979867917,
            -0.5534896183876764,
            0.49160083541170313,
            -0.2282564023929834,
            0.04725813042936134,
            0.4875553256729434,
            0.7816467589021623,
            -0.6661351786656048,
            0.38754920387144864,
            0.005155005059665031,
            -0.5347971173813458,
            -0.24946882389301914,
            -0.5038950496480191,
            0.6371535329276599,
            -0.4671352306084284,
            0.241024320129635,
            0.22398362182687964,
            0.4245948081512933,
            0.11704579622980976,
            -0.27368370244717216,
            -0.6171275432052984,
            0.16513966730438362,
            -0.5420463211114886,
            0.23921220238747756,
            0.000725696156404287,
            0.3588673296920279,
            0.2738127881757648,
            -0.41790701307035066,
            -0.053089739251773016,
            -0.3283295596052803,
            0.45235657530107654,
            -0.007920429874744566,
            -0.44430897365840244,
            0.037372750428152836,
            -0.1517952692128176,
            -0.15751301285043096,
            0.1734626614251951,
            0.5484554293047816,
            -0.2650558647500103,
            0.716480029786223,
            -0.32599127639012443,
            0.04503071212134836,
            -0.48900836457780983,
            0.5597707375586883,
            -0.04457147439908995,
            -0.43666787414564434,
            -0.26467300781987385,
            -0.6229894564557444,
            -0.020897776559361092,
            0.05329732908107068,
            0.1849764774562547,
            0.47897439297347194,
            -0.45692470380863986,
            0.07550561922717103,
            -0.4266683132181151,
            -0.5291831613368659,
            0.027265885563076554,
            -0.18631970602396794,
            0.02173024595896423,
            0.33345871380324565,
            0.25544142516378077,
            0.0809396628767214,
            0.3869753199269857,
            -0.25447877784103085,
            -0.2928570144522411,
            0.39797302952746905,
            -0.05429361579367569,
            -0.19156137677261156,
            0.014455303434193822,
            -0.48676696973175065,
            0.43293167629153595,
            -0.5276855283352246,
            0.5446550961235886,
            0.15885038128729442,
            -0.21085865754235655,
            0.009921174618768465,
            0.03658807802498588,
            -0.37557586461551207,
            -0.41505114491466594,
            -0.513077353804336,
            -0.042133854861243276,
            0.1283693507402459,
            0.45941353967755616,
            0.30243514439996677,
            -0.5383907989363758,
            0.5788144899769174,
            0.6272803892903709,
            0.4229215331211257,
            -0.1992341892390503,
            -0.26511300781533764
        ],
        [
            0.24761366361523032,
            0.3313754985008007,
            0.7507262872753577,
            0.44084423535146433,
            -0.4150133545508814,
            -0.03354556767020804,
            -0.36985744398776804,
            0.06745552257134334,
            0.16313020118791027,
            0.04161360025036393,
            0.08255153383812175,
            -0.10529227393620547,
            0.5152356423107716,
            -0.5227541387349277,
            0.561008829456532,
            0.43495763890260014,
            0.4898333929981596,
            -0.6528021872202938,
            0.2609969628743218,
            0.2854223735843186,
            -0.48885913998072505,
            -0.3457898563923942,
            -0.29259867440272797,
            0.4308646021174766,
            -0.4928021766576754,
            0.23586396859404218,
            0.258156221631311,
            0.2186493103320992,
            0.01993470172993268,
            -0.34158434996359155,
            -0.5930872364979212,
            0.01780079237542296,
            -0.5116917488694687,
            0.2759151239292573,
            0.0976045045349932,
            0.14206159535003757,
            0.27705245635935827,
            -0.38930116956046734,
            -0.03258155460132738,
            -0.33513507417833954,
            0.27303904722360123,
            0.023849637552819058,
            -0.39652094246085773,
            -0.05721116194394993,
            -0.3402787386798073,
            0.36448526518580354,
            0.01016777974612497,
            0.153305917427444,
            -0.20634065493835196,
            0.3036381884577271,
            -0.3222483862176603,
            0.6527038009180929,
            -0.41723864047526626,
            0.15761002109714944,
            0.3672885942757606,
            -0.4626852800657242,
            -0.09006710837136311,
            -0.5185670765300067,
            0.6516188194641825,
            0.3861850096656232,
            0.1434627898795008,
            0.3252197777186007,
            -0.420538483593568,
            -0.2918715737257309,
            -0.4899618565879766,
            -0.5501015293192352,
            0.03798308672437656,
            -0.45331429661505557,
            0.2910231203523457,
            0.058835093514350366,
            0.10123600897970242,
            0.2637501513719853,
            0.3150956440153919,
            -0.2546112836057533,
            0.30378921889722404,
            0.44251613308528936,
            0.708660502786762,
            -0.07443753049034255,
            0.14151433013036618,
            -0.3308847540256605,
            0.34733855203312264,
            -0.45685480865186767,
            0.17518606072958579,
            0.5486581479208238,
            -0.638614841077197,
            -0.15854929656533331,
            0.009332218359112519,
            -0.32362218987707125,
            -0.2625364531676648,
            -0.34919820284289427,
            -0.048751194457736846,
            0.162585178246742,
            0.5977570017411687,
            0.43248697549150383,
            -0.5178555509819702,
            0.06244895124285709,
            0.4737270506747222,
            0.05107274562169466,
            -0.11633597709184924,
            -0.34905220661858494
        ],
        [
            -0.14189945014294456,
            0.23489793168405912,
            0.44084423535146433,
            0.8601919635956864,
            -0.3729348833424814,
            -0.06120501233516289,
            -0.2902673677413293,
            -0.07733405797902611,
            0.44958782387081275,
            -0.3242614369619221,
            0.18326023000283193,
            -0.36266415407878627,
            0.4592699327425494,
            -0.33003085134302523,
            0.49293679264190965,
            0.11713859464548729,
            0.5205351963243257,
            -0.66146910472556,
            0.5360290343238838,
            0.12964145020715565,
            -0.5985369034808276,
            -0.4695717099849362,
            -0.1576773045729016,
            0.3863149802850389,
            -0.6426879008909122,
            -0.039177468344314396,
            0.3161379460200637,
            0.5316811934880661,
            0.1416017946846057,
            -0.2613983314415205,
            -0.4677453655293461,
            0.18940107759234887,
            -0.5432295222143553,
            -0.04393201985727796,
            0.03513411435160804,
            0.4640309406320912,
            0.22052921689934785,
            -0.45700724945558474,
            0.08096470566498044,
            -0.5809409226186586,
            0.37279767786130097,
            0.06292108353665046,
            -0.49827234032187107,
            -0.12187495384454856,
            -0.2964198919017399,
            -0.10829246091614984,
            -0.2212558630929366,
            0.25548587904563924,
            -0.32499475744178125,
            0.3321480039421854,
            -0.36769037871318533,
            0.21110872780111847,
            -0.4444290082555553,
            0.2802990074671572,
            -0.003595983016290399,
            -0.4766593841817024,
            -0.175347775886797,
            -0.5136140310910007,
            0.1608344537432463,
            0.5952968520598299,
            0.3093253544931543,
            0.16933130091858326,
            -0.47043121534869176,
            -0.38766649686045423,
            -0.47515281215565885,
            -0.5658609841884431,
            -0.15878305112128765,
            -0.39333172887294,
            0.36525845938820695,
            0.19669881451229568,
            0.4078258532539045,
            0.022627360862193316,
            0.21731794487026798,
            -0.48259704054954516,
            0.3336041216470727,
            0.48366792952627946,
            0.20556252099953062,
            -0.11083668402629437,
            0.09775416611277797,
            -0.4455467338951649,
            0.144380923052034,
            -0.472995202165141,
            0.37315839177201676,
            0.20801806479290957,
            -0.5297041814648561,
            0.011351207173689759,
            0.022273462520364017,
            -0.37221399943522343,
            -0.3598310889856149,
            -0.48797544513953395,
            -0.06094441919830968,
            0.08676697651482983,
            0.6228412834424657,
            0.23006103491233104,
            -0.6271827138713494,
            -0.1492699206081969,
            0.08383402648925267,
            -0.022030330497051966,
            -0.4235515124020558,
            -0.29543442195016845
        ],
        [
            0.02046632416236885,
            -0.46661455446977035,
            -0.4150133545508814,
            -0.3729348833424814,
            0.749958381197443,
            -0.09854195673564389,
            -0.05177791687032224,
            -0.07664651485961475,
            -0.12428425720139666,
            0.2682780463231728,
            -0.39444269726360404,
            0.6429811937786905,
            -0.7494310671511424,
            0.5057088813934978,
            -0.6090730572908033,
            -0.2309925312798759,
            -0.6681818790874959,
            0.9086175668527703,
            -0.45239201800918244,
            -0.049385037523940065,
            0.861746454739812,
            0.6973350024237509,
            0.7632505752920448,
            -0.6873791744305653,
            0.7241609308213707,
            -0.3200747047107377,
            -0.0955053360442472,
            -0.38220607543096485,
            -0.33853163192835817,
            0.36279634404933364,
            0.7928269816148271,
            -0.1786513769494413,
            0.866768424212692,
            0.07893212466585714,
            0.02079028891869754,
            -0.6438120110343402,
            -0.6859384287152853,
            0.6795184533209865,
            -0.07819076326688404,
            0.5433863749448737,
            -0.599696946542045,
            0.17751687946740088,
            0.8832654287818921,
            0.040500955103587484,
            0.43809009936871557,
            0.06219536620183434,
            -0.06823667966666559,
            -0.11645379549066537,
            0.58582076917263,
            -0.5390966660501287,
            0.50196559810509,
            -0.17311552156297932,
            0.6884061961379376,
            -0.36073030848928,
            0.22430674960629937,
            0.6232543236917174,
            0.6670835173721791,
            0.8863657044781482,
            -0.0017516239815379407,
            -0.13966707540517254,
            -0.11130137833198996,
            -0.11249027274099525,
            0.8073708854742762,
            -0.09260164193813226,
            0.7961436065074209,
            0.9888171876345188,
            0.1140753458200581,
            0.17850648790384846,
            -0.08374154015858497,
            -0.2879515206239602,
            0.06338610436774995,
            -0.07764398231160989,
            -0.1465587718903841,
            0.42323235339294446,
            -0.294351385772179,
            -0.6849420141864179,
            -0.05946627777445615,
            0.2967421735582405,
            -0.2267948972860953,
            0.7428506512413269,
            -0.2833767588822193,
            0.7841720540588449,
            -0.3612281359884292,
            -0.3871996054189464,
            0.16609324248454943,
            0.050544815657059206,
            -0.07382153746611522,
            0.6829908105261043,
            0.6951328253914023,
            0.3781964853166242,
            -0.1462064374226599,
            -0.4305063569083818,
            -0.6721138334440895,
            -0.26829628699053854,
            0.7223868937985735,
            -0.33319449543803875,
            -0.48202863263804224,
            -0.30710198256228316,
            0.10413891052437697,
            0.36405103282519496
        ],
        [
            -0.3444208398707408,
            0.16968219797556014,
            -0.03354556767020804,
            -0.06120501233516289,
            -0.09854195673564389,
            1.1218739025613211,
            0.012094602306186013,
            0.29163572414206934,
            0.5703842448209053,
            0.3988828041228119,
            0.1144705554807925,
            -0.10405020095535011,
            0.10246108065665387,
            -0.10747245884076834,
            0.3373475298892774,
            -0.11840218144308123,
            0.1914158500600066,
            -0.15863152874123815,
            -0.416549375972714,
            -0.08726006469771613,
            -0.1578745602672028,
            0.0013157282320765602,
            -0.1600690591552584,
            0.23461100885316194,
            -0.034196974854056664,
            0.2060006260719274,
            0.15776214273422626,
            0.03925730298475033,
            0.1844497504753489,
            0.10161431812384612,
            -0.45644892232727646,
            0.20029614597162232,
            -0.13304843308090036,
            0.494364709472862,
            0.09827888716629325,
            0.05944050091635546,
            0.38040625750877827,
            -0.05677663144286311,
            -0.24489342540572367,
            -0.004784900318712821,
            0.14838834796566555,
            -0.2740381957307829,
            -0.10770260163788484,
            0.06977076889859349,
            -0.06013699834451802,
            -0.31357710796524363,
            0.2518210018857661,
            0.24886327300365363,
            -0.17243127608774714,
            0.3937214830889287,
            -0.13831248509346952,
            -0.5477709148866438,
            -0.21524434921090588,
            0.3430508370666021,
            -0.010734986813657291,
            -0.1150487085559264,
            -0.27276707113913995,
            -0.3430076868024676,
            -0.3648271609259302,
            0.1523736200555494,
            -0.10048036202528808,
            -0.04134487447124593,
            -0.01644218899598833,
            0.2801117465330423,
            0.018180582967137416,
            -0.05174174990593388,
            -0.3610114920146744,
            0.042950314214038894,
            0.5761559419164011,
            0.2640113263697611,
            0.08540724336162091,
            -0.1777925587659025,
            0.11317300151010003,
            0.09275318293200327,
            0.054509096724942294,
            0.49459464984861584,
            -0.3102301917209605,
            -0.0030055061987535898,
            -0.2658683812842511,
            -0.06036458643275299,
            0.1141430146268541,
            -0.11947902740313922,
            -0.16330749311089757,
            0.4092813852515983,
            0.195722534730423,
            -0.16818546122926564,
            0.0771753684329309,
            -0.16178022761799296,
            -0.20693694363041407,
            0.025375221004701173,
            0.06977808542033274,
            0.15665587947807622,
            0.28056757997319065,
            0.16899487043180456,
            -0.12497682983218147,
            -0.10318312091814565,
            0.3564651335719938,
            0.15461837948001442,
            0.2820408435242175,
            0.019775275234814607
        ],
        [
            -0.6983244749122899,
            -0.38660485538990025,
            -0.36985744398776804,
            -0.2902673677413293,
            -0.05177791687032224,
            0.012094602306186013,
            1.0701502626956587,
            -0.14265303593421672,
            -0.49345530983104063,
            -0.3670737756901364,
            0.29985499037677094,
            -0.26314060076131013,
            -0.06127029175721123,
            -0.07749040526175353,
            0.19908287333418231,
            -0.5623258329830275,
            -0.2353150687248385,
            0.2701888763925868,
            -0.31607342846711883,
            -0.15589510631264358,
            0.09462138909999031,
            -0.18815175563790643,
            0.04088216752719397,
            -0.20755573033213678,
            0.06135246442607228,
            -0.2529415889052374,
            -0.15287860945623663,
            -0.2828050261167189,
            0.12284328604287971,
            0.3205622449180855,
            0.028070984487250705,
            0.014675673200672092,
            -0.07110809623381632,
            -0.5434864193210365,
            -0.3411368582602197,
            0.13933801476779573,
            0.2325388572664668,
            -0.005077231204924298,
            0.12447629770192324,
            0.0858464953782692,
            0.018358287379001414,
            -0.3484902192049103,
            -0.16627474114423368,
            0.04256744377784498,
            0.10939069265599553,
            -0.2908378836598498,
            0.07575597792894487,
            -0.3195745348550888,
            -0.30234527421229784,
            -0.14949240290109436,
            0.035780817944149744,
            -0.4524581009007109,
            -0.07225072950365222,
            -0.14349370847820828,
            -0.6017268220673827,
            -0.0787396319103469,
            -0.42370589774650824,
            0.04677148712519977,
            -0.5125252058380014,
            -0.2542293103962095,
            -0.06489242584658508,
            -0.342483782090244,
            -0.04192883807083104,
            0.31078348908800113,
            -0.01222887057107019,
            -0.11283945273183216,
            0.21284991010143287,
            0.5552163126902656,
            -0.4524721302511709,
            -0.09805616035359555,
            -0.4492997551040678,
            -0.4008224519599064,
            -0.1642498788452911,
            0.11302631298238537,
            0.18978982242022602,
            0.038923111735587546,
            -0.45009715733567374,
            -0.15654103192100235,
            0.216912796099343,
            0.027975679273562398,
            -0.23054722185904084,
            0.06081038410656789,
            -0.10156888949905202,
            -0.33398598762458775,
            0.9136052801771233,
            -0.14244866693366648,
            0.09715914793695216,
            0.011035689050204996,
            -0.08197989404977192,
            0.3613736551846099,
            0.2055783458793718,
            0.3146675164754123,
            -0.06954512920899938,
            -0.3388153661699494,
            0.34221285970085363,
            -0.07505614065673531,
            -0.2778526309200926,
            -0.08922815621327883,
            0.15576856122094793,
            0.1944951500414735
        ],
        [
            0.13386739778068935,
            0.14049897215952117,
            0.06745552257134334,
            -0.07733405797902611,
            -0.07664651485961475,
            0.29163572414206934,
            -0.14265303593421672,
            0.5850967177432422,
            0.4068415348493453,
            0.31717749266125966,
            -0.0818036734358591,
            -0.1657573413775441,
            0.0058723622968906725,
            -0.13292968241398326,
            -0.15146468566277677,
            0.2455170925347928,
            0.14735706607784377,
            -0.20518439460486404,
            0.030803759714945252,
            0.3943626410847443,
            -0.03247704792309709,
            0.0005151299329021373,
            -0.4004471720233104,
            0.40836249118266876,
            0.12845336676533553,
            0.26017050282037835,
            0.43915766360662745,
            0.05908591826149085,
            0.243512828475733,
            -0.17178419917694635,
            -0.05419369444787602,
            -0.006446635606384246,
            -0.05334398175251133,
            0.2187839339180115,
            0.10166357111156882,
            -0.1545454068168367,
            -0.11209575400481675,
            -0.03445777417664686,
            -0.31452128516426636,
            0.17504506562594546,
            -0.015190482877372189,
            0.17716069167555493,
            0.014639089203935293,
            -0.0066501555409290815,
            -0.18853632219726826,
            0.24403272608558238,
            0.3051889272173855,
            0.34467834416707976,
            -0.0005398196182298718,
            0.35348071532688935,
            0.10486014205164583,
            0.011595041563187585,
            -0.00675881737411586,
            0.06764659152492629,
            0.2877467321750471,
            -0.06669466167485058,
            0.020581356940949758,
            -0.13694109388148243,
            0.024510532469024224,
            -0.2747888798051863,
            0.08991030483446698,
            0.19836867839146718,
            -0.051686988685306336,
            0.3025262006302451,
            -0.0454855496265762,
            -0.0880555738701141,
            -0.30296240481039194,
            -0.01716998073602572,
            0.2682868826584345,
            0.023335260335859878,
            -0.05976480873610161,
            0.08742333472165424,
            0.4465145558175609,
            -0.01681787632124465,
            -0.29021160920271394,
            0.1493029869955875,
            0.06130486084361439,
            0.2724043997063333,
            -0.26762640741687677,
            0.012562749437513716,
            0.14679529794186635,
            -0.11132248824203357,
            -0.19518759807581637,
            0.27661255229897097,
            -0.19195960510892449,
            0.05167594782813129,
            0.02088481280130865,
            -0.11471468886551499,
            -0.14647297048675986,
            -0.009342336614658145,
            -0.15907194791709872,
            -0.16932418499442614,
            0.048292801617116285,
            0.0764511109564566,
            -0.05209829945491669,
            0.019547799453463858,
            0.19309691470049728,
            0.060664826901436326,
            -0.1168376189330971,
            -0.18695401430106356
        ],
        [
            -0.1575200519677727,
            0.4121704636451612,
            0.16313020118791027,
            0.44958782387081275,
            -0.12428425720139666,
            0.5703842448209053,
            -0.49345530983104063,
            0.4068415348493453,
            1.3687260192237423,
            0.18158553730777566,
            0.06270659718793373,
            -0.5048172082903106,
            0.25794071731532225,
            -0.21483258913055958,
            0.2878931148558304,
            0.07752223292612205,
            0.6323336506495665,
            -0.46499808516220137,
            0.38412554319402265,
            0.16243456335940007,
            -0.3411540377916908,
            -0.33819370744825,
            -0.32122093375107424,
            0.6464666034399084,
            -0.495357508496637,
            0.29432166927208375,
            0.7380206609051593,
            0.547670257469199,
            0.44794877191554994,
            -0.24594938462398774,
            -0.17877211844878454,
            -0.039096426245758306,
            -0.3505298015881723,
            0.32667628443595675,
            0.02254707255001294,
            0.08795386828890354,
            0.34304147540285684,
            -0.3176718614260754,
            -0.1796761035849127,
            -0.3077539032156963,
            0.49846744442672614,
            -0.0570484350236877,
            -0.22973057909936168,
            -0.13216929211444356,
            -0.29805501678956126,
            -0.13866561761624255,
            0.2805655986873614,
            0.5684525353616867,
            -0.12029187560199239,
            0.6231057729148767,
            -0.13719361736266872,
            -0.12095527048653429,
            -0.20401130305137793,
            0.4053721234692342,
            -0.09266268063686563,
            -0.2748729463762003,
            -0.014314650255205385,
            -0.4661877195942525,
            -0.5180142544406625,
            -0.28036765913517936,
            0.3997803601485076,
            -0.03283934837241591,
            -0.24909493612080644,
            0.08855373135539076,
            -0.11238035140481888,
            -0.25227581946718536,
            -0.31213058152877454,
            -0.3791560064694175,
            0.6583244624774485,
            0.2712631784663183,
            0.5170353821037441,
            -0.1658395583298976,
            0.61423508993605,
            -0.2816322610501608,
            0.2993123192313457,
            0.582535375009408,
            -0.3906949272528297,
            0.1251245869436502,
            -0.2598405963414451,
            -0.20148815481596746,
            0.25014987448834564,
            -0.32014912419620245,
            0.134583917724125,
            0.37451305189648343,
            -0.38295431665006446,
            0.04629290708932655,
            0.037391293044297454,
            -0.15636521666009198,
            -0.132519283256622,
            -0.6898380052291092,
            -0.03799198198380054,
            -0.0011555440026303156,
            0.626289351359741,
            -0.1250415292422686,
            -0.3332493963580726,
            -0.17684343682387385,
            0.2337417973288706,
            0.11960336161574439,
            -0.3099052141154502,
            -0.42727727447989117
        ],
        [
            0.07751107238675221,
            0.07116388132630512,
            0.04161360025036393,
            -0.3242614369619221,
            0.2682780463231728,
            0.3988828041228119,
            -0.3670737756901364,
            0.31717749266125966,
            0.18158553730777566,
            0.9350256118777182,
            -0.19759006990156147,
            0.35102194467829856,
            -0.38643910659425706,
            0.010093474355640506,
            -0.4441360572518281,
            0.33411711548555034,
            -0.4263643628414897,
            0.32928657381840476,
            -0.28701516357394,
            0.1547192278523728,
            0.2591023218514626,
            0.44642125170745806,
            0.15273608912475464,
            -0.08082784240258077,
            0.31990205463273597,
            0.43427310558625903,
            -0.15242444743070152,
            -0.32680616639066684,
            -0.1405103036099753,
            0.1354684917365922,
            0.06280906681139867,
            -0.09297488414471586,
            0.27773601305439205,
            0.8753299250396525,
            0.20674098230462165,
            -0.3515419972750461,
            -0.3037626395724526,
            0.34512112737789663,
            -0.14842892377215558,
            0.2034280319137821,
            -0.38506818631935913,
            -0.11739945763713824,
            0.44525070242741366,
            0.08471074626560214,
            0.032122086313445555,
            0.1919823170750797,
            0.34841501978959655,
            0.02954899280895435,
            0.1908482217462599,
            0.007427031021792942,
            0.0636477299120173,
            0.04414177762432637,
            0.1314342901179961,
            0.03103876967493938,
            0.3658059221763591,
            0.2170632833387574,
            0.2701203232159426,
            0.23357770128837418,
            0.36873033236864067,
            -0.042488601052161706,
            -0.11198667984693471,
            0.17407807283352023,
            0.3169524054967139,
            0.345899104515808,
            0.2954416074570709,
            0.5069760715479497,
            -0.23900735952163113,
            -0.33945392223102355,
            0.13432979440785522,
            -0.06862889152750049,
            0.051894429630406955,
            -0.2121993393426044,
            0.06406656637743464,
            0.44597853305584767,
            -0.39981136318932803,
            0.032311279858605886,
            0.2503528391803383,
            0.2420018784786252,
            -0.28728023959732396,
            0.23704170442242833,
            -0.06463049859329133,
            0.1672800361230078,
            -0.5847503279410781,
            0.010161713273677294,
            -0.21234191854145393,
            -0.22916278094239934,
            -0.03666477537725808,
            0.2414780327508767,
            0.17466027970635167,
            -0.11636440126238727,
            -0.17765582556176931,
            -0.10655890910985688,
            -0.20072698064125116,
            -0.03143319753726788,
            0.011976998703805182,
            -0.02927473224708401,
            0.15790348768634738,
            0.1298287424716013,
            0.43004507944105175,
            0.16435014602686554
        ],
        [
            -0.17090471730396758,
            0.04369659979867917,
            0.08255153383812175,
            0.18326023000283193,
            -0.39444269726360404,
            0.1144705554807925,
            0.29985499037677094,
            -0.0818036734358591,
            0.06270659718793373,
            -0.19759006990156147,
            0.45223209423432137,
            -0.503298642396179,
            0.377581735176955,
            -0.2217200901317155,
            0.4090414095416918,
            -0.1292189420715275,
            0.2759960266677078,
            -0.2937279330739036,
            0.2617778050486892,
            -0.13673510451920878,
            -0.4672813218477046,
            -0.5114402913672621,
            -0.23068202522846654,
            0.2870862069054145,
            -0.49871232426226547,
            0.2433473951605583,
            -0.10472324164010738,
            0.13335244033159077,
            0.1689923406169481,
            0.040541008353927946,
            -0.3284519844783585,
            0.11051250214827137,
            -0.4974750259831485,
            -0.10799707808378183,
            -0.004845013251124403,
            0.4959822386101074,
            0.5489400192266906,
            -0.4482360651909347,
            0.1927834378893182,
            -0.37337552258601464,
            0.3319196583169174,
            -0.32672619143976794,
            -0.5887188820235916,
            -0.009759860822328492,
            -0.2332432421394784,
            -0.31176717917149316,
            0.1012437223037856,
            -0.11903869754492406,
            -0.4604138855249969,
            0.16024778894347316,
            -0.37336327666023295,
            0.05597362031377785,
            -0.44884044509115445,
            0.1610760831464368,
            -0.3534686606355691,
            -0.3846521028127058,
            -0.5634992593500875,
            -0.48977043724095,
            -0.1881881358927099,
            0.04960958944777419,
            -0.08099030884207122,
            -0.205699483029027,
            -0.43515463736082677,
            0.26165231312414977,
            -0.42689326796135485,
            -0.5063869924190012,
            -0.13679082982775337,
            -0.16715046902103312,
            -0.07264118928177082,
            0.15974466442392174,
            -0.10318133115383742,
            -0.2184426329454023,
            -0.18501720202242952,
            -0.1876010248187764,
            0.3538623919648285,
            0.47632280237129493,
            -0.19399707513352643,
            -0.21232388532484267,
            0.20974233230016168,
            -0.47285179891529966,
            0.04051029803544907,
            -0.41318653165116165,
            0.07662458552300665,
            0.1296129398799438,
            0.10642949462599761,
            -0.2025252081267647,
            0.10860049308260229,
            -0.3856544561492536,
            -0.3527101014231484,
            -0.2229996557593618,
            0.32726168732504435,
            0.5173347390638117,
            0.44307135574270406,
            -0.07984081823598488,
            -0.33337519386362124,
            -0.01958734960168002,
            0.14662133377919603,
            0.1294401139507956,
            0.0362054286780585,
            -0.034097995843298215
        ],
        [
            0.25542201543042853,
            -0.5534896183876764,
            -0.10529227393620547,
            -0.36266415407878627,
            0.6429811937786905,
            -0.10405020095535011,
            -0.26314060076131013,
            -0.1657573413775441,
            -0.5048172082903106,
            0.35102194467829856,
            -0.503298642396179,
            1.372419962419712,
            -0.690356717135631,
            0.3610436665309385,
            -0.2286777831616599,
            0.01862225049785562,
            -0.8547599014927263,
            0.7052798801455527,
            -0.5974415653051697,
            0.06365563014491549,
            0.6889899226231959,
            0.8306954037099049,
            0.4349596200726052,
            -0.8889434239893016,
            0.764408511426274,
            -0.3985050266143537,
            -0.21879946479747642,
            -0.4432300449240118,
            -0.41450905745459155,
            0.196613120613571,
            0.3219639591775774,
            -0.35258549957835206,
            0.8618016787571212,
            0.4557934348371521,
            0.07769189478717782,
            -0.8251950761819092,
            -0.5098183910111389,
            0.7685817865694793,
            -0.1735885292777085,
            0.5478652985568342,
            -0.5701215004726974,
            0.2771520880434972,
            0.9967322487405623,
            0.18156913207825587,
            0.48477842034620594,
            0.5587293942566668,
            -0.27765866744310075,
            -0.4278522527063631,
            0.6251106602627622,
            -0.6177208965731734,
            0.5041228713968718,
            0.07563149253686259,
            0.6366814370802656,
            -0.4412080177545357,
            0.7055142724778779,
            0.6720308858827654,
            0.753934630367647,
            0.8760889811081221,
            0.7349742377359073,
            0.09980457232820347,
            -0.12123660812236642,
            -0.006317388686006086,
            0.771316323335428,
            -0.5162631422326436,
            0.703858285490876,
            0.9237341127305,
            0.2678631273734652,
            -0.009513752824394229,
            0.27907170899835027,
            -0.41871605578852317,
            -0.014299569576211108,
            0.13264263419635783,
            -0.2900764985172602,
            0.4804649887358725,
            0.08970347035977859,
            -0.7435837721497788,
            0.7900320893073394,
            0.44334857624238944,
            -0.21760819680790336,
            0.7985814849882421,
            -0.22257457858975904,
            0.6765636428816744,
            -0.5661034208008746,
            -0.08197480681974938,
            -0.21406671974401317,
            0.054612732494584044,
            -0.1153163020097849,
            0.6313159142778934,
            0.5849117974756822,
            0.4466551708028032,
            -0.3941854808772341,
            -0.5924078688754122,
            -0.7003062703061467,
            0.07791161052235115,
            0.45835760432454775,
            -0.22509259593297692,
            -0.3638291060959526,
            -0.3315584433834312,
            0.2647289007006775,
            0.2840935303661395
        ],
        [
            0.02005636727683877,
