{
    "fast": [
        [
            1.375711313828357,
            0.007029293967296558,
            0.2665640175455844,
            -0.1499488603013677,
            0.024580421535320966,
            -0.37877844850613096,
            -0.40193524833541455,
            0.1656467423966499,
            -0.14379225389826603,
            0.07433783736265184,
            -0.14239641032512995,
            0.2221974469721173,
            0.014652828309637439,
            0.34614641752199404,
            -0.2984632059035579,
            0.35330914756187654,
            0.1703079226215226,
            -0.04283833745061487,
            0.1421693388621041,
            0.23780196330719722,
            0.18658142032000108,
            0.17528777648524624,
            -0.13603138062116774,
            0.09727138960617646,
            0.3054210911345942,
            0.14754073792861658,
            0.005193305069330783,
            -0.05964971157845077,
            -0.3269820103870807,
            -0.08059857591595224,
            0.3453864777749334,
            0.009690334974031026,
            0.2711864104396739,
            0.1006908425824366,
            0.5437175769516243,
            -0.3635680825137906,
            -0.2643059073131599,
            -0.07834295014245178,
            -0.22207553334968086,
            0.4254829042454621,
            -0.22232504911914003,
            0.5776209488328982,
            0.1070425531695484,
            0.0854035220652508,
            -0.16020318434161868,
            0.3564966290687169,
            -0.12836791652582058,
            0.020966862048484462,
            0.5474894496136481,
            -0.28969444310507936,
            0.15288913085488665,
            0.5492876633729885,
            0.35188584996380956,
            -0.3285213062043164,
            0.7675323679600862,
            0.3208325800060184,
            0.3051804547891068,
            0.17030279003239435,
            0.6796378199118336,
            0.06547206789397794,
            -0.5414222971132893,
            0.19789579607862162,
            0.15795591683875404,
            -0.24646720256092478,
            0.008676508410339191,
            0.13309080516359112,
            -0.2607062922071057,
            -0.28473056716541595,
            0.06369721361346485,
            -0.03519334901703872,
            -0.11801427392777518,
            0.8233301233013848,
            -0.15026335886190745,
            -0.1911002996413096,
            -0.3081065862859672,
            -0.417549265739431,
            0.5223540742322776,
            0.19194245576067603,
            -0.10802884319030208,
            0.0529133443630935,
            0.39810545089519933,
            0.13185104349692908,
            0.133672410064091,
            0.35480965635583017,
            -0.5890495318191041,
            0.20338123995345153,
            -0.02878752907603514,
            -0.0859099828090573,
            0.27367693458782716,
            0.30612136924937816,
            0.18178034458039974,
            -0.14296444150701215,
            -0.25673064890973013,
            0.4129496910777228,
            0.10830491924579815,
            0.06237158711412967,
            0.2421405645504575,
            0.002159472289752021,
            -0.07722245128309423,
            -0.002458698016254461
        ],
        [
            0.007029293967296558,
            1.050639866660578,
            0.3760281508952074,
            0.26164635865021735,
            -0.5907188159674718,
            0.19670036517125591,
            -0.23455202143866993,
            0.18325434088240863,
            0.3965971209637248,
            0.07194139407992416,
            0.03837652800929236,
            -0.5075318041442097,
            0.37857753999778243,
            -0.23227034919799708,
            0.04563364432692895,
            0.44637779296240326,
            0.8438333717380978,
            -0.6649139310559105,
            0.39035384993798683,
            0.004622400571729847,
            -0.5347921685163102,
            -0.2452469553110501,
            -0.5273894789581879,
            0.5835339718205302,
            -0.5116678110942254,
            0.23178279185347564,
            0.22688909764659373,
            0.5192081807665552,
            0.11103758084913269,
            -0.19455780222035915,
            -0.5993050432149585,
            0.23148166670713505,
            -0.5621673178769391,
            0.2151936469496892,
            0.0008419619945574009,
            0.39599609449556655,
            0.2356266340605659,
            -0.451432638430382,
            -0.07525565057438748,
            -0.3244185957445304,
            0.41113188087306257,
            -0.007820801286879325,
            -0.43154225824022824,
            0.06578062619908517,
            -0.18028360995199205,
            -0.1623839746919951,
            0.1606330596629962,
            0.7024309758191504,
            -0.337011732590226,
            0.8172767554678623,
            -0.374814439632697,
            0.02960672683623838,
            -0.5334322603731656,
            0.8736773910494863,
            -0.046351812193287295,
            -0.503797674671941,
            -0.2483198815331742,
            -0.5865348487098162,
            -0.02139153088272,
            0.05750106484987483,
            0.2837441024172965,
            0.5707604157981347,
            -0.45935790979499264,
            0.09660145201900928,
            -0.4379310510549275,
            -0.4731737698305599,
            0.03424416441279132,
            -0.20801608908969507,
            0.022658562535160708,
            0.47215735622461474,
            0.230141145837871,
            0.07772293556576246,
            0.4082367274523481,
            -0.3907908599624869,
            -0.3053361041697441,
            0.3958001085346889,
            -0.054621039303731515,
            -0.2178997064985143,
            0.013381805387125347,
            -0.5750852179605838,
            0.6632222749253552,
            -0.6132059136601836,
            0.6216025245590528,
            0.14374196372513587,
            -0.18065490951991497,
            0.016294039590381795,
            0.06780351783222359,
            -0.5183867129148663,
            -0.4780418147788958,
            -0.5188589278061343,
            -0.05522824097574051,
            0.11184106888525334,
            0.4488303572819009,
            0.3079140816321897,
            -0.6232901923909597,
            0.7480979668213007,
            0.6136461143035491,
            0.5592259458138417,
            -0.19969195252560304,
            -0.33872067340282636
        ],
        [
            0.2665640175455844,
            0.3760281508952074,
            0.8948195505813878,
            0.5157919316930094,
            -0.5518721414232639,
            -0.040846787548774036,
            -0.23570028958081393,
            0.09241713710180793,
            0.16487732705246583,
            0.044188411474814976,
            0.07615476102482562,
            -0.10141545974727936,
            0.4167753328569167,
            -0.5587559499087464,
            0.5690261025942802,
            0.4182919573599281,
            0.5554544237053389,
            -0.6844449754476801,
            0.276134676228755,
            0.2688316339768204,
            -0.5134918990897467,
            -0.3570700875660359,
            -0.321675215146087,
            0.41449256131862383,
            -0.5669855196227378,
            0.2382515862287165,
            0.2746842997971535,
            0.28084638304164306,
            0.019864506897709917,
            -0.2550654036064643,
            -0.604986183191607,
            0.026209480089080733,
            -0.557431469066363,
            0.2607206910391395,
            0.11894916632203352,
            0.16465978462831654,
            0.2504301033409366,
            -0.4417259163562053,
            -0.04851256086310011,
            -0.3478319840641423,
            0.26066269634964734,
            0.0247364946883423,
            -0.404537001306452,
            -0.1057736733475033,
            -0.4245088016695299,
            0.3946940512925132,
            0.009890287862347882,
            0.20624104911676533,
            -0.27557910355154924,
            0.3638105801559143,
            -0.3891839864946446,
            0.45076646543426535,
            -0.4780808926412939,
            0.25839172942832234,
            0.4012093409122588,
            -0.5607179713942667,
            -0.08876094867648542,
            -0.5128282490105006,
            0.7006308872597455,
            0.43764274140038945,
            0.231155103770398,
            0.40707307195561165,
            -0.444085077929007,
            -0.3922383528515445,
            -0.5282402577333498,
            -0.5166677731748728,
            0.05010846476926216,
            -0.5316079030209426,
            0.3187491838985192,
            0.0875054321075972,
            0.09580580715236209,
            0.26603231747721207,
            0.3491604795428581,
            -0.4106996659426231,
            0.332696906437338,
            0.4622801574010053,
            0.7488645944475458,
            -0.08893946818376568,
            0.13760740120803697,
            -0.41062154862937333,
            0.5589160825700173,
            -0.5576519523164526,
            0.21001224677765407,
            0.5214960474532344,
            -0.5747132559691471,
            -0.2735167133022408,
            0.018165669071855333,
            -0.46918957502984043,
            -0.3176199403715565,
            -0.3709303109220549,
            -0.06712265911025067,
            0.14879035906557467,
            0.613418656919868,
            0.46251327554428573,
            -0.629731149135156,
            0.08478091609890656,
            0.4867862905017707,
            0.07093663718681602,
            -0.12247984111245429,
            -0.46844103397050046
        ],
        [
            -0.1499488603013677,
            0.26164635865021735,
            0.5157919316930094,
            0.9879166302691857,
            -0.486793695158586,
            -0.0731552144926931,
            -0.18157644287537666,
            -0.10400191513619979,
            0.4460429139814879,
            -0.3379900681376694,
            0.16594939641579678,
            -0.3428844798195943,
            0.36466968338720623,
            -0.346269912975332,
            0.49078272169406667,
            0.11057783901305494,
            0.5794095892116642,
            -0.6807725571274711,
            0.5566847769676094,
            0.1198593107797377,
            -0.6171295281311804,
            -0.4759690158339804,
            -0.17015705889929647,
            0.3647984728088133,
            -0.7258301619312066,
            -0.03884598201577307,
            0.330189611660291,
            0.670359177299199,
            0.13850719745734147,
            -0.19159842712488456,
            -0.4683514927065328,
            0.27373923810925777,
            -0.5809007937051863,
            -0.04074897609225099,
            0.04202968054275502,
            0.5279506539669777,
            0.19567088093764415,
            -0.5090093950814821,
            0.11833512579648524,
            -0.5918574780878031,
            0.3493516986972728,
            0.06406017255537587,
            -0.4989929824568255,
            -0.2211804921964715,
            -0.3629900884963023,
            -0.11511034753548488,
            -0.211257982203719,
            0.33737945261585267,
            -0.42606255848510105,
            0.3906484605973876,
            -0.4358951274099626,
            0.14311237317399944,
            -0.4998673839911643,
            0.4510782415143211,
            -0.0038558200985383787,
            -0.5670253529066285,
            -0.16962564590695609,
            -0.4985852388411289,
            0.16975019667598892,
            0.6622065026164466,
            0.48923246785231883,
            0.20805023376877016,
            -0.48763189562367326,
            -0.5113898026463907,
            -0.5028495498990662,
            -0.5216915580362304,
            -0.20561771190311293,
            -0.452779265775612,
            0.39269684205554484,
            0.2871678689743432,
            0.3788498408814922,
            0.02240325491208352,
            0.23638167650267652,
            -0.7641293740719317,
            0.35862730310857566,
            0.4959740711048056,
            0.21322815175052584,
            -0.12999349879093036,
            0.0933065615902056,
            -0.5427424381791263,
            0.22805466907467678,
            -0.5667314308870354,
            0.43911050196987605,
            0.19408223154786847,
            -0.4679302760066426,
            0.019221936446777676,
            0.04255883969101515,
            -0.5297101592415512,
            -0.4273191605829972,
            -0.5088078812841909,
            -0.08236702346885504,
            0.0779442068118596,
            0.6274010440919009,
            0.24150702945613964,
            -0.7486453944609274,
            -0.19892107373135365,
            0.0845602030004458,
            -0.030035712626719873,
            -0.4377159241764832,
            -0.38918955405072264
        ],
        [
            0.024580421535320966,
            -0.5907188159674718,
            -0.5518721414232639,
            -0.486793695158586,
            1.1125924817266968,
            -0.13386483320598974,
            -0.03681229422277059,
            -0.11715207098743176,
            -0.14014101088736458,
            0.3178196843645493,
            -0.4059554638076022,
            0.6909211511448154,
            -0.6763170864418606,
            0.6030423607175074,
            -0.6892145537890194,
            -0.247829527179032,
            -0.845312504228893,
            1.0628222221147843,
            -0.5339775348264002,
            -0.05189318237859221,
            1.0098384926624904,
            0.8033508253950041,
            0.936127373318294,
            -0.7377255989204721,
            0.929516276699489,
            -0.360701635187634,
            -0.11337085878548109,
            -0.5476976378910093,
            -0.3763482147101302,
            0.3022310303129406,
            0.9022520105840388,
            -0.2934593813644329,
            1.0534373418826188,
            0.0832101574451003,
            0.02826666842171501,
            -0.832515807919011,
            -0.6917230065882711,
            0.860183258032244,
            -0.12988542183664198,
            0.6291887300151076,
            -0.6387170649976672,
            0.20540858340990178,
            1.0053236792248375,
            0.08353810937691332,
            0.6097304465672451,
            0.07513827017582622,
            -0.07404969037972672,
            -0.17478026640907393,
            0.8728684609491713,
            -0.7206230304054395,
            0.6763332265391626,
            -0.13338101706207342,
            0.8800030840148696,
            -0.6597812557965037,
            0.27335592660071223,
            0.8426488865001628,
            0.7334296854790805,
            0.9779181401422167,
            -0.0021011598887463183,
            -0.1765797572723086,
            -0.2000724616888215,
            -0.15708436261089506,
            0.9511654765156634,
            -0.13883517195538642,
            0.9575979216934324,
            1.0361129132708824,
            0.16789400705419594,
            0.23354392589589404,
            -0.10232578644042234,
            -0.47779378957780894,
            0.06692269753952998,
            -0.08737195242554187,
            -0.18118283776629968,
            0.7616371531087347,
            -0.35963756509592704,
            -0.7982749639509819,
            -0.07010651578509611,
            0.39555274568016136,
            -0.24603518017236745,
            1.0284638867529043,
            -0.5087218650586337,
            1.0678713773391089,
            -0.4831135324340745,
            -0.4105883783508114,
            0.16675801977162663,
            0.09727891656685998,
            -0.16031425850248865,
            1.1047079526815937,
            0.9382282422756938,
            0.44818815095511855,
            -0.22458096599850555,
            -0.4395375342507233,
            -0.7694806470716674,
            -0.32010200224675334,
            0.9800290663128933,
            -0.5046535494681893,
            -0.5525932158827898,
            -0.47586807448338564,
            0.12231681412570154,
            0.5450663470007876
        ],
        [
            -0.37877844850613096,
            0.19670036517125591,
            -0.040846787548774036,
            -0.0731552144926931,
            -0.13386483320598974,
            1.395518911966391,
            0.007873834181886913,
            0.40817334628560664,
            0.5889290907509066,
            0.4327004359343767,
            0.10787843137562178,
            -0.10238103180763393,
            0.08466890839968592,
            -0.11735207847439184,
            0.34954971071420315,
            -0.11632181654235953,
            0.2217414370184729,
            -0.16990860271445574,
            -0.450215976159927,
            -0.08396084658113172,
            -0.16940683590833508,
            0.0013879580317837914,
            -0.17977179636518076,
            0.23056492058821437,
            -0.040193512351178434,
            0.21257474139860005,
            0.1714837441159055,
            0.05151220056987247,
            0.1877651718099992,
            0.07751351271004839,
            -0.47565052931574947,
            0.3012732581266844,
            -0.14806818498751004,
            0.4772175128333112,
            0.12235470987174904,
            0.07038210249511544,
            0.35127003177231453,
            -0.06581209473133923,
            -0.37250185862026153,
            -0.005073310542023781,
            0.14471809710580177,
            -0.2903597364703345,
            -0.11225022889030503,
            0.13177688818166447,
            -0.07664124517169002,
            -0.34689167327930454,
            0.25023247395572434,
            0.34201560301557027,
            -0.23525910506095876,
            0.4819222363159417,
            -0.170645372469642,
            -0.38645892936617937,
            -0.2519518455035188,
            0.5745425332050573,
            -0.011979371379164097,
            -0.14243261923607145,
            -0.27461014404065887,
            -0.34652914945247354,
            -0.4007298963472051,
            0.1764018044610048,
            -0.16539193406826772,
            -0.05286716519689596,
            -0.017737360460652836,
            0.384555031604114,
            0.02002377467000964,
            -0.04964534735631975,
            -0.4865313043127356,
            0.05145496391625413,
            0.6446597474789231,
            0.4011345268503909,
            0.08256964988251196,
            -0.1831994563062859,
            0.12811336429750772,
            0.15284260994016932,
            0.06098377588733322,
            0.5278304954290455,
            -0.3349022391930488,
            -0.0036685050355868866,
            -0.2641052196648217,
            -0.07652725386849603,
            0.18763414622171845,
            -0.14898605655971792,
            -0.19999544578396006,
            0.3974111984659369,
            0.17993761460057073,
            -0.29639912700192483,
            0.1534666940416428,
            -0.2396097156140517,
            -0.2557555675458365,
            0.027535887398501675,
            0.09814583206006186,
            0.14645677256437734,
            0.29412958831902575,
            0.18462631954270478,
            -0.15525477426194137,
            -0.1431035921007126,
            0.3741934070511267,
            0.21938727205466962,
            0.30334126770233133,
            0.027111653154216427
        ],
        [
            -0.40193524833541455,
            -0.23455202143866993,
            -0.23570028958081393,
            -0.18157644287537666,
            -0.03681229422277059,
            0.007873834181886913,
            0.3646216278398146,
            -0.10449317602664901,
            -0.2666528955775591,
            -0.2084003138008785,
            0.14789554930859547,
            -0.13550877889993898,
            -0.02649829727882935,
            -0.044283763645881706,
            0.1079613493316261,
            -0.2891295619297753,
            -0.14266639625551505,
            0.15145942898876394,
            -0.1787908924962322,
            -0.07850489768415508,
            0.053138719843468615,
            -0.10387748037602736,
            0.024029850590091037,
            -0.10675360856400547,
            0.037740119719221234,
            -0.13660492355878234,
            -0.0869700812643412,
            -0.19421365341930288,
            0.06544724705514897,
            0.12797875270408496,
            0.015309338779508751,
            0.011552846811769267,
            -0.041416560675510694,
            -0.27457475175389046,
            -0.2222757569587106,
            0.08634802035779987,
            0.11238076207188819,
            -0.003080108559277765,
            0.0990925425612624,
            0.04763696815729352,
            0.009370401475890602,
            -0.19324972244408653,
            -0.09069645505270095,
            0.04207714851826991,
            0.0729632496266324,
            -0.16838503506653968,
            0.039397768333997045,
            -0.22985834073242656,
            -0.21589201226178903,
            -0.09576569546617968,
            0.023103958008335954,
            -0.1670651008173793,
            -0.04426199783666496,
            -0.12577651360585257,
            -0.3514267979341978,
            -0.05101807690129994,
            -0.22325034350215844,
            0.024729770716489997,
            -0.29463395828398203,
            -0.1540358637961281,
            -0.055902359053023036,
            -0.22919616568264023,
            -0.023672557194610575,
            0.2232996826840532,
            -0.007048999571214304,
            -0.05666323995977267,
            0.15012956424830848,
            0.3481177286770977,
            -0.2649630619899877,
            -0.07797320038511195,
            -0.22733427110270352,
            -0.21615517211627439,
            -0.09731048809072312,
            0.09747610679899582,
            0.11112742110760744,
            0.02173980317889157,
            -0.2542981795845706,
            -0.10000061594529028,
            0.11277126622677189,
            0.018561690681340955,
            -0.19834690187735773,
            0.039685758410709725,
            -0.06509950545010375,
            -0.16972637883373937,
            0.4395848530326765,
            -0.13138622967807292,
            0.10111652004946937,
            0.00855423993901103,
            -0.053027043025956865,
            0.2052337229049389,
            0.15133283590377136,
            0.1539634605506136,
            -0.038156711497559496,
            -0.19372522741915033,
            0.2224921929306226,
            -0.05447924701075134,
            -0.15264991915174086,
            -0.0662605781301512,
            0.0876803535089177,
            0.13955494513444663
        ],
        [
            0.1656467423966499,
            0.18325434088240863,
            0.09241713710180793,
            -0.10400191513619979,
            -0.11715207098743176,
            0.40817334628560664,
            -0.10449317602664901,
            0.9213906913587717,
            0.47264275944516,
            0.38712981400366997,
            -0.08674129022035225,
            -0.1835107837057466,
            0.005459968145863793,
            -0.16331565115071825,
            -0.176585499910919,
            0.27139100110859726,
            0.1920667404605051,
            -0.24727626074304776,
            0.03746022483838679,
            0.4269423965026754,
            -0.03921096783554561,
            0.0006114193315669397,
            -0.5060246062601045,
            0.45154696576061,
            0.16987364299867969,
            0.3020740471404105,
            0.5370971719042503,
            0.08723401695757742,
            0.27891447318721024,
            -0.14744089709002522,
            -0.06354140236063746,
            -0.010910216097169587,
            -0.06679587710723026,
            0.23762743378644574,
            0.14240920470844215,
            -0.20589609807689646,
            -0.11646484394102007,
            -0.04494025694354814,
            -0.5382866369066642,
            0.20882412174664056,
            -0.016668896955659346,
            0.21120534273213878,
            0.01716672053319486,
            -0.014132200183934861,
            -0.27035105873268545,
            0.30374548774559806,
            0.34121862892127497,
            0.5329805338247194,
            -0.0008286884787044337,
            0.48681709124381634,
            0.1455646135278218,
            0.00920426102076985,
            -0.00890161353971788,
            0.127474072053697,
            0.3612893440827863,
            -0.09290327531072311,
            0.023313682566615257,
            -0.155661765322409,
            0.030292112796482532,
            -0.3579353816687354,
            0.16651556816228727,
            0.28539718463299635,
            -0.06273686679867907,
            0.46730713140140273,
            -0.05636685840772656,
            -0.09506190908383945,
            -0.45939973467974426,
            -0.023144242936104523,
            0.33775531088000993,
            0.03989260297885428,
            -0.06501050074232893,
            0.10135617375624549,
            0.5687212576273026,
            -0.031181644535200132,
            -0.3653190717825102,
            0.1792775047946924,
            0.0744631046733329,
            0.374108734540412,
            -0.2991241627856833,
            0.0179197041940024,
            0.27151068188928934,
            -0.15618851302177486,
            -0.2689542755603196,
            0.3022054072201645,
            -0.1985652349218076,
            0.10246821231858165,
            0.046728113905687485,
            -0.19116582345832028,
            -0.20368394323655228,
            -0.011406620526307486,
            -0.2517437227631847,
            -0.17811233330660478,
            0.05696339544355884,
            0.09397582117522246,
            -0.07282009588148003,
            0.03050366265198319,
            0.2280692044136616,
            0.09684997485245278,
            -0.14138861135039302,
            -0.2883901989574899
        ],
        [
            -0.14379225389826603,
            0.3965971209637248,
            0.16487732705246583,
            0.4460429139814879,
            -0.14014101088736458,
            0.5889290907509066,
            -0.2666528955775591,
            0.47264275944516,
            1.1730480852130065,
            0.16350350964066943,
            0.04905213017864061,
            -0.4123011393896851,
            0.17692480972133853,
            -0.19471417495435842,
            0.24760904006570078,
            0.06321666061257909,
            0.6080216740859523,
            -0.41340985825009385,
            0.3446128017805998,
            0.12973092928546937,
            -0.3038596955098919,
            -0.29612799685466173,
            -0.29944827211113456,
            0.5273448929762765,
            -0.48327110113653593,
            0.2520978620015515,
            0.6658746574794461,
            0.5965029623622128,
            0.37850282268502955,
            -0.15572991870711037,
            -0.15463200613281228,
            -0.048812253452740026,
            -0.3238029052668331,
            0.26175219054181564,
            0.02329991995273413,
            0.08644473072258395,
            0.26293226625278904,
            -0.305645949733595,
            -0.22685347931326924,
            -0.27084818338728023,
            0.40351868369686555,
            -0.05017331944024148,
            -0.19873925333850015,
            -0.20720494132658288,
            -0.31529787696539935,
            -0.12732747317804602,
            0.23141416927447778,
            0.6484598985065602,
            -0.13622929222453833,
            0.6330724778267501,
            -0.14049822701853382,
            -0.07083256683413741,
            -0.1982183333517218,
            0.5635356390508773,
            -0.08583040835262573,
            -0.282464267259163,
            -0.011962148304404958,
            -0.3909313996204255,
            -0.47229146413174694,
            -0.26941697699085815,
            0.5462084253962906,
            -0.03485480699339363,
            -0.223047859661313,
            0.100910846131911,
            -0.10273829064922019,
            -0.2009170866658321,
            -0.34916434462485524,
            -0.37703587760368185,
            0.6114124912661408,
            0.342107139170668,
            0.41490608848330235,
            -0.14184124611592788,
            0.5771517680559334,
            -0.3852137942203916,
            0.2779545085479851,
            0.5160255110714365,
            -0.3500866644417711,
            0.1267704271657508,
            -0.21425013427016965,
            -0.21202507464319847,
            0.341323846845645,
            -0.331367621131892,
            0.13680783364401636,
            0.3018483950404115,
            -0.29223478012753473,
            0.06771840638901556,
            0.06171769751181163,
            -0.1922307843256665,
            -0.13594710067285543,
            -0.6213555277440848,
            -0.044355611219912876,
            -0.0008967121486660842,
            0.5449793691620816,
            -0.1133908919613893,
            -0.3436280730730304,
            -0.20357977386661863,
            0.20366633988284405,
            0.1408631845488602,
            -0.27666370026757564,
            -0.4862359474794785
        ],
        [
            0.07433783736265184,
            0.07194139407992416,
            0.044188411474814976,
            -0.3379900681376694,
            0.3178196843645493,
            0.4327004359343767,
            -0.2084003138008785,
            0.38712981400366997,
            0.16350350964066943,
            0.8845367128977238,
            -0.1623888794524375,
            0.3012043115544127,
            -0.27848155511567674,
            0.009611355086872895,
            -0.40132644947738483,
            0.2862533202450397,
            -0.43072511575398753,
            0.3075744242226389,
            -0.27052636274651115,
            0.12982427476024286,
            0.24246017786044907,
            0.41068168870634764,
            0.14959124252031164,
            -0.06927175147965062,
            0.32789563632057006,
            0.39080165221919083,
            -0.14448578696966707,
            -0.3739643675318439,
            -0.12473705223341698,
            0.09011791689255803,
            0.057077964466933945,
            -0.12195622552404584,
            0.26954701268913633,
            0.7368702547123789,
            0.22445918119243957,
            -0.3630005883224104,
            -0.24461221669459082,
            0.34886546187705014,
            -0.19688842921246458,
            0.1880960549551121,
            -0.32749978600683793,
            -0.1084780131532358,
            0.40468396077762864,
            0.13952582011839657,
            0.03570054838121567,
            0.185208575447699,
            0.3019248981107167,
            0.0354142566760359,
            0.22707475465170499,
            0.007927813566937053,
            0.06848041558300852,
            0.027158422092585982,
            0.13416672117562842,
            0.04533342557054259,
            0.35598654483079767,
            0.23434970880611022,
            0.2371549717749553,
            0.20578685858549908,
            0.35320251140901243,
            -0.04289592204618405,
            -0.160749577888822,
            0.194114846826982,
            0.29817672863051836,
            0.4141207119216529,
            0.28376585709979796,
            0.4242044700539752,
            -0.2808997633740407,
            -0.3546435790962068,
            0.13107298687562025,
            -0.0909336885036727,
            0.04375189005108744,
            -0.19067992179791265,
            0.06324604725579627,
            0.6408847173557646,
            -0.39007740620876413,
            0.030071117127311434,
            0.2356876621618843,
            0.2575968607755688,
            -0.24886646844728996,
            0.26206498531684363,
            -0.09265105753346947,
            0.18190657531866786,
            -0.6245033978398588,
            0.008604693039817335,
            -0.17024219171464433,
            -0.3521947606714774,
            -0.06358208897474349,
            0.311893948342371,
            0.1882485133072418,
            -0.11011835635479159,
            -0.2179127306496514,
            -0.08687660952869788,
            -0.18350897877351174,
            -0.0299473907405583,
            0.012975192210105848,
            -0.03540667502332789,
            0.14455101124644845,
            0.16064658537252924,
            0.40335162682139974,
            0.19649608183158798
        ],
        [
            -0.14239641032512995,
            0.03837652800929236,
            0.07615476102482562,
            0.16594939641579678,
            -0.4059554638076022,
            0.10787843137562178,
            0.14789554930859547,
            -0.08674129022035225,
            0.04905213017864061,
            -0.1623888794524375,
            0.32288759825757085,
            -0.37519020286344773,
            0.23638785407270177,
            -0.18342046873738185,
            0.321105571032924,
            -0.09617823536693021,
            0.2422261033456481,
            -0.23835280087175928,
            0.21435636682665743,
            -0.09967596682628181,
            -0.3798799310520604,
            -0.40874667349779836,
            -0.19628046268089794,
            0.21375009868919068,
            -0.4440864502968468,
            0.1902475061817425,
            -0.08624072316958764,
            0.13256832301723162,
            0.13033262420814382,
            0.02342967202822528,
            -0.25930855206432935,
            0.1259356114141882,
            -0.41944249075971385,
            -0.07898235327283953,
            -0.004569877748607862,
            0.4449334443587846,
            0.38403206941389123,
            -0.39363348987576857,
            0.22216221180917137,
            -0.2999256073833669,
            0.245247828098175,
            -0.2622759061005805,
            -0.4648556971738906,
            -0.01396556514212238,
            -0.22520551733903738,
            -0.2612937790299055,
            0.07622000585071126,
            -0.12394312127221196,
            -0.47591343269234976,
            0.148603504248751,
            -0.34899072266722003,
            0.029918300976598027,
            -0.39804018650264483,
            0.20438259716318133,
            -0.2988357694222175,
            -0.36078209437757885,
            -0.42980071802883285,
            -0.37486736969696327,
            -0.15660512572403829,
            0.04351189746664468,
            -0.10099859710841302,
            -0.19927219186443756,
            -0.3556494354844753,
            0.27214534288692127,
            -0.35621040591273595,
            -0.368102811300656,
            -0.1396676730734025,
            -0.15171121406748658,
            -0.06157757843432715,
            0.18388360043944052,
            -0.07557462772311653,
            -0.17052857162897458,
            -0.15867659133746267,
            -0.23420705943377634,
            0.2999362006485098,
            0.3851195698592708,
            -0.15866397260108028,
            -0.19634484161182741,
            0.15785034583094232,
            -0.4541591798248561,
            0.05045185360705619,
            -0.3903455699067441,
            0.07109372731051222,
            0.09534888549138514,
            0.07412970620174078,
            -0.27040623941922104,
            0.16361246016670822,
            -0.43273944837017886,
            -0.33025858485719084,
            -0.1833338201189074,
            0.34873627877062463,
            0.3664236987799622,
            0.3519038794859405,
            -0.06608368015042757,
            -0.3137602286838365,
            -0.020581010877260043,
            0.1166072065898174,
            0.13914523833642833,
            0.02950138043960322,
            -0.03541697526754109
        ],
        [
            0.2221974469721173,
            -0.5075318041442097,
            -0.10141545974727936,
            -0.3428844798195943,
            0.6909211511448154,
            -0.10238103180763393,
            -0.13550877889993898,
            -0.1835107837057466,
            -0.4123011393896851,
            0.3012043115544127,
            -0.37519020286344773,
            1.068189987924478,
            -0.4512565110414315,
            0.31184460112271767,
            -0.18743050865170674,
            0.014471666110000808,
            -0.783245664241961,
            0.5975472489925753,
            -0.5107810139234288,
            0.048448796997139686,
            0.5848123625549673,
            0.6931653516842285,
            0.3864096861103245,
            -0.6910410783358306,
            0.7106875084515962,
            -0.32528334011542487,
            -0.18812707974510814,
            -0.4600486207456914,
            -0.3337766023851096,
            0.11863693151446904,
            0.26539207827479927,
            -0.41950518859013114,
            0.7586548214419999,
            0.34803416220381067,
            0.0765105057101871,
            -0.772896430000532,
            -0.37238642736899535,
            0.7047110450241098,
            -0.2088609454527829,
            0.4594912473432268,
            -0.4398203915825325,
            0.23228884085505652,
            0.8217211188112697,
            0.2712643077059527,
            0.4887074751423714,
            0.48891790534538454,
            -0.2182467851090115,
            -0.46511873316837543,
            0.6746401771531914,
            -0.5980879383512603,
            0.4919879095789892,
            0.042207725216226115,
            0.5895122997192331,
            -0.5845100668770792,
            0.622763592627174,
            0.6581150823054608,
            0.6004035141160157,
            0.7001144410884161,
            0.6385892374729906,
            0.09139629139012542,
            -0.15785262557876018,
            -0.006389793776814481,
            0.6581831748272585,
            -0.5606388572703913,
            0.6132086460589076,
            0.7010828139054099,
            0.2855535704054389,
            -0.009015663511397593,
            0.2469967383680003,
            -0.5032363431636538,
            -0.010935373006827462,
            0.10811317859929537,
            -0.2597461051975543,
            0.6262709503593107,
            0.07938518626922196,
            -0.6277111815029907,
            0.6746268462025479,
            0.42805710252910834,
            -0.17098989323550046,
            0.8008257597189005,
            -0.2894163049959246,
            0.6673405275730286,
            -0.5483964959021501,
            -0.06296270932724146,
            -0.15567367549006803,
            0.07613200614956457,
            -0.1813890352532964,
            0.7396233554190352,
            0.571823955079719,
            0.38339505538243324,
            -0.43856940717346493,
            -0.43809518173370615,
            -0.5807298391815542,
            0.0673297759679988,
            0.4504066548145796,
            -0.2469380323840449,
            -0.30210743344649593,
            -0.3721305292630559,
            0.22521937376773166,
            0.3080914914350677
        ],
        [
            0.014652828309637439,
