{
    "fast": [
        [
            1.367187113232393,
            0.021442624066348132,
            0.20196920558811582,
            0.7525679443682785,
            -0.424222741533555,
            -0.2649131372021938,
            -0.08094331597038384,
            0.24474525765071029,
            0.10239565192473125,
            -0.044752096957661476,
            0.0931957023537565,
            0.23393302791956885,
            0.5500728583414652,
            -0.10572057353397203,
            -0.06649271205082395,
            0.2544099346444441,
            0.3383940200625837,
            -0.4179866597616458,
            0.3403128800694343,
            0.4464085433258374,
            0.20805224898391791,
            -0.0025974529909089604,
            -0.4805736770092475,
            0.44918716552309756,
            0.16572960399159578,
            -0.03146664769074047,
            0.02608024831881181,
            -0.05972155343691016,
            0.16788122630324712,
            0.7946163735807277,
            -0.07132919515477619,
            0.4430888910879268,
            0.00849937379999546,
            0.03144578825536079,
            -0.3707275578474123,
            0.18609859987301955,
            -0.34461216054769317,
            -0.15224436998939508,
            0.2733923668624031,
            -0.30404377402207095,
            0.2656846546548157,
            -0.1466258605509364,
            0.31273823589832117,
            -0.03294362186523989,
            0.10111276435861655,
            0.669590712698784,
            0.09756169147698088,
            0.018856036882800742,
            0.07922673323065099,
            0.09922314420449939,
            0.07750259954503365,
            -0.18918164053461678,
            -0.15987820221345114,
            0.47669718042620185,
            -0.13325220858096756,
            -0.022145524372863983,
            -0.23075013224089422,
            -0.05854501506783032,
            0.00976107987673143,
            0.7308168523817101,
            0.12858832329334788,
            0.14269555962814154,
            0.04506905220506622,
            -0.546212019077286,
            0.1871300654707359,
            0.36440608536131963,
            -0.2996358680793007,
            0.28257059986163485,
            -0.28048141821025246,
            -0.09493514681003859,
            0.05528504822747552,
            0.346662360098031,
            -0.04881674363355882,
            -0.6136164279344228,
            -0.5382106374057289,
            -0.38344072991680167,
            -0.045876619562815975,
            -0.4200768596249966,
            0.2575768317143676,
            -0.49468764845903007,
            0.229642938776903,
            0.6099081178542136,
            0.14546012612002293,
            0.30349291270851786,
            -0.16050380906330117,
            -0.15033431151014123,
            0.07428628672221484,
            0.018749523502822666,
            1.0068494777195023,
            -0.48151992588182324,
            -0.19686933131170842,
            0.2210106895939539,
            0.2170022768126371,
            -0.1122120531177121,
            0.20272017482882726,
            0.12845657089418586,
            -0.14787720869389478,
            -0.0017586696596913823,
            0.16380800772703744,
            0.13836687463229008
        ],
        [
            0.021442624066348132,
            1.4402941609651172,
            -0.5945970276850927,
            -0.18357044090037564,
            0.2079024766908886,
            0.23127690984962704,
            -0.47311401957995003,
            -0.785489085802385,
            -0.7381825743615241,
            -0.0908606667352661,
            -0.4400688376432523,
            -0.1976632530913389,
            -0.16558119825669884,
            0.3259880787850136,
            -0.20376602236742905,
            -0.4216012572506598,
            -0.6252706455361626,
            0.44351254941720225,
            0.4733762268557375,
            0.5514311140069685,
            -0.5993553190674376,
            -0.10226795598389089,
            0.8663420389963534,
            -0.07289307382590328,
            -0.5905071097299717,
            -0.4223726603983195,
            0.2488700704178955,
            -0.14422850696227976,
            0.4301576381730725,
            0.035302364053469065,
            -0.6195747243972484,
            -0.3350316668009004,
            -0.712761377867927,
            -0.457888839513358,
            0.769872818933406,
            -0.42904410691905986,
            -0.439086391494534,
            -0.6342908353083481,
            -0.4039152249394992,
            -0.1601277768156086,
            0.6707037868881893,
            -0.6696011512764185,
            -0.5723902333053607,
            0.8100143372474449,
            -0.6750747089576513,
            0.07603947481677638,
            0.6146202881114992,
            -0.5795995522874309,
            -0.519558201561143,
            -0.042413642531129815,
            0.6827609284307026,
            -0.38636675473939064,
            -0.8049433152152686,
            -0.28179374183478484,
            0.2508347591419694,
            -0.2606317653395477,
            -0.12284171817710583,
            0.923652174057922,
            -0.3200178596814737,
            0.30360683321982035,
            -0.2995764900257427,
            -0.2095870677357314,
            -0.5628535964874724,
            0.49630591334537333,
            -0.8355062879850955,
            0.0017618515202218663,
            -0.3127831598492736,
            0.3052338359496637,
            -0.5246279900075489,
            -0.16142774459596668,
            -0.45293170032013513,
            -0.37194093574547044,
            -0.2126377520144802,
            -0.17634424218919487,
            -0.1126607510086371,
            -0.23355123464300206,
            0.3126936146714636,
            -0.7910728384495175,
            -0.5641373758330609,
            -0.18782998650924784,
            -0.6194294582212161,
            -0.1826911508076508,
            -0.48454690180351495,
            -0.33099285815316976,
            -0.33220572191408926,
            0.850767168496664,
            -0.7896524089107201,
            -0.08258338575393741,
            -0.5143904335061582,
            -0.13979594319817928,
            -0.7835993459359362,
            0.24428638793173288,
            -0.7377199915418978,
            -0.756120398700609,
            -0.2661267118753157,
            0.1431382133387903,
            -0.6412165886309632,
            0.8534336667502049,
            -0.6375985043901653,
            0.7340124979330311
        ],
        [
            0.20196920558811582,
            -0.5945970276850927,
            1.311679863375501,
            0.4837016825181471,
            -0.16892107815153726,
            0.01220525673734625,
            0.2103835344429752,
            0.4788416588944372,
            0.21480381342263077,
            0.012713067069072652,
            0.3699389759043328,
            0.3673042016960947,
            0.004711892389660787,
            -0.6151958221549834,
            0.20239382755340724,
            -0.11016107131242156,
            0.3754683301161626,
            -0.13396561176743352,
            -0.1534243193993557,
            -0.1533227673415373,
            0.4985663040896786,
            0.3142135581770454,
            -0.47115028644514023,
            0.4225723270732756,
            0.17579322734991265,
            0.28489931661151,
            0.13222484887611197,
            0.3844973847522245,
            -0.1106931999718393,
            0.16855598983012554,
            0.16619729480269205,
            0.25805527546476587,
            0.6226774426411051,
            0.2709531341213716,
            -0.7302179869599118,
            0.4098711519364969,
            0.0934704098380219,
            0.6847932380160319,
            0.37014831929929154,
            0.42122913996803674,
            -0.10479328258207529,
            0.5292783599465218,
            0.7852743796403056,
            -0.5408762052986876,
            0.9389086160208173,
            -0.16173028098401676,
            -0.3512223713976338,
            0.6735217827393868,
            0.7442497989904201,
            0.0700503065572542,
            -0.13984390068230862,
            -0.311443506256838,
            0.6485686905092248,
            0.756200368171304,
            -0.2199192467225508,
            -0.07663016343116912,
            0.1628027076311363,
            -0.6535831030992747,
            0.6736532103256657,
            -0.3359886853824187,
            0.3421244090333897,
            0.4588347152939112,
            0.3481167959314892,
            -0.48634786423540627,
            0.8297183604002875,
            0.08516080096846095,
            0.2019444520396557,
            0.12219507681713909,
            -0.020104131906548844,
            0.002122795882144503,
            0.2841343663173189,
            0.527463095912368,
            0.2366459990399242,
            0.22628621710467461,
            -0.1103300337786611,
            -0.037491279146267056,
            -0.5149024394128673,
            0.5816114506376259,
            0.750576275339891,
            0.19464370639413062,
            0.6024577680239157,
            0.049732236555408135,
            0.19710896246516468,
            0.4055911874282793,
            0.27247671922474653,
            -0.3862310201190927,
            0.8255144893153298,
            0.17918150185079537,
            0.15369781641769475,
            0.3868450425811793,
            0.46601995785315886,
            0.04700605499079553,
            1.0001758160304828,
            0.277033071102603,
            0.5239411545788922,
            -0.04266666542540184,
            0.4423045737108309,
            -0.6404021372691193,
            0.4140657198707285,
            -0.4208608109639832
        ],
        [
            0.7525679443682785,
            -0.18357044090037564,
            0.4837016825181471,
            1.441481620857743,
            -0.4245829476124796,
            -0.4593964698345434,
            0.4246186083074089,
            0.43318251748558423,
            0.4675857947633803,
            -0.0534471100547588,
            0.06270786536732371,
            0.33033334474786885,
            0.3008849379193348,
            -0.47777698254538237,
            -0.1906878769573396,
            0.6737187816480535,
            0.20010966287118717,
            -0.6020839626579079,
            0.5299207232577262,
            0.009973251931779373,
            0.4102346010916033,
            -0.06583691662387353,
            -0.4987204828865189,
            0.7472126181300499,
            0.07792693714533624,
            -0.20089829540449944,
            0.2609674760644818,
            0.23801860761168853,
            0.20761010478636144,
            0.798952531274931,
            0.479098181843582,
            0.7238695483022339,
            0.0450459449630148,
            0.3963932704951737,
            -0.7979939851358284,
            0.6053889579404224,
            -0.4274560512673297,
            -0.02061200000981792,
            0.6715911396965901,
            -0.3935484871232751,
            0.38747514217159623,
            -0.17357750305323189,
            0.7929308861333125,
            -0.16415217463042034,
            -0.09194817514385015,
            0.3880943402045501,
            0.24373494150981878,
            -0.05920783853222605,
            0.02480987685833353,
            0.03835836550994558,
            0.17557814137462963,
            0.22940647673228673,
            -0.023757497995621057,
            0.7455467991179194,
            -0.28836659981982427,
            0.7062914667306013,
            -0.23350889196946337,
            -0.17152913131794034,
            0.5049232895016553,
            0.37633619492429615,
            0.49935896111113687,
            -0.04870545079725091,
            0.09991824045331645,
            -0.6554982659408782,
            0.1417578304918598,
            0.7469958551261723,
            -0.36390128901113816,
            0.2532852455649821,
            0.1098371462295293,
            0.02932689562794248,
            0.1194033415739376,
            0.5414856795896599,
            0.08517214976998704,
            -0.3894476470767588,
            -0.7411665107918157,
            -0.23746846763143634,
            -0.16293653180525097,
            -0.42490972028492224,
            0.25763354607286354,
            -0.34305178142062087,
            0.4399623107650216,
            0.45992190805808086,
            0.3942269636013375,
            0.28620505576630395,
            -0.13472895620304562,
            -0.15347480108021655,
            0.29054882577325225,
            0.1734819028397493,
            0.5933327721237166,
            -0.5325242091731895,
            -0.10699957255386057,
            0.7867607158981924,
            0.09660322616664202,
            -0.2418300720406898,
            0.441922565822003,
            0.3633244937146967,
            -0.08369143421142759,
            -0.4182107350035865,
            0.3504743125889584,
            -0.13601842998327396
        ],
        [
            -0.424222741533555,
            0.2079024766908886,
            -0.16892107815153726,
            -0.4245829476124796,
            0.36463148175716065,
            -0.05994126045942186,
            -0.10689022420451888,
            -0.13102738049154272,
            -0.12067820537885295,
            0.014293469293506752,
            -0.038849774965883974,
            0.04774360210636669,
            -0.3951803037116422,
            0.25841876921096907,
            -0.09352591152290757,
            -0.18182130464203983,
            -0.18959683299931188,
            0.3794981239126143,
            -0.03869704520258712,
            -0.06030048594618547,
            -0.09228971183448793,
            0.02032148827229466,
            0.3217418941328609,
            -0.44501768313482803,
            0.008450397592853848,
            -0.13347702162322794,
            0.15060430604829508,
            -0.14510244178325804,
            -0.03842900923449838,
            -0.19674380975098552,
            -0.08533929700449194,
            -0.22491600264798303,
            0.027422390777980404,
            -0.07827555419713073,
            0.3541118075432744,
            -0.03198196775004741,
            0.04918422511287983,
            -0.0015254476684185075,
            -0.16939601898639056,
            0.13955821332665844,
            -0.17457771316929313,
            -0.022245702411386514,
            -0.2049137070477712,
            -0.07017747822624142,
            -0.06720148740659548,
            -0.2464518723427366,
            -0.03653672721375168,
            0.012096580183301283,
            0.0006032047505957169,
            0.2523212478408025,
            -0.08406391003088205,
            0.016289852690561202,
            0.006785878381940218,
            -0.17069259043013857,
            0.29621558468668874,
            -0.12007657796269494,
            0.0992097112206711,
            0.26369644040263246,
            -0.1613948827801292,
            -0.34620363841647406,
            0.0352356352298152,
            -0.1603543876001518,
            -0.0964919860393778,
            0.21224116561756332,
            -0.19610072908737092,
            -0.14107395441483878,
            0.14522838219634826,
            0.011690982180888446,
            -0.001137783316409186,
            -0.03407689764849879,
            -0.23711692705468954,
            -0.17888517156713987,
            -0.08824575764961776,
            0.2199104841752142,
            0.38442371451675345,
            0.019595892745741427,
            0.06135512415952171,
            0.1270675723692051,
            -0.07707944005704385,
            0.19738383765452622,
            -0.06652372017488753,
            -0.0559772608308624,
            -0.13449600122588815,
            -0.061630915075294175,
            0.015202607067455838,
            0.2623946460230047,
            -0.2864012885851711,
            0.18525151334066883,
            -0.40934672363893804,
            0.028590478163151457,
            0.07089278402804568,
            -0.17384640991600858,
            -0.08772603415040232,
            -0.14073863399685288,
            -0.15126217985925494,
            -0.09116504339682366,
            -0.16468229915127233,
            0.13485889574361684,
            -0.11340516418532733,
            0.12762003848013626
        ],
        [
            -0.2649131372021938,
            0.23127690984962704,
            0.01220525673734625,
            -0.4593964698345434,
            -0.05994126045942186,
            1.4522344059428216,
            -0.5740909711204765,
            -0.7978691296214308,
            -0.8460331824896726,
            -0.06126254379217476,
            -0.3340824045993947,
            -0.015407304725006156,
            0.05692512172973023,
            0.03818447651972677,
            0.8199664527110507,
            -0.7325721284891585,
            0.16445810883951842,
            0.13837180853017578,
            0.04443212377428639,
            -0.12899993103053287,
            -0.4734860036551205,
            0.23184220649279996,
            0.048490177236843277,
            -0.031097099614315366,
            -0.5260231236447013,
            0.332051363082928,
            -0.6274765935720155,
            0.24729093906354188,
            -0.10303818587887581,
            -0.43008702531563126,
            -0.9717536814242832,
            -0.6432343666973872,
            -0.5828118801227601,
            -0.7518393061919284,
            0.6045633647408283,
            -0.6858052454283009,
            -0.09448836220315034,
            -0.12641194971224345,
            -0.892296685908877,
            0.4282731467426386,
            0.3845760845662772,
            0.08451442565506243,
            -0.6508233084397453,
            0.9036865559438292,
            0.03546949710130057,
            0.14188611107136676,
            0.6558642621811879,
            -0.19307188520820678,
            -0.21936410015189045,
            -0.7867190743069327,
            0.3848609186095444,
            -0.7337964021587523,
            -0.3942498544071652,
            -0.6864452536043015,
            0.18708672671486945,
            -0.8600455395944734,
            0.28254354699761786,
            0.17943799986788342,
            0.533215887676657,
            0.3797779087886664,
            -0.8693812235991644,
            0.741976072704924,
            -0.8425828174287943,
            0.5393784457476595,
            0.16309303253212917,
            -0.7863481015424759,
            0.5678684856099318,
            -0.378856080391159,
            -0.5403326821740643,
            0.04490682733555851,
            -0.10236853945577085,
            -0.6223810084434696,
            0.16010468267955863,
            0.5294928526049597,
            0.09343066236238616,
            0.5504643578468005,
            0.055266292087206494,
            -0.2556180258969003,
            -0.2651397515845799,
            0.12026067040827818,
            -0.7579379176390076,
            -0.817831133800539,
            -0.6639791327283642,
            -0.5118707722470794,
            0.3202819291360351,
            0.2414920499929489,
            0.12062279207067439,
            -0.7660219311681407,
            -0.5637310017129663,
            0.320795638922377,
            -0.547839245072987,
            -0.1320009912028231,
            -0.22841093670385693,
            0.4446763747511857,
            -0.20370812348928974,
            0.12834678601410388,
            0.07209588311467545,
            0.5296585894191947,
            -0.26433330501096436,
            -0.2712971458332411
        ],
        [
            -0.08094331597038384,
            -0.47311401957995003,
            0.2103835344429752,
            0.4246186083074089,
            -0.10689022420451888,
            -0.5740909711204765,
            0.6574468140358845,
            0.5447652184399465,
            0.6736562493668709,
            0.07748230373583652,
            0.1865151326464951,
            0.0474629344028721,
            0.1271930575119752,
            -0.07967165945049237,
            -0.2428079504765113,
            0.61292460232017,
            0.1819575464101281,
            -0.2926036775094985,
            -0.05860688197171401,
            -0.24923893257654145,
            0.41593945679824335,
            -0.13414481230270403,
            -0.24981777851778703,
            0.2516213893144001,
            0.42001352139077763,
            0.047652150909062774,
            0.25949073884417134,
            0.0860678882273799,
            -0.02977759362784065,
            0.28285432837806457,
            0.7054247616694882,
            0.4484554364891544,
            0.41986459102466994,
            0.5066743107887676,
            -0.5352916955148028,
            0.5038326921625755,
            0.2593629609050859,
            0.27957933419164516,
            0.668300957936105,
            -0.2727532271859622,
            -0.2207037720198007,
            0.09703608154681613,
            0.4469664738604798,
            -0.5639121763383654,
            0.0982449931012033,
            -0.12980793623892536,
            -0.46338734080646543,
            0.21696952812023224,
            0.19224429826638859,
            0.22813895012510396,
            -0.17967032259079735,
            0.5797397117688158,
            0.38858239701354075,
            0.5026927089558396,
            -0.14056961976215798,
            0.6012563076059532,
            -0.27196632066946064,
            -0.35530991509953086,
            0.10533783752538717,
            -0.31963527483466864,
            0.5932594021417442,
            -0.2903819364890746,
            0.597832245802546,
            -0.3140043366005091,
            0.1898010437331188,
            0.47328802109642487,
            -0.21683445520034172,
            0.1465780954104831,
            0.6120999540700611,
            0.14226685427438376,
            0.24586331201604614,
            0.40390272885316386,
            0.03306926809448909,
            -0.21845745982616835,
            -0.049215475782348445,
            -0.24863739697238804,
            -0.01732712314974209,
            0.3530023585549249,
            0.19068679253543902,
            -0.01187928966992107,
            0.4895781839959025,
            0.19664006680065932,
            0.5649978421653874,
            0.3027453598558756,
            -0.07061151621076582,
            -0.13301352551895718,
            0.2956287549298572,
            0.40432952454527576,
            0.144000870114178,
            0.033515756928408844,
            0.5462436855235951,
            0.1900411204840895,
            0.1219133000833067,
            0.15264441714552385,
            0.15379144863343877,
            -0.0718870352735424,
            0.115827566578682,
            -0.5601176749198954,
            0.32868960948315146,
            -0.08245805116574809
        ],
        [
            0.24474525765071029,
            -0.785489085802385,
            0.4788416588944372,
            0.43318251748558423,
            -0.13102738049154272,
            -0.7978691296214308,
            0.5447652184399465,
            0.9553542885957672,
            0.8985477837646209,
            0.10475544761433744,
            0.45902531345785824,
            0.16286223718668902,
            0.15972335044118977,
            -0.3514410572181932,
            -0.2908743636128068,
            0.6111100468935775,
            0.13626347542086922,
            -0.3343178093466037,
            -0.028142122893149303,
            -0.13624412479595588,
            0.7461171078432294,
            -0.003534613248437969,
            -0.6972228589540233,
            0.2453945869206722,
            0.7534637534523235,
            0.03652419264640932,
            0.39633703786871605,
            0.06986770217873726,
            -0.14678306160891677,
            0.3830473119504725,
            0.7485253717091485,
            0.5662999535560655,
            0.7484424060051262,
            0.7023636721803727,
            -0.7865496065270281,
            0.7267251381471903,
            0.29218896909183356,
            0.5907786772898582,
            0.8141352523599644,
            -0.24789317379047907,
            -0.4904839240658659,
            0.40367435905344157,
            0.8534362224204111,
            -0.8773104633301069,
            0.5410231990199218,
            -0.09153619662664834,
            -0.560110337039695,
            0.559007065392172,
            0.5501185059506213,
            0.46434629927002025,
            -0.36242284852590406,
            0.47320210721448736,
            0.690524876400341,
            0.7485129318097653,
            -0.38269774211707147,
            0.7153564578532102,
            -0.1887122643072996,
            -0.4856595594208262,
            0.12725544709898975,
            -0.2921054909147784,
            0.8211859519055664,
            -0.19327285537203096,
            0.7935838435925636,
            -0.6755017064642426,
            0.525226208591592,
            0.48925000261289636,
            -0.3075115961903798,
            0.1213641265640378,
            0.5400665811087221,
            0.1258100801615474,
            0.44048666939038666,
            0.6724768060411219,
            0.14961420114438795,
            -0.2062848387575939,
            -0.081838211468865,
            -0.3695099464638936,
            -0.3181559322127854,
            0.536888395296627,
            0.6540121964749656,
            0.04044062867807862,
            0.8790535701186957,
            0.6109831758043025,
            0.6455482920343176,
            0.6382608184038349,
            0.054667349433741,
            -0.32220137258342824,
            0.37474859768291724,
            0.5603875148908859,
            0.570646844722751,
            0.14445185533107072,
            0.8146852400621133,
            0.11957577191558862,
            0.6852302043453108,
            0.09372466802071532,
            0.2650558589085382,
            -0.0685391312457491,
            0.21631801835689302,
            -0.8195367160276407,
            0.5765028424544482,
            -0.12517715193783271
        ],
        [
            0.10239565192473125,
            -0.7381825743615241,
            0.21480381342263077,
            0.4675857947633803,
            -0.12067820537885295,
            -0.8460331824896726,
            0.6736562493668709,
            0.8985477837646209,
            1.2931380704060118,
            0.0728291010122742,
            0.22572211632041567,
            0.2270854434670457,
            0.3741699478558559,
            -0.2825389237419383,
            -0.5958461164285137,
            0.8873723954087633,
            -0.03875032129410654,
            -0.5350852921449696,
            -0.012004615573484038,
            -0.06680423481534936,
            0.5784495537026165,
            -0.34035026222176784,
            -0.7961509194022274,
            0.19663524773006713,
            0.750310934718638,
            0.26161617780707164,
            0.6352831466293868,
            0.002879958872748386,
            -0.09153662025485954,
            0.3730795699182029,
            0.9348410350810595,
            0.5516113070088959,
            0.5753177036496522,
            0.7956609894301243,
            -0.7826880689863637,
            0.7882472607735825,
            0.21172410372642653,
            0.35441507659159444,
            0.8973162117112378,
            -0.3953756178085253,
            -0.5431021380293468,
            0.2128819416273515,
            0.670373184953039,
            -0.7975722976833596,
            0.09892581116441651,
            -0.09859759872946793,
            -0.4306631284404614,
            0.2620178160003644,
            0.0649904477148124,
            0.3799072341700722,
            -0.2724559057127725,
            0.7855080713376562,
            0.32140008170023676,
            0.6380972681685939,
            -0.49595302494449467,
            1.0310865875699353,
            -0.15567449893735394,
            -0.31936030892683637,
            0.1033270328223496,
            -0.15576280500932152,
            0.9822846191742491,
            -0.31425981043298984,
            0.8804359103655996,
            -0.6606256824917636,
            0.5237769070623198,
            0.8404055587224504,
            -0.5168410641802799,
            -0.1602766215385185,
            0.9169233119094702,
            0.26518709422122594,
            0.3314449270569079,
            0.6804781308253265,
            0.01898738592654914,
            -0.3273617350102891,
            -0.31833764466870607,
            -0.5026711965392326,
            -0.2896719619380193,
            0.5189307453392602,
            0.2688762102997641,
            -0.0993096440840939,
            0.6440543718099478,
            0.5543529653472031,
            0.8087644108455005,
            0.3649426130162011,
            -0.15152154395166717,
            -0.11732652007733718,
            0.5292641530980069,
            0.6650558088967516,
            0.6396991018324301,
            -0.027105202738239603,
            0.769772321223841,
            0.25549373549059196,
            0.554962134327438,
            0.41862151784497803,
            0.27045228812054317,
            0.02456462084001345,
            0.15330175778025285,
            -0.6724165484591274,
            0.6580369217540086,
            -0.122036724296578
        ],
        [
            -0.044752096957661476,
            -0.0908606667352661,
            0.012713067069072652,
            -0.0534471100547588,
            0.014293469293506752,
            -0.06126254379217476,
            0.07748230373583652,
            0.10475544761433744,
            0.0728291010122742,
            0.04695896153880369,
            0.06674013137021136,
            -0.004043552758414642,
            -0.01934594951656712,
            0.03115823045258724,
            0.03778041980034807,
            0.032892552056844285,
            0.037544025864499196,
            0.012207118351898529,
            -0.06063304835714867,
            -0.057816142466221375,
            0.08751535491598063,
            0.018034924582866797,
            -0.11366117238181415,
            -0.06159902466461951,
            0.16000062102498847,
            0.05486228446045469,
            0.06442378608742293,
            0.00784011874291124,
            -0.04792365919256673,
            0.023737664860513635,
            0.04167364829594142,
            0.039650883078143837,
            0.11851270756977919,
            0.04788109667833787,
            -0.0011487122585725098,
            0.06430607862173064,
            0.20262307878110233,
            0.0888731532528712,
            0.07357447781203097,
            -0.05029949588114556,
            -0.11827684062303036,
            0.040474765461083674,
            0.06259017580947641,
            -0.1299790712856579,
            0.10404059582208443,
            -0.04484500179935143,
            -0.1448723495196888,
            0.12094605318377903,
            0.12808908158593477,
            0.06932764126555813,
            -0.046272374815940404,
            0.06632504201152188,
            0.17090466872889448,
            0.06867841133548273,
            0.05700373410185817,
            0.05619556507025873,
            -0.06122099208062967,
            -0.06759374504181329,
            0.037270036587189824,
            -0.10378543400128411,
            0.08374499751519242,
            -0.027465006052438217,
            0.07432735604737384,
            -0.018401757900194174,
            0.07937749557364002,
            -0.04160471620056822,
            -0.03711869949750446,
            0.041734390548606226,
            0.0847136006051033,
            -0.015167595792734146,
            0.0766235299363221,
            0.028639849367326425,
            0.004604209958544081,
            -0.053231468073835185,
            0.12651708511047693,
            -0.07317753300023973,
            -0.018269580583703832,
            0.12548279317991387,
            0.08418389793075501,
            0.03371165421656581,
            0.10556203706813042,
            0.04764912641936797,
            0.07149576212825566,
            0.10421510071617784,
            0.018727903577524827,
            -0.020096721722250077,
            0.03755026266094996,
            0.10568037366857132,
            -0.035596541568645,
            0.12299810524003801,
            0.21875109101248402,
            -0.04499104817235351,
            0.024336337741907507,
            0.031701188282696295,
            -0.036016744415547336,
            -0.08605187951035796,
            0.07247862121400488,
            -0.07960955572779736,
            0.06704972682015999,
            -0.0027523316828011054
        ],
        [
            0.0931957023537565,
            -0.4400688376432523,
            0.3699389759043328,
            0.06270786536732371,
            -0.038849774965883974,
            -0.3340824045993947,
            0.1865151326464951,
            0.45902531345785824,
            0.22572211632041567,
            0.06674013137021136,
            0.38223896410683517,
            -0.023844137648664967,
            -0.09341873162630854,
            -0.25647298473230323,
            -0.017013600147632178,
            0.05986683646653423,
            0.15652880356647653,
            -0.05467670357627105,
            -0.16103565746729723,
            -0.10756534950333455,
            0.4191925110086605,
            0.19549556805501672,
            -0.2674802270917465,
            0.07370072636394051,
            0.3425914230001836,
            -0.0486788018419377,
            -0.009455896120905236,
            0.11233274951916244,
            -0.13560359730160768,
            0.04923078645719948,
            0.2417499064208868,
            0.2634091152796708,
            0.47101062792947357,
            0.25522609128367063,
            -0.43505234906083906,
            0.25005803814077887,
            0.24511174708746777,
            0.48179720564712636,
            0.27172577778082546,
            0.01556191888254956,
            -0.2890252538566996,
            0.3390850031997112,
            0.4500134900420718,
            -0.47862210916949005,
            0.5451587336562063,
            -0.12780454705692465,
            -0.4589469150507372,
            0.4375394402564671,
            0.5261361792103348,
            0.24408106642305238,
            -0.2864482356646694,
            -0.010790641984897258,
            0.5279820968413578,
            0.40128310025307956,
            -0.11943276295205048,
            0.1300420015664016,
            -0.045883882420298616,
            -0.3811936724024476,
            -0.010593092515775133,
            -0.2854053187994336,
            0.23631496296679674,
            0.11651530499132615,
            0.36095475385384895,
            -0.3259846254920115,
            0.34340809221176405,
            0.004541379839424757,
            0.057398443629910305,
            0.1881946617851181,
            0.028700720400222448,
            -0.045471301528662675,
            0.2554763777789403,
            0.285667753224469,
            0.16020730785548376,
            -0.08238596741632873,
            0.14425373573127784,
            -0.12312474316188873,
            -0.21337180644520348,
            0.30884082828305504,
            0.5215254952807639,
            0.11481939654229935,
            0.527798335433784,
            0.3026280434756954,
            0.20842106897570667,
            0.4218984962362802,
            0.13902109289015652,
            -0.4053376256186889,
            0.09453486286698584,
            0.10748146086123832,
            0.23836714515898902,
            0.15540799347193962,
            0.4251221108104003,
            -0.15640963503434008,
            0.5151732205500245,
            -0.09339672306698801,
            0.20579893527374263,
            -0.11907844816089526,
            0.2474429038586703,
            -0.4342363510301027,
            0.18457205404624502,
            -0.1367042632599666
        ],
        [
            0.23393302791956885,
            -0.1976632530913389,
            0.3673042016960947,
            0.33033334474786885,
            0.04774360210636669,
            -0.015407304725006156,
            0.0474629344028721,
            0.16286223718668902,
            0.2270854434670457,
            -0.004043552758414642,
            -0.023844137648664967,
            0.630150101125702,
            0.004067975531579894,
            0.06467928441076147,
            0.07576065144758867,
            0.16429857516148105,
            0.24114841635221596,
            0.02114566964165665,
            0.10865777451353385,
            -0.11242928276899289,
            0.19878987416826654,
            0.027828696960192443,
            -0.34581065091733476,
            -0.029831545258196934,
            0.22380253827879562,
            0.15740598154200683,
            0.24886636725159933,
            -0.026039451592939262,
            -0.05737644237311828,
            0.3900714340353381,
            -0.038838125055646516,
            0.04429905382516675,
            0.1775422521132588,
            0.06778150346779653,
            -0.07743654259245199,
            0.3620113568674152,
            -0.07692407339919016,
            0.038247356864116455,
            0.18880655676667088,
            0.08608830136793903,
            -0.15332286136070727,
            0.04156148477369496,
            0.2234534841891722,
            -0.22338608529869483,
            0.13998908553555636,
            0.17674342872568513,
            0.10420695086345749,
            0.12868187785723806,
            0.10839574814445012,
            0.2681153701798761,
            -0.04176051806812535,
            0.07041147803435388,
            0.048968594911091436,
            0.30085829692969956,
            0.2103383594466661,
            -0.14743090026781902,
            0.14048555990279227,
            -0.07717874423590397,
            0.5027690121266312,
            -0.05400539572225153,
            0.3259791849289926,
            0.0006427147589585902,
            -0.04205711738316232,
            -0.3064149453999109,
            0.20942834178639771,
            0.1808549530046387,
            0.1387185146324988,
            -0.03454568252019565,
            0.1347640675569194,
            0.043767249095717047,
            -0.21212295519325247,
            0.10135754517002876,
            0.04132392502953417,
            0.19212486376830754,
            -0.028183579176773135,
            -0.07465512101127968,
            -0.25664429114634435,
            0.147923245121268,
            0.18649521531493743,
            0.01867519130605729,
            0.11810524573835866,
            0.1992767211335064,
            0.09680512393376693,
            0.09983620500832295,
            0.1053428208176204,
            0.12180754135329361,
            0.2770519730736032,
            0.3565387427914157,
            -0.022066891717664693,
            -0.08607046751849473,
            0.20320424457215336,
            0.24639904186289896,
            0.1948728004280558,
            0.170911739598594,
            0.13067100265490844,
            0.06301833490046518,
            -0.13843535548162386,
            -0.20822986318865408,
            0.36611116679918787,
            -0.3020820727758507
        ],
        [
            0.5500728583414652,
            -0.16558119825669884,
            0.004711892389660787,
