{
    "fast": [
        [
            1.1767627416048898,
            0.9538244445838607,
            -0.4898025784423598,
            0.4221193967912863,
            -0.4994932274622224,
            0.783122359957419,
            0.3934722306394658,
            0.5127970088285618,
            0.03471624237897123,
            0.7719889880345031,
            0.14924113947657625,
            0.7557898056263695,
            0.9580863275931043,
            -0.19780796832332018,
            -0.5416467911003764,
            0.764840228823403,
            -0.5604679613087751,
            0.818561668857127,
            0.3189791563932664,
            0.2995834911777734,
            0.23148713450392724,
            0.07609533567091245,
            -0.09774378997665804,
            0.7411278551673344,
            -0.1337711486177249,
            0.12994180156447765,
            0.08057619737523507,
            -0.07490510449607964,
            -0.023685743698288183,
            0.91186682493524,
            0.16207118452901575,
            0.027924135036060702,
            0.007606584275218394,
            0.8699036829762241,
            1.042819116624517,
            0.9954285085818928,
            -0.3878602081154248,
            -0.41364441551215586,
            -0.10486421550130666,
            0.061894046563213845,
            -0.3869642636379101,
            -0.5645782428249702,
            -0.5688451787129177,
            -0.9699272909019541,
            0.8060344225180941,
            0.10651417325795948,
            0.22883962181472287,
            0.7324200939982058,
            0.8397784387024553,
            0.1662742931883572,
            0.4383739092522368,
            0.4651833901881586,
            0.9759168865320975,
            0.9349337639100013,
            0.07749411508123621,
            0.43840624110797016,
            0.31136249354219203,
            0.6704197253568922,
            -0.46334451974663,
            -0.0347757791942296,
            0.5485363283147964,
            0.323403341776287,
            0.7150269571469344,
            0.9915362747510384,
            -0.4746470356836178,
            -0.4696179020401652,
            0.6614869650713947,
            -0.16201161722983773,
            0.6317435764485724,
            1.012313304500595,
            0.5889232444746735,
            -0.28585325300413567,
            -0.2401970484495842,
            -0.6023194643958705,
            -0.6223892625182014,
            0.7970419577897082,
            -0.09941131057775665,
            -0.49236373971131425,
            -0.251888939120927,
            0.3532612493850553,
            0.9946568940683957,
            0.17406274790900636,
            0.6543863016490836,
            0.21132047328718545,
            0.6815827975426237,
            -0.33263485543605087,
            0.27238420845996886,
            -0.10848923128373882,
            -0.21894763035026762,
            -0.34083170595957046,
            0.4175375208968285,
            -0.06332177907504173,
            -0.14980316610301175,
            -0.10181732472554646,
            0.5265574041436208,
            0.4388004004538598,
            0.21846908976164375,
            0.9878604408796121,
            0.8912100384378366,
            0.876507933133705
        ],
        [
            0.9538244445838607,
            1.250842046623423,
            -0.6351434137940348,
            0.34374856724747954,
            -0.4995651157976051,
            0.6904965513812751,
            0.33186102524980826,
            0.4457954310206165,
            -0.17012718553979564,
            0.6121146616849127,
            -0.09599896131944777,
            0.6156298217929361,
            0.788023179079659,
            -0.30406030749327684,
            -0.6454307008538146,
            0.8172053109386854,
            -0.7527760013265089,
            0.8139313532827273,
            0.06245892078261473,
            0.40390316606831184,
            0.14358364726633827,
            0.10260721110612553,
            -0.0028526291461877704,
            0.7537820815125034,
            -0.15542856243977854,
            0.012689201260875223,
            -0.004438486836237312,
            0.05397096038958299,
            -0.07411455865261707,
            0.8264124958986067,
            -0.1390435819953266,
            0.12273563163621656,
            0.13574628065405026,
            0.8365559316584902,
            0.9401373820940764,
            0.9384808890240817,
            -0.5303280532953462,
            -0.28382242091190524,
            -0.2831558632044094,
            0.2205055607937115,
            -0.3043664669100902,
            -0.5657997775930993,
            -0.6571589131229216,
            -0.7501766828871755,
            0.7829486637893939,
            0.07268767757681302,
            0.12917746880655906,
            0.5855329237776752,
            0.8705792214421826,
            0.12027096317872957,
            0.2946414472779592,
            0.34921295502749444,
            1.0052795888943122,
            0.9069988718638302,
            -0.03237434360680255,
            0.26414581241165364,
            0.30622165058133305,
            0.6756972267857584,
            -0.3231960395865984,
            -0.19831800756782852,
            0.5682769449771937,
            0.19630382990614284,
            0.6906430947461244,
            0.9922779411512658,
            -0.2635584458490289,
            -0.26120354325254486,
            0.609266935472454,
            -0.2765017733515313,
            0.6734120086626721,
            1.005549674935874,
            0.4459081593633066,
            -0.638887881436345,
            -0.08586923597594195,
            -0.3729251827075078,
            -0.27786293826188446,
            0.625897405620698,
            -0.0029346103581047375,
            -0.5834732501554747,
            -0.5547620890504393,
            0.35567719298481526,
            0.8953231305866882,
            0.2306785857670989,
            0.8293055840009715,
            0.08053441449204092,
            0.6447720125121955,
            -0.5517138663897181,
            0.43561277846880914,
            -0.16326725060677488,
            -0.319816687804718,
            -0.3386675227169123,
            0.6136843595615558,
            0.23465675067588232,
            -0.1593874521220777,
            -0.29270920668657974,
            0.2828801971009484,
            0.5366064213265819,
            0.20435208005214237,
            0.8567781433872433,
            0.7793542325360344,
            0.7760820801811832
        ],
        [
            -0.4898025784423598,
            -0.6351434137940348,
            0.8584272706694279,
            0.15929842760011337,
            0.5780227218105156,
            -0.3550125038448014,
            -0.17749605398982565,
            -0.3665523641354348,
            0.20332828629517688,
            -0.4357115936523126,
            0.43756156373491545,
            -0.4579500789097469,
            -0.3546532691279329,
            0.03367489437157933,
            0.17887758419680452,
            -0.6290002131785112,
            0.7647877332807669,
            -0.2936541828009813,
            -0.06820805053011916,
            -0.38338965729667673,
            0.044109535285577546,
            -0.1599817555357068,
            0.09620167554421635,
            -0.5408734139247566,
            -0.19108634133208716,
            -0.011157652698048226,
            0.022262774719679322,
            -0.0066393514221674875,
            0.237222027036148,
            -0.389714274870072,
            -0.3667746800777207,
            -0.19603314726462837,
            -0.09838516373965306,
            -0.20890267553989353,
            -0.3606054094184966,
            -0.5542322356907999,
            0.48748905736504494,
            0.19796659768795455,
            0.20466614766484484,
            -0.11672682202366677,
            0.3813768166382928,
            0.2665783512011305,
            0.3506532013538948,
            0.46354752871753835,
            -0.49567403987341546,
            -0.12641503658011813,
            -0.22871702640047575,
            -0.44526458284747183,
            -0.5245559880922523,
            -0.14126477616418467,
            -0.2450357366845678,
            -0.586024987984785,
            -0.6068878283094894,
            -0.5988129119957978,
            -0.2148524947927674,
            -0.2552857342504255,
            -0.08742618036990955,
            -0.24261465424780324,
            -0.1124190722219226,
            0.2753854395884504,
            -0.49080956923076047,
            -0.1590695807920265,
            -0.1520389598041086,
            -0.6693445362193355,
            -0.05609151583952366,
            -0.04478289952687602,
            -0.3922219098712243,
            0.05551352792522534,
            -0.3757398687451327,
            -0.551394488508365,
            -0.3960337281888643,
            0.21065076405022592,
            -0.11139708535875534,
            0.28991921880218147,
            0.13075146270665772,
            -0.34067556658310744,
            -0.004051516294609064,
            0.3930282375553458,
            -0.045235378584818166,
            -0.35597318268592193,
            -0.5415468679038616,
            -0.17896898930034272,
            -0.5961165752294137,
            0.11051356766901908,
            -0.2764220360234386,
            0.08140229159922407,
            -0.43775833797729286,
            -0.008069468017675007,
            -0.003238786496442903,
            0.40228655936076146,
            -0.3527846332483354,
            -0.3382934480752501,
            0.0871285789705199,
            0.11748124251853054,
            -0.18224798736833386,
            -0.4725890773783905,
            0.2744838165689039,
            -0.5162003824708951,
            -0.5093957380905674,
            -0.48299604859422895
        ],
        [
            0.4221193967912863,
            0.34374856724747954,
            0.15929842760011337,
            0.9376258601002455,
            -0.13925072628297774,
            0.2867377552465099,
            0.03313976493483833,
            0.006057946659618016,
            0.006745825646975153,
            -0.029008023366611214,
            0.5769763573815453,
            0.6209134028521632,
            0.3330447689961563,
            -0.14444020996941462,
            -0.26673984177075544,
            0.4254065692191321,
            0.11382894019690926,
            0.4531705450345469,
            -0.04731595371435618,
            0.09756188804757579,
            0.21726965764686249,
            0.14164986956799297,
            -0.1757365628182209,
            0.283753316923698,
            -0.26127893971533156,
            -0.20207602594575944,
            -0.19476616814111675,
            -0.31094172607830894,
            -0.2270760823154908,
            0.3386163964718295,
            0.022554573903157456,
            0.06576574426139924,
            -0.24948042480136712,
            0.6217189501820094,
            0.4024947769881628,
            0.46353529831432616,
            -0.2226754190123332,
            -0.4693241272460581,
            -0.34383669776020453,
            -0.3189275541874519,
            -0.2616832025883496,
            -0.43649083764340274,
            -0.4378046544537586,
            -0.2955271054718101,
            0.29341933357566574,
            -0.13515778671005252,
            -0.2689774039281899,
            0.33376302956911086,
            0.21515062101670576,
            -0.014930764443556871,
            0.11509916143414957,
            0.20099168829888128,
            0.32535812048801843,
            0.3881524322860829,
            0.22128978191165088,
            0.021699863111024932,
            0.21319126208338574,
            0.03534611852112037,
            -0.04529008721282649,
            -0.3085292181235088,
            0.06895560050228364,
            -0.0456265548117411,
            0.4153159445127801,
            0.4357186265505022,
            -0.07334161508744619,
            -0.08153840248885387,
            0.24032394682125655,
            -0.20106476947015942,
            0.10077853533187353,
            0.5359161409789245,
            0.24793376065547595,
            0.015259225648468343,
            -0.15778698034981803,
            -0.21385552207163216,
            0.024107421575300506,
            0.26653255290715777,
            -0.2021376950978121,
            -0.3651943646444821,
            -0.2639132881328277,
            -0.06957060306935225,
            0.39000942007757605,
            0.05932114903655974,
            0.4697658079465039,
            -0.19358602467788963,
            0.3540401596770743,
            -0.3167779456776641,
            -0.09212610547540595,
            -0.11919470852438245,
            -0.3786126382152383,
            -0.07545694113777655,
            0.20703121423124007,
            -0.07499919271632356,
            -0.0808413767223097,
            -0.3218217724782812,
            0.07538774559299911,
            0.22617036388442638,
            -0.07506797722087637,
            0.2544347462264134,
            0.4657786192044453,
            0.3268655666710653
        ],
        [
            -0.4994932274622224,
            -0.4995651157976051,
            0.5780227218105156,
            -0.13925072628297774,
            0.9834725906590869,
            -0.5479532635750081,
            -0.33800638732332633,
            -0.15147767039678653,
            0.10111516447095988,
            -0.2210368488072524,
            0.11118504932504031,
            -0.6733410402796316,
            -0.536127397748015,
            0.07231769349801567,
            0.3171147120669372,
            -0.6600454015306274,
            0.5250426657556372,
            -0.28532289682102413,
            -0.33435542861349826,
            -0.33437221307336196,
            -0.17022556192902483,
            -0.0013708615780703526,
            0.3220492013885759,
            -0.5970253375956444,
            -0.11422177563687345,
            0.18414701075679324,
            0.18025285076444733,
            0.3307677021018823,
            0.2705355160328635,
            -0.5191879063199096,
            -0.33979556571117125,
            -0.2943283587810962,
            0.2513262384644139,
            -0.4163935996885163,
            -0.2796068961598373,
            -0.5939160529242468,
            0.4324316539310718,
            0.5707370171268015,
            0.2860903977521614,
            0.20945285481402828,
            0.866788972670425,
            0.4244184604850046,
            0.5705212048887992,
            0.4405200618559078,
            -0.30958610289574956,
            0.22920951547683616,
            -0.5434860330157706,
            -0.5325253265676536,
            -0.3675687815699047,
            0.016034126887184263,
            -0.4380328359873246,
            -0.5678945201555039,
            -0.6110811927818673,
            -0.6973053478357918,
            -0.030882179882635745,
            0.01675063248922232,
            -0.2964100809115193,
            0.04413608482675791,
            -0.1616562142903196,
            0.5601056216369764,
            -0.3935044407110467,
            -0.28432263355146936,
            -0.1342465126219945,
            -0.7928162456989781,
            0.031095290408602143,
            0.03562773416113405,
            -0.414601060314107,
            0.14719968005407552,
            -0.24027678673224162,
            -0.6883002746573753,
            -0.5270591522735187,
            0.09101781608182306,
            0.23930385545557764,
            0.46968182345392245,
            -0.03942749048631104,
            -0.3275734004220329,
            0.018509899785859568,
            0.6290051789563814,
            -0.26907697890943544,
            -0.3967367227691277,
            -0.6600561614124323,
            -0.20125974391867127,
            -0.5745538937265454,
            0.31441430954866223,
            -0.31727349203161453,
            0.4892198993526792,
            -0.3765573381136774,
            0.14912048809701162,
            0.1877504013802216,
            0.26000829182456564,
            -0.23261262871020316,
            -0.3560755263428298,
            0.22043053532128232,
            0.29635256537139104,
            -0.15533383698677433,
            -0.43472668935535885,
            0.5128302726635363,
            -0.6317609258150062,
            -0.5913456201187661,
            -0.5563555993402536
        ],
        [
            0.783122359957419,
            0.6904965513812751,
            -0.3550125038448014,
            0.2867377552465099,
            -0.5479532635750081,
            0.8221648553574173,
            0.3236578817283601,
            0.34163936810821166,
            0.11974195569873824,
            0.4776678257858756,
            0.18300532219166152,
            0.5377511950655015,
            0.8380208049605561,
            -0.19202622873923994,
            -0.3722555838601576,
            0.7221039628145504,
            -0.577182555298542,
            0.6299160905479952,
            0.44691718961003657,
            0.35304405654214427,
            0.19285208920096614,
            0.13790527516793666,
            -0.21629078203065627,
            0.5442160453934353,
            -0.05240048730441865,
            -0.03344829216023833,
            -0.03756744815520037,
            -0.1930448775736342,
            -0.12312703678413245,
            0.6413541468169107,
            0.15183318984216304,
            0.012860430291668841,
            -0.1533755257766715,
            0.7482949930546824,
            0.7471007870324863,
            0.8192432105172491,
            -0.24795611425875982,
            -0.5090214980835638,
            -0.1970394729106906,
            -0.04367636552010954,
            -0.4845798902653783,
            -0.4290739148206345,
            -0.6064977617150081,
            -0.7290195628832422,
            0.5918489795550814,
            -0.1275845364705351,
            0.309405794292973,
            0.6750771734123271,
            0.5755379576586735,
            0.125817411889354,
            0.43529664128108575,
            0.198005147392926,
            0.9196169101174393,
            0.7945470743903581,
            0.012303745982554248,
            0.20611993901521644,
            0.4227963615374409,
            0.16739153358732056,
            -0.39376496637098296,
            -0.1876657557521793,
            0.4657160898339904,
            0.347541446204679,
            0.3183261699840137,
            0.8506136308913059,
            -0.5129174124404607,
            -0.49312250508255023,
            0.5771586610712832,
            -0.17110674855170296,
            0.39279976209155376,
            0.8035217427008622,
            0.5018134063179501,
            -0.3680640614104439,
            -0.1240273809422987,
            -0.6245931325535817,
            -0.32100461666544505,
            0.5265608985720478,
            0.05220140445097028,
            -0.46808674370911174,
            -0.05615706856686527,
            0.4574879450955813,
            0.8001398826034983,
            0.15478507527387977,
            0.566578926268618,
            -0.03270634604559196,
            0.5052683738504419,
            -0.4233525562004757,
            0.25153061930642184,
            -0.1579940087291148,
            -0.2551002683900811,
            -0.265303484529932,
            0.3252392462174621,
            0.2057399981528247,
            -0.09666671784035519,
            -0.17076795655593113,
            0.32446474522907554,
            0.5176471041643924,
            0.05947256897770399,
            0.8340298873297087,
            0.8077924725971751,
            0.716797458925729
        ],
        [
            0.3934722306394658,
            0.33186102524980826,
            -0.17749605398982565,
            0.03313976493483833,
            -0.33800638732332633,
            0.3236578817283601,
            0.9960751311100914,
            -0.006281216191499491,
            0.22215861676477838,
            0.45846278654708505,
            -0.530877858743781,
            0.4647052841479599,
            0.5783980549454211,
            -0.2283565210039254,
            -0.5859853645467603,
            0.49270846280497027,
            -0.29071116524142226,
            0.5399847012803212,
            0.3731413655023287,
            0.38247175540852935,
            -0.054956111273351996,
            -0.2323658198340993,
            -0.35697063572216975,
            0.6357611983014965,
            -0.4681927391124067,
            -0.026744508065438623,
            -0.20887757507732133,
            -0.3658108911964318,
            0.14343540195152518,
            0.4564543053660702,
            0.3118501670466331,
            0.019312751325306483,
            -0.3983245626742865,
            0.12917825341990763,
            0.5966721770852543,
            0.2362306663148985,
            -0.20702207187292104,
            -0.6491037250435853,
            -0.10190695120804869,
            -0.3100217583886459,
            -0.5618876239955174,
            0.10874055664041615,
            -0.2983829215619157,
            -0.27380537124239296,
            0.08478085377135568,
            -0.252783161553744,
            0.5844218691004233,
            0.25751713405395243,
            0.2095606637697546,
            0.02102665705502671,
            0.5479879519128762,
            0.5397374860028951,
            0.38984532180064413,
            0.37666732726321095,
            -0.07127570786464027,
            -0.14523277898247117,
            -0.08035450260347482,
            -0.06559622404054608,
            -0.3097804479671604,
            0.07532729215212289,
            0.2476420795495808,
            0.30275768100235106,
            0.370745506050166,
            0.4221425317872646,
            -0.05856027504050518,
            -0.09028168867337485,
            0.22620039363713867,
            -0.4858999949630525,
            -0.07716526504959523,
            0.4111569010812467,
            0.2509099366801125,
            -0.049037761713935105,
            -0.6557453785363068,
            -0.25689654636746156,
            0.042788243589150676,
            0.619540876067181,
            0.11284715075448228,
            -0.3578717442762649,
            0.34127862363118927,
            0.40937042084853464,
            0.18588731640100764,
            0.16735269331727148,
            0.07469431611330572,
            0.2364792194815591,
            0.2737682695335083,
            -0.15956601124235031,
            -0.052914336936849896,
            -0.30852983781657195,
            -0.2636625296110064,
            -0.1454681248057125,
            0.22560090631284452,
            0.40598263078833874,
            -0.181386910518181,
            -0.15945279510238675,
            0.45976679671483256,
            -0.02429051928895111,
            -0.11982032256546647,
            0.6006297275447573,
            0.2647096982578495,
            0.3898292750518763
        ],
        [
            0.5127970088285618,
            0.4457954310206165,
            -0.3665523641354348,
            0.006057946659618016,
            -0.15147767039678653,
            0.34163936810821166,
            -0.006281216191499491,
            0.9427903849446181,
            -0.1014722883408669,
            0.5840305630568764,
            0.17240106794367463,
            0.4330004524910898,
            0.2994428077869994,
            -0.00041830183638128584,
            0.02274541925543377,
            0.17172824507589712,
            -0.7723269788554135,
            0.29937195911595643,
            0.2882767718228288,
            0.40556843435334194,
            -0.13502889105978044,
            0.1423146071790928,
            0.417081621872406,
            0.13793175642489341,
            0.0972953318696753,
            0.1887689195813317,
            0.25018670688143374,
            0.5954567366223846,
            0.01001401872853916,
            0.13110047157064522,
            0.1284543150666475,
            -0.08636794048967193,
            0.6463278226276654,
            0.35688183738577034,
            0.4376432120418721,
            0.3729518127948696,
            -0.2315493037324752,
            0.3947488017959363,
            0.09386607642247245,
            0.7681874909849378,
            -0.0002868854621462389,
            -0.3881725472801465,
            -0.10692919000099792,
            -0.37786387868728577,
            0.6866775610455322,
            0.46181000639742326,
            0.1631150196309173,
            0.23652626685241587,
            0.7366947491475829,
            0.0011675408444825235,
            0.33544654924958306,
            0.15281064320365867,
            0.65402153014564,
            0.3383553945710697,
            0.0012098389276645964,
            0.34085540322313623,
            -0.16169457408714216,
            0.8219331840218769,
            -0.04815876884604272,
            0.2750518339455353,
            0.1631943150876478,
            -0.01946848484953105,
            0.22827500036500278,
            0.37835996102709735,
            -0.44603206873116963,
            -0.42055980934803905,
            0.27462473715924596,
            0.17370983019941658,
            0.45707845867895,
            0.3899559060701925,
            0.20495871592267273,
            -0.389268735973442,
            0.3671413041210688,
            -0.22909551801691946,
            0.01978139624994362,
            0.20798909151497727,
            -0.08593605050193663,
            -0.12512138389106225,
            0.029474753321322312,
            0.18789222176888312,
            0.44082905580681453,
            -0.028881927644337235,
            0.19975161974490713,
            0.1659972709096466,
            0.20131423491480288,
            -0.3332156063659681,
            0.44321905676903,
            0.07630180482296567,
            0.08519884865810244,
            -0.20791936795878976,
            0.1292491163726881,
            0.3080563462527077,
            -0.05337310197282343,
            0.17826431391633624,
            0.2429917553886775,
            0.6524349180764183,
            0.2048659883156161,
            0.43709791757845723,
            0.29783591789734565,
            0.2274252594332907
        ],
        [
            0.03471624237897123,
            -0.17012718553979564,
            0.20332828629517688,
            0.006745825646975153,
            0.10111516447095988,
            0.11974195569873824,
            0.22215861676477838,
            -0.1014722883408669,
            0.519789654921146,
            0.07306007433385446,
            0.19148402752717772,
            -0.10005865151288852,
            0.16318913550723035,
            0.03459790885593543,
            0.035361321438484854,
            0.033322049374649124,
            0.1169582249596173,
            0.06091492634009383,
            0.30561953897932137,
            0.17015743511206455,
            0.02558576489434933,
            -0.11008975837162592,
            -0.12381548548034838,
            0.08921890224644748,
            -0.10245909178828985,
            0.05743026643314341,
            -0.023885368303104886,
            -0.13621941915389948,
            0.013567537139943997,
            -0.003563321230708199,
            0.30657309445774983,
            -0.17327284554287586,
            -0.19080931541959809,
            0.034794541553753396,
            0.14552281009480963,
            -0.00908665143278036,
            0.07721938214486689,
            -0.26530741383075446,
            0.01622346393572137,
            -0.1256433681710956,
            -0.07717045950092406,
            0.30813349214129576,
            -0.07276433385756292,
            -0.0018135017587554614,
            0.002182152463110757,
            -0.13101221595429077,
            -0.12697764883391627,
            0.07499814468846337,
            -0.05679492116555974,
            0.18266083010400594,
            0.2636072933114882,
            0.11769946211270979,
            0.01977459904802577,
            0.018036645014667056,
            0.1581788237279136,
            -0.08262639312223509,
            0.168676036451683,
            -0.21618416298487275,
            -0.2722607102719528,
            0.2159976076458192,
            -0.023084799409476744,
            -0.1053125400830396,
            -0.034592234137483684,
            -0.07762272539559525,
            -0.12722014118119554,
            -0.1382858803682898,
            0.0643908686752967,
            -0.11736575480893768,
            -0.13314305796462683,
            0.015770193283927154,
            0.009553387699182958,
            0.1998809735464804,
            -0.3753455972755796,
            -0.2201803394592105,
            -0.2833396672360318,
            0.08440964559550374,
            0.09529303282920112,
            0.004636622345253261,
            0.44328463208104774,
            0.0911563177353689,
            0.009314471948764258,
            0.006587198864933764,
            -0.1620160363512385,
            0.0698956775981594,
            -0.009393788041844486,
            0.22083260489710146,
            -0.05032170089470327,
            -0.07133091026713143,
            -0.06780846331554898,
            0.029502552831784937,
            -0.28569055873539834,
            0.01429540502296488,
            0.09467515102745064,
            0.0437699089224418,
            0.11401827057156888,
            -0.15373280702752323,
            -0.03538623868567259,
            0.05615722910450467,
            0.18673273744840369,
            0.14380234198120964
        ],
        [
            0.7719889880345031,
            0.6121146616849127,
            -0.4357115936523126,
            -0.029008023366611214,
            -0.2210368488072524,
            0.4776678257858756,
            0.45846278654708505,
            0.5840305630568764,
            0.07306007433385446,
            0.8085025817284516,
            -0.20684616034095554,
            0.4949380751655,
            0.6763766522954098,
            -0.07489526590866007,
            -0.2980301891967276,
            0.4625520124881953,
            -0.6218398492608113,
            0.5972661870840402,
            0.3762079987076228,
            0.350522870344927,
            -0.0024834218603302528,
            -0.013099030401188434,
            -0.0053235056443364445,
            0.4865312753066416,
            -0.10128302876071775,
            0.25481074581404245,
            0.1980862278450722,
            0.09354997528230687,
            0.19212744892058445,
            0.5861005290163448,
            0.29744456532281943,
            -0.04071819590431437,
            0.13927378484135727,
            0.42034520976375794,
            0.81204680799347,
            0.5527433801183516,
            -0.1858391966129214,
            -0.1602399211429679,
            0.15123036845766588,
            0.16941041542253213,
            -0.18477070099315362,
            -0.20672350841600887,
            -0.20978911897914493,
            -0.6386542665638576,
            0.5869012594135894,
            0.23419016396734962,
            0.38910498638884955,
            0.4207996129720621,
            0.6453942292817769,
            0.19752459130482677,
            0.5021756780852706,
            0.41868351859206754,
            0.7337909761103126,
            0.5842860002206256,
            0.0009634093934371261,
            0.3813478539389275,
            -0.006358003947205471,
            0.6182010979064921,
            -0.395074934141571,
            0.2043905506596506,
            0.3563375249418667,
            0.2716369441848204,
            0.5578875774951222,
            0.6033122845487549,
            -0.37973344969281975,
            -0.3782880295755582,
            0.44161961808805095,
            -0.08108132444637459,
            0.46592374075071497,
            0.593235785194176,
            0.3710658049392971,
            -0.20700377630582545,
            -0.22237032597782475,
            -0.4081568277096708,
            -0.3413865385611483,
            0.581640134221741,
            0.03760573179748096,
            -0.15756683168890892,
            0.06466082273631572,
            0.31639430249733824,
            0.5799525403987168,
            0.07882510713506703,
            0.21156744695992155,
            0.4259612078615371,
            0.44729670039498853,
            -0.10604795275035561,
            0.2353353184319103,
            -0.059716831570194216,
            0.02245228768007456,
            -0.2963344432237153,
            0.2512384909219073,
            0.14145462939570064,
            -0.030694870065586407,
            0.13294877650853598,
            0.46602693296615644,
            0.20854937120212833,
            0.2421222939863802,
            0.7147575439937992,
            0.4939181574397792,
            0.5387806528385165
        ],
        [
            0.14924113947657625,
            -0.09599896131944777,
            0.43756156373491545,
            0.5769763573815453,
            0.11118504932504031,
            0.18300532219166152,
            -0.530877858743781,
            0.17240106794367463,
            0.19148402752717772,
            -0.20684616034095554,
            1.421539686582593,
            0.08340711261187393,
            0.00038964300325002764,
            0.03898282809992382,
            0.272032054532548,
            -0.15636841152878558,
            0.06799146657387194,
            -0.1081137700162638,
            -0.07170233088648091,
            -0.25217893677342895,
            0.5050621518177976,
            0.08232916306959268,
            0.1766857912561479,
            -0.22020139620789214,
            0.21803496276198778,
            -0.04827524560259203,
            0.056387124232629496,
            0.1786927558900284,
            -0.1999583950215996,
            -0.17162617439725153,
            -0.19132913201614474,
            -0.19312585585888317,
            0.17284016939239005,
            0.5377379193478987,
            -0.029258125977988898,
            0.3126369889252408,
            0.04191890334804683,
            0.15494089096760136,
            -0.03722164470819617,
            0.29575952029456726,
            0.08603772821499418,
            -0.46148173776589096,
            -0.10916306762541286,
            -0.25233199800612277,
            0.1902822394149835,
            0.04300313922843272,
            -0.5745309421386339,
            0.2794033432894561,
            0.03939126878615389,
            0.04818831422345866,
            -0.16178728332503126,
            -0.3030999898127722,
            -0.10403034083890121,
            0.09591310336222991,
            0.00619427725574618,
            0.11222833803033605,
            0.7489181247365782,
            0.1534075444460968,
            -0.011537690515737421,
            -0.11185195442775756,
            -0.21639038836355295,
            -0.28651713213511926,
            -0.020777907015289993,
            0.024561546099592654,
            -0.25059325451896625,
            -0.2211783861253931,
            0.12388388876499389,
            0.41508289822735656,
            -0.0015697274926073706,
            0.19110370422809,
            0.08682461180679676,
            0.11564772318937927,
            0.10002146235752352,
            -0.27401587604592803,
            -0.18246001688023594,
            -0.09826829102155868,
            -0.30661426949080584,
            -0.034641788807439,
            0.01611911947241072,
            -0.33259315373000475,
            0.30598635366323473,
            -0.08806864826166769,
            0.26139329453407534,
            -0.30911259366736915,
            0.035180601761544784,
            -0.2834772478531952,
            0.03215484694878121,
            0.16395616168605548,
            -0.023046892298966237,
            0.03508557157524273,
            -0.2305619943088912,
            -0.2852930970581108,
            0.11610531835185092,
            0.03077354844193003,
            -0.10133686845301643,
            0.2756896720215527,
            -0.046823032279867435,
            -0.1551422167674826,
            0.3323854513342392,
            -0.018456658077510606
        ],
        [
            0.7557898056263695,
            0.6156298217929361,
            -0.4579500789097469,
            0.6209134028521632,
            -0.6733410402796316,
            0.5377511950655015,
            0.4647052841479599,
            0.4330004524910898,
            -0.10005865151288852,
            0.4949380751655,
            0.08340711261187393,
            1.214383055932902,
            0.6332134260204323,
            -0.12867811513719135,
            -0.37665490230072507,
            0.7650682933680182,
            -0.6857803576128652,
            0.6397699968417602,
            0.3032365488523547,
            0.5057070162488078,
            0.1286372556578121,
            0.13040399622869092,
            -0.3402963020688528,
            0.6382933039535812,
            -0.14621511437732101,
            -0.07726151906661917,
            -0.11453932145157586,
            -0.39229415093667547,
            -0.21364678579056723,
            0.6159812485934386,
            0.39169270638591713,
            0.22280500694831873,
            -0.27294593888114,
            0.6575929647483527,
            0.6822467764064802,
            0.7366460898760278,
            -0.5103102170597322,
            -0.7250656323462319,
            -0.2773635072196023,
            -0.3466841307038007,
            -0.817344024851756,
            -0.44712088811988754,
            -0.5557801299485785,
            -0.6236462181475252,
            0.529306518001528,
            -0.07769109505349515,
            0.2452952363297999,
            0.6386061061552372,
            0.4864753650404682,
            -0.0012036488009809982,
            0.6565360272803653,
            0.6950732535738143,
            0.7439359449615459,
            0.842775227791924,
            0.23258622967161638,
            0.29567609599825045,
            0.13559764779842978,
            0.21493119884933007,
            0.16879020744426879,
            -0.4469523102234323,
            0.38918252407881143,
            0.14343489674263177,
            0.5694377792098894,
            0.9012069046447612,
            -0.1996919176339418,
            -0.2213895825011392,
            0.4669663739046137,
            -0.1953222266093087,
            0.2189370001608759,
            0.8712239296469672,
            0.5480933012947072,
            -0.09409408415152024,
            -0.2856217677463259,
            -0.513537868999549,
            0.19792883925394214,
            0.5760459925505544,
            -0.1946180893657306,
            -0.573636044366892,
            0.2106227605925251,
            0.33658617797885504,
            0.7240645901974683,
            0.19385446568952336,
            0.708907377839571,
            -0.1211434287813877,
            0.5052853287570974,
            -0.5239485383299165,
            0.15275311524857932,
            -0.15171053375982865,
            -0.22269095760651023,
            -0.44190637620539774,
            0.3711055252770952,
            0.4509295765348497,
            -0.17338332752253613,
            -0.23559919449233116,
            0.3968538135702958,
            0.4073747196230551,
            -0.5149732221559408,
            0.7370397137110866,
            0.702970417570555,
            0.6230388665245021
        ],
        [
            0.9580863275931043,
            0.788023179079659,
            -0.3546532691279329,
            0.3330447689961563,
            -0.536127397748015,
