{
    "fast": [
        [
            1.1025590672716283,
            0.1620358003845361,
            0.06185674362337022,
            -0.2619471927856877,
            -0.5211338735555997,
            -0.30030568319220124,
            -0.39223676297230153,
            -0.28844525748309435,
            -0.1586857025571357,
            0.35383847142458236,
            -0.4092524392918867,
            0.3006514736707042,
            -0.44591112564872615,
            -0.36221304179569247,
            -0.5096740119156458,
            -0.07835390847319898,
            0.4410043188787722,
            -0.09867285701008781,
            -0.17767377893760083,
            -0.17053002413540908,
            -0.0068232068921787676,
            0.31744282807528035,
            -0.24383375375050606,
            0.10710033518903453,
            0.36340700414696037,
            0.24692170688496845,
            -0.4052302835190165,
            -0.11148024765105345,
            -0.29140031826714385,
            -0.1969657972780294,
            -0.48824416842791946,
            0.2613573871495077,
            0.08053164027158609,
            0.08426487694674696,
            -0.1561037736964804,
            -0.460566404826275,
            -0.3305586194431171,
            -0.0512447554773521,
            -0.12592391864950012,
            -0.3093492572694162,
            -0.23020619486321983,
            0.1830771347283646,
            -0.35932526907493545,
            -0.07509222871780684,
            0.02303121489964712,
            -0.21620581039261608,
            0.21472710359442912,
            -0.18102224451973561,
            0.2677120569205353,
            0.35180074046994425,
            -0.5355358084289101,
            -0.5462281285646106,
            0.0968408637951576,
            -0.13795502486562822,
            0.3391057258395158,
            0.11869399976755457,
            -0.3708204222660013,
            0.17751140254950207,
            -0.19574743912661843,
            0.14669838656970444,
            -0.3043009062520769,
            -0.3067075120543365,
            -0.16107494906136827,
            -0.49959536350296974,
            -0.3188129092160315,
            0.016056402803928907,
            -0.3945977561105066,
            0.001082782280266036,
            -0.4731269994073539,
            -0.4091636663586901,
            0.01236947824004745,
            0.6839846096025757,
            -0.4237503441110607,
            0.2341058913821826,
            -0.209291778128719,
            -0.1513520577050428,
            0.09449369278472242,
            -0.09064928260793086,
            0.17981222892242063,
            0.259937610381223,
            -0.3932894783582785,
            -0.40901685692582335,
            -0.5250848732694025,
            0.31872043035244596,
            -0.4177671273147648,
            -0.10090933602200049,
            0.0679573914683347,
            -0.26744301335045495,
            0.23180879967076462,
            -0.2677336768988957,
            -0.16025131353197536,
            -0.2835930923530247,
            -0.3342144142700347,
            0.19558288073778468,
            -0.38478364792023856,
            0.667547894059791,
            -0.5046998000111546,
            0.2033552881007853,
            -0.040715716074700495,
            -0.21012934714054804
        ],
        [
            0.1620358003845361,
            0.9830697734911436,
            -0.23761836800250133,
            0.020219917205316743,
            -0.17843142227440328,
            0.06067774600700367,
            0.049904557984576034,
            0.1694017844912716,
            0.4016042822683874,
            -0.24558392293711656,
            -0.05664927591865573,
            -0.014877440220520174,
            0.08636027266415842,
            0.20678406786446168,
            -0.05182592952256523,
            0.05199809797106595,
            -0.03676886647324401,
            -0.05184345863072008,
            -0.028942806155186834,
            -0.01623093856301562,
            0.045922988157461514,
            0.14653829945252053,
            0.009132226378568442,
            0.00019763248755778984,
            -0.3026649098986581,
            -0.32973261627542166,
            0.22687813240099783,
            0.23062883247842123,
            0.1905083353357355,
            0.06589297398380004,
            0.19724861252268333,
            -0.25518996547929107,
            -0.21708967606080717,
            -0.17648998320440926,
            -0.035313982981576474,
            0.289873946653473,
            -0.028966837258340934,
            -0.49525250605789145,
            -0.34919588264731444,
            0.11932659895002519,
            0.3527663084825551,
            -0.6240315350084862,
            0.03754010011481825,
            -0.13602347525395203,
            -0.14051239654108377,
            -0.06367325172006999,
            -0.3765557078499585,
            -0.3231705147748161,
            -0.2941476227239422,
            0.13357415828089306,
            0.27759330803410254,
            0.15627821069126868,
            -0.2691605366520251,
            0.11713868371038122,
            -0.10589357539637571,
            -0.3102757407820356,
            -0.4540167808286648,
            0.505293461937806,
            0.10202339853734353,
            0.19556924365663086,
            -0.18775314934857507,
            0.22549215619678376,
            0.11212497667560786,
            0.03704322096640106,
            0.35723888969737533,
            0.2217126196893243,
            0.15402824556815548,
            -0.44767530156375407,
            0.24978844324637337,
            0.09199855455621005,
            -0.3604266834982933,
            -0.12055406618860508,
            -0.2331835164523392,
            -0.14320465532508883,
            0.06915079345660975,
            0.07520436659908449,
            0.04412608185212256,
            0.13056447635158203,
            -0.22936986253284675,
            -0.2853479933609386,
            0.009443088776311859,
            -0.07416252306938875,
            0.13522890801850598,
            -0.3150467320727359,
            0.3053079612398932,
            0.1071255101980151,
            -0.10932707680924954,
            -0.14775479146818202,
            -0.08694776099802047,
            -0.18912371569748124,
            -0.18589542238540563,
            -0.49212540767188157,
            0.4483316481552589,
            -0.11066241176212892,
            0.11580240693320937,
            0.008931635434684391,
            0.16618087292856676,
            0.053056988234654795,
            0.45423229992856357,
            0.0847866174888168
        ],
        [
            0.06185674362337022,
            -0.23761836800250133,
            1.67299970676802,
            -0.3033152813638706,
            1.1091622840087862,
            0.7498040070066951,
            -0.07281834009908655,
            -0.36075250331486397,
            0.45609707025894014,
            -0.1373606956935053,
            0.09645249128556997,
            0.1681778145711303,
            -0.012308133178455527,
            0.9543148623750496,
            0.18651969064357168,
            0.6467808445882052,
            -0.4134303780857875,
            -0.19390707783244082,
            0.6440821273331055,
            0.09640920356452026,
            -0.342680428727858,
            -0.32297437180848415,
            1.3969743251222524,
            0.40411702187290843,
            1.2473101582154758,
            1.553080936434284,
            0.12430037454287517,
            -0.19094236411942775,
            0.22180629807513222,
            0.0375702946535059,
            0.34649756854068614,
            0.16707038895206364,
            -0.12679471271780923,
            0.23021208770679313,
            1.0880448858472416,
            -0.001813467356993153,
            0.08529219647289113,
            0.04674064614909477,
            1.4930642490214183,
            0.0552942295689719,
            0.09406261272702779,
            1.3344032893239501,
            0.0562241354719006,
            1.4043411256111604,
            -0.2670183815025994,
            0.8945982238153024,
            1.5304384707345449,
            0.47558934884027587,
            1.325210241152254,
            -0.011042964903058339,
            0.09470370205270688,
            0.11375129991942806,
            -0.13790900262001798,
            0.9249375641061847,
            1.5459005328325301,
            -0.5419120556802858,
            0.36736919864670997,
            0.033899959011427505,
            -0.494476104163774,
            -0.7119167618994967,
            -0.2584405848154886,
            0.05959539865175331,
            0.2802979316942723,
            0.6402089885694608,
            0.17538698396121075,
            1.2651529238365258,
            0.2708220391228754,
            -0.3461783575765764,
            0.46313605402367997,
            -0.5905573311621689,
            1.291685989126812,
            -0.534383864437486,
            1.0852993353731188,
            0.680634131766617,
            0.4041337878693697,
            0.17004569066623842,
            0.40978555959911195,
            -0.13951964519010168,
            -0.07265963810767717,
            -0.09322075935119875,
            0.7035779536697628,
            0.45970640224228504,
            0.9025693565450523,
            1.4691086704513523,
            -0.16147442691094893,
            0.033832782645889924,
            -0.3507183386185037,
            0.3771720407741379,
            0.15040759527627612,
            1.2433562720758504,
            0.26869046020595055,
            -0.17121016452302498,
            1.1390829843100376,
            0.82736627461829,
            -0.08759385322751871,
            0.2715490726491602,
            0.37914013723993584,
            1.440239866273516,
            0.9802719128276045,
            0.30402898784568383
        ],
        [
            -0.2619471927856877,
            0.020219917205316743,
            -0.3033152813638706,
            0.5009206144385702,
            -0.03371118578370293,
            0.10094151619412968,
            0.22923613816614513,
            0.32512331561438523,
            0.08212510693219681,
            -0.15670363517999908,
            0.38202757471574716,
            -0.045910570815277975,
            0.33618482133670086,
            0.10371900281288693,
            0.24291258878860822,
            0.1358659922428219,
            -0.10691427515256123,
            0.33174622866321246,
            0.03883861046612411,
            0.21924878838848433,
            0.4341982485111353,
            -0.24251163805934464,
            -0.27850144485902345,
            -0.013397139601434637,
            -0.36374507390522376,
            -0.35272855716663953,
            0.08766668534438071,
            0.2527701383220168,
            0.13727051382327568,
            0.36760191893720906,
            0.26260739159722374,
            -0.4363264034290999,
            0.2729011160178062,
            -0.040720913533654264,
            -0.16832867506852286,
            0.2701154394915292,
            0.16497908063582858,
            0.16938156090430806,
            -0.38335038335321187,
            0.34733908369307487,
            0.16507755921273337,
            0.002917090651597324,
            0.3094276004559565,
            -0.22191659267055763,
            -0.01802183888731192,
            0.03167442199645276,
            -0.34857004630271665,
            0.3231090586181076,
            -0.46339831670236964,
            0.060002414374821275,
            0.2694238480525226,
            0.2707120991996286,
            -0.4445827157684617,
            -0.03400726740693734,
            -0.4346241928909271,
            0.02774178427541508,
            -0.0808802463473015,
            -0.040798737643387734,
            0.3711911290323416,
            0.37848854768889506,
            0.07162808982033342,
            0.15625008240226843,
            0.0946017093164008,
            0.17357296787436371,
            0.2801438556419316,
            -0.2681020731891429,
            0.2105342956524732,
            -0.06002319994923598,
            0.16196569175654893,
            0.09932812900340056,
            -0.16817852845805126,
            -0.11777053194762907,
            0.12798455022885258,
            -0.174100603285945,
            0.22679601585833062,
            -0.1891645064616686,
            0.02662006256160184,
            0.1408368912791258,
            0.053054758012838404,
            -0.3284965535809023,
            0.0034063050818501873,
            0.31814242977183216,
            0.06132304346996598,
            -0.31715177868573247,
            0.15220250892768297,
            -0.02707418879113903,
            -0.020065653065935087,
            0.18458467523574948,
            -0.09098849293315678,
            -0.2830453049388282,
            0.34447220217973035,
            0.1883490157632972,
            -0.24197931786960053,
            -0.2834159141861032,
            0.31323770468112794,
            -0.0477832361826264,
            0.1603713438668835,
            -0.3133043405749144,
            -0.14212295285331902,
            0.321794967796439
        ],
        [
            -0.5211338735555997,
            -0.17843142227440328,
            1.1091622840087862,
            -0.03371118578370293,
            1.3681516102947993,
            0.9054927325535618,
            0.557463730760892,
            0.13528516677821986,
            0.5341517811636703,
            -0.3062714171544213,
            0.5444927457381145,
            0.10751546074435576,
            0.5932241875735877,
            1.077432788647514,
            0.7244712271849109,
            0.7740250397737347,
            -0.7203319979562505,
            0.19333396669311237,
            0.9360607857727228,
            0.19331738687747752,
            -0.29898408529731263,
            -0.3912552501057911,
            1.3632778367628966,
            0.4938421502790808,
            0.5225581520320877,
            0.856211259121814,
            0.7986695268140014,
            0.060198230626237824,
            0.6078477713800405,
            0.501980842960567,
            0.8063979200876323,
            -0.15234761018281862,
            -0.19801229256814992,
            0.19166605658743707,
            1.0061453853500901,
            0.47269212118797527,
            0.3159595946005947,
            0.26503817281901165,
            1.134478163348863,
            0.5032171596530738,
            0.40665452633717714,
            0.792188639880095,
            0.6594524184792453,
            1.0526440405292923,
            -0.40325195724860663,
            0.896617914199065,
            0.8748709408278819,
            0.34349107951081487,
            0.7488087608867567,
            -0.28174319947804305,
            0.6190323404828618,
            0.6518977458776395,
            -0.36531797470606153,
            0.896937297221029,
            0.9119438819097954,
            -0.5258519724088068,
            0.41611565774857,
            -0.02980812250500172,
            -0.2381487647758124,
            -0.4805405551045838,
            -0.24417417241813785,
            0.606169820215285,
            0.7003313930418539,
            1.0476640111923128,
            0.5279670310828566,
            0.9557366272942284,
            0.7699758223027484,
            -0.5043922189758387,
            0.8133623820245325,
            -0.20523750566430585,
            1.1243204596941936,
            -0.9332733574918051,
            1.0758323317669474,
            0.43105806713531175,
            0.7502752830503373,
            0.1315500619358627,
            0.5132841467208142,
            -0.10740075137305549,
            -0.2563868829952029,
            -0.25054231580428293,
            0.9716097564270397,
            0.6824501579466352,
            1.1941833766733656,
            0.7337541656596746,
            0.41282265407495067,
            -0.15601824368980075,
            -0.5095541208020404,
            0.5775692568054529,
            -0.11491939756980168,
            1.014667256008919,
            0.4187783816131441,
            -0.15535062445180842,
            1.046729770405907,
            0.2531667287035137,
            0.46143716860101397,
            -0.07984051507935107,
            0.9468938029097608,
            0.9144427122220912,
            0.8022187536103628,
            0.5922230567447813
        ],
        [
            -0.30030568319220124,
            0.06067774600700367,
            0.7498040070066951,
            0.10094151619412968,
            0.9054927325535618,
            1.476831892862337,
            0.6404988594349968,
            0.6768183835070352,
            1.1858673158972244,
            -0.7751296445151918,
            0.9202409967736317,
            0.8490831481210348,
            0.9891985937500744,
            1.2906522105121654,
            0.7363274560599659,
            1.1656986073939062,
            -0.8333535354371336,
            0.6827395569660726,
            0.8858058424150103,
            0.9644032330170528,
            -0.3775306293512048,
            -0.5361804517094402,
            0.9452083201707726,
            0.9323654589960296,
            0.08816212140840743,
            0.3085582208941587,
            0.7298531749645887,
            0.6387988589829308,
            1.0743213797928315,
            0.9151674236825497,
            1.2036599327214874,
            -0.21626093579888878,
            -0.4770709108628048,
            0.3090572064365453,
            1.10004344213766,
            1.023714335297025,
            0.9776770206117185,
            0.4417232270464398,
            0.4227981246084574,
            1.025034139173056,
            0.7550918664648859,
            0.7898706917729743,
            1.0958709477886341,
            0.8019799474561589,
            -0.35234852690364526,
            0.9883027099484938,
            0.4743998175190979,
            1.0151671637008395,
            0.21567310690880429,
            -0.05886739842305858,
            0.721539801294423,
            0.8216276485183851,
            -0.5162539182112793,
            0.9577742178255364,
            0.6653677527788525,
            -0.5522074773943804,
            0.5043994842323014,
            0.14000756281361604,
            -0.30393148955256566,
            -0.34641882370114224,
            -0.34316524116641334,
            0.8289905801202194,
            0.9241949871494295,
            1.308513947902642,
            1.1834441224212808,
            0.9332182599462998,
            1.0956227442319963,
            -0.6484802494847057,
            1.0072033525389585,
            -0.026030729547513013,
            0.7308016820000781,
            -1.141122153467657,
            1.2155614301798625,
            0.5533643928121869,
            0.8208836021819228,
            0.04567803047456993,
            1.0074430750898078,
            0.45428267728472776,
            0.7135256308914557,
            -0.6227259356055533,
            0.7329286359946836,
            1.0490625604640684,
            1.1964186285978056,
            0.3481865665977908,
            0.925451565832791,
            0.1394124893459511,
            -0.7535355689812516,
            0.49633211425236706,
            -0.35255005614845414,
            0.5626668980314186,
            0.7746447814680921,
            -0.10808002810299798,
            0.9102408560428621,
            0.042054482203618695,
            0.7749432376810083,
            -0.10691635357014787,
            0.9570620542553477,
            0.9215335411424448,
            0.9520275351769022,
            0.9986855088283463
        ],
        [
            -0.39223676297230153,
            0.049904557984576034,
            -0.07281834009908655,
            0.22923613816614513,
            0.557463730760892,
            0.6404988594349968,
            0.8620219746063555,
            0.682473438287332,
            0.5042258307095596,
            -0.5675852738337914,
            0.9113799812054215,
            0.3986091412668614,
            0.9148393286365728,
            0.55123700828777,
            0.865851215350508,
            0.6731208108259732,
            -0.5000635571543289,
            0.6792692957496689,
            0.7377138935731073,
            0.4876584824739592,
            -0.14666247413231198,
            -0.430643343193635,
            0.3809403341128196,
            0.6788445107144495,
            -0.5559485772889178,
            -0.39514724618268593,
            0.9608436430993453,
            0.4597115876195957,
            0.7494735007361628,
            0.7661644340366994,
            0.8200553526222811,
            -0.41523386527517925,
            -0.2524954355003602,
            0.14392037575895256,
            0.2853913787313542,
            0.7413907926642586,
            0.4717946197740694,
            0.40383106511537675,
            -0.026234312412278426,
            0.7857400083356961,
            0.5384490621784715,
            0.01641712914911979,
            1.0163128087284952,
            0.16121369514942122,
            -0.40554148285265285,
            0.5221902166654943,
            -0.25579797819677064,
            0.38287367083150675,
            -0.30652816778614506,
            -0.10214057795706652,
            0.7387104580912673,
            0.7692406686273284,
            -0.5639252318302967,
            0.5003686954282265,
            -0.10225342803938509,
            -0.2665302613232145,
            0.1266377367519786,
            0.022016373330882605,
            0.11966403436669676,
            0.08191023961969753,
            -0.1270586607399272,
            0.8496381647278516,
            0.8244830260697894,
            0.8375557328715902,
            0.7384561292246165,
            0.07535494013993,
            0.8840355694046594,
            -0.4198043890579342,
            0.6680411941570048,
            0.12244301738901252,
            0.22229408691434757,
            -0.7369579373047521,
            0.44533746307768335,
            0.2288291271133197,
            0.7508865212414756,
            -0.11559148523688652,
            0.49432434134677355,
            0.2125446334530225,
            0.09743712084029098,
            -0.4060280336765272,
            0.6487408721868683,
            0.5640683412913917,
            0.7042122997788582,
            -0.3784594073305501,
            0.7271907836607824,
            -0.069941563058596,
            -0.45574799294192475,
            0.4538685151105329,
            -0.3665555845514276,
            0.09977603701311288,
            0.5541122281052276,
            -0.022348767302897372,
            0.2281426617492906,
            -0.4218319159083836,
            0.7597682167857143,
            0.02348802014165007,
            0.9422510722490228,
            -0.10852754826318209,
            0.27447703319362526,
            0.725854077728592
        ],
        [
            -0.28844525748309435,
            0.1694017844912716,
            -0.36075250331486397,
            0.32512331561438523,
            0.13528516677821986,
            0.6768183835070352,
            0.682473438287332,
            0.9552160648831732,
            0.6600201290965302,
            -0.7255843611361159,
            0.8476941566832543,
            0.5098492472720993,
            0.8599522894845113,
            0.42397689256385757,
            0.5979458438731114,
            0.5766188976885861,
            -0.567501398642015,
            0.6817369022271541,
            0.48058838230841705,
            0.6838265356551128,
            -0.02507477933672347,
            -0.40684343493135944,
            -0.02222528064019832,
            0.5819064382029551,
            -0.801388655619824,
            -0.7959646604827565,
            0.7867279959109782,
            0.6166062577466878,
            0.8049690602876325,
            0.6899167212682558,
            0.7409566279460639,
            -0.38614732497697535,
            -0.1917446270212583,
            0.18958517779995204,
            -0.07462914629282753,
            0.8045619550636561,
            0.6989920686441061,
            0.559913748982623,
            -0.4236629668261283,
            0.7898145655873101,
            0.6302962082921956,
            -0.1931773540036045,
            0.8416667180067573,
            -0.12532861426225816,
            -0.472760836399541,
            0.373533137251686,
            -0.5527526838828041,
            0.6029980284255506,
            -0.6641998819659215,
            -0.00928877313628443,
            0.671812336168963,
            0.6870777036707194,
            -0.49821979262434357,
            0.3454789853005094,
            -0.31309970334146436,
            -0.11333488233901197,
            -0.010492458677723311,
            0.05906223644573538,
            -0.04968343084224057,
            -0.02625635462566726,
            0.07592160413253417,
            0.8273181216325197,
            0.664004840583683,
            0.7025652820585538,
            0.7998617699826672,
            -0.08782174517951598,
            0.8474427207236496,
            -0.3970293706824507,
            0.5358999239531808,
            0.2797358314667727,
            -0.19826270205423616,
            -0.6566540324456314,
            0.21232669463203283,
            0.1772341232392346,
            0.6230459158732709,
            -0.12111248319020242,
            0.45510905152473247,
            0.5260723272234509,
            0.6168676832782858,
            -0.3817282211710258,
            0.372151843575081,
            0.4859503583222173,
            0.4665859534106594,
            -0.6576996028924008,
            0.7621003302587204,
            0.08657402002303949,
            -0.47293277341412865,
            0.3075565034792311,
            -0.4356672625334557,
            -0.20031904176697174,
            0.5451962943822166,
            -0.04679387004874061,
            0.03945501358797202,
            -0.5186433518302984,
            0.7089471643008495,
            -0.15274152222504406,
            0.7638950253157235,
            -0.30738411613771577,
            0.20191951111962703,
            0.7010106778755134
        ],
        [
            -0.1586857025571357,
            0.4016042822683874,
            0.45609707025894014,
            0.08212510693219681,
            0.5341517811636703,
            1.1858673158972244,
            0.5042258307095596,
            0.6600201290965302,
            1.3070808377864611,
            -0.6643041808794689,
            0.7307141071594676,
            0.656196844351003,
            0.8188771746050034,
            0.9686956990979947,
            0.4306052092912526,
            1.0130405654459116,
            -0.6914652479816206,
            0.5015250421528965,
            0.6721923618014577,
            0.8295446698614966,
            -0.3114796494579912,
            -0.392582048025106,
            0.702722521371661,
            0.7301810974316428,
            -0.14863607577305915,
            -0.0025385132179968125,
            0.65290362797336,
            0.6250646951189398,
            0.9614096234612232,
            0.725511811972372,
            1.01567402297464,
            -0.2914148130090073,
            -0.5254425910812863,
            0.20282150385060999,
            0.8115871727964569,
            0.9045770648408312,
            0.8441393330357402,
            0.16209583135523153,
            0.18555275865187032,
            0.8604666050970878,
            0.6401419975186957,
            0.4240358827969067,
            0.9001048533262602,
            0.6595760422095934,
            -0.36093383356351716,
            0.7139756741306614,
            0.17688680605617677,
            0.886180687857055,
            0.033395947437839156,
            -0.07045519992901653,
            0.6319124678784469,
            0.6576647113200671,
            -0.6438839408298581,
            0.7612765521539683,
            0.4475888448023787,
            -0.6708662397420853,
            0.08436144037262723,
            0.1680516928525352,
            -0.10089872746119344,
            -0.13682186095421592,
            -0.4907872136112931,
            0.7268349708829217,
            0.7845893577478157,
            1.0509371227548732,
            1.1017719293945674,
            0.854995737349781,
            0.9363853163617427,
            -0.6436321080671472,
            0.8975688896309064,
            -0.14958644034425642,
            0.45164569188051035,
            -0.8731547523994734,
            0.7490012106182669,
            0.5465773871206402,
            0.715185050698274,
            0.059939878741629087,
            0.8287286438629212,
            0.5069825615115262,
            0.7484072881767165,
            -0.6822094383578103,
            0.5058136182615826,
            0.7759656454022643,
            0.976246261392357,
            0.06373181291175423,
            0.738889712005365,
            0.4918936928481694,
            -0.6305863707324556,
            0.2599568800272559,
            -0.35961060551766816,
            0.36535472807647495,
            0.5507493837498146,
            -0.3672590525731134,
            0.884968654313878,
            -0.228743315389532,
            0.5880599216812733,
            -0.08277952472185385,
            0.8183347672966188,
            0.700543203586595,
            1.0029233818236702,
            0.8867912138414816
        ],
        [
            0.35383847142458236,
            -0.24558392293711656,
            -0.1373606956935053,
            -0.15670363517999908,
            -0.3062714171544213,
            -0.7751296445151918,
            -0.5675852738337914,
            -0.7255843611361159,
            -0.6643041808794689,
            1.249016852062764,
            -0.9470114760895806,
            -0.6983381630885713,
            -0.7407973958798314,
            -0.6946862792058206,
            -0.7284612901516995,
            -0.5932798719491812,
            0.39919876437419893,
            -0.49529847153896384,
            -0.5391496682370533,
            -0.7968891846624991,
            0.2227557909091006,
            0.7093873319550139,
            -0.2808249436799324,
            -0.8498068398966975,
            0.47211637538453305,
            0.33058115619764444,
            -0.7315017455932862,
            -0.5421569560763383,
            -0.7429445195002164,
            -0.45208917879927984,
            -0.734404502509739,
            0.2653574324082938,
            0.25749612539841615,
            -0.17637986780902756,
            -0.18368813333143882,
            -0.7871959136546643,
            -0.6390137021691715,
            -0.19897920333568897,
            0.0789164554530517,
            -0.6729761234286367,
            -0.6458516738826806,
            -0.13749681167170658,
            -0.7188387902689275,
            -0.29075417948505083,
            0.2663005270420232,
            -0.7177341898490996,
            0.15505206436489957,
            -0.677305234194261,
            0.32810122119238144,
            -0.1807334863627606,
            -0.7460907315668803,
            -0.7028630088271361,
            0.34467306276353155,
            -0.6608641950188642,
            -0.12218982582814687,
            0.1802537479996697,
            -0.3199069309089489,
            -0.29043122798911913,
            0.11581595492815813,
            0.3765995272529089,
            -0.06200118251297908,
            -0.7580292600616831,
            -0.5706265157567677,
            -0.7356696561630972,
            -0.8099685520043058,
            -0.11145665565953555,
            -0.7689445515788352,
            0.35332862060038545,
            -0.6051555127421138,
            -0.12240481660845345,
            0.048451313059032164,
            0.9817711984982628,
            -0.5294313090711293,
            -0.23204164936602567,
            -0.7174516910474167,
            0.05165986334172029,
            -0.2688831879635628,
            -0.5852848266134919,
            -0.4571209741369087,
            0.4071426359911857,
            -0.6326181354267278,
            -0.6124590075299264,
            -0.6817104015872001,
            0.18346739418528635,
            -0.5997433431854238,
            -0.10688694426057666,
            0.5000538297201838,
            -0.3901724666616553,
            0.49766197968998555,
            -0.19608121406812778,
            -0.6035911366656098,
            0.06727436628639352,
            -0.4262172557246536,
            -0.029660389965591387,
            -0.6060376469692249,
            -0.13666542920474498,
            -0.8026810471770808,
            -0.08196413921800391,
            -0.5103329530791818,
            -0.7150675678439049
        ],
        [
            -0.4092524392918867,
            -0.05664927591865573,
            0.09645249128556997,
            0.38202757471574716,
            0.5444927457381145,
            0.9202409967736317,
            0.9113799812054215,
            0.8476941566832543,
            0.7307141071594676,
            -0.9470114760895806,
            1.3532664666971086,
            0.8289692669671943,
            1.1170568743539027,
            0.7489210639116866,
            1.110235951421383,
            0.8039029414790676,
            -0.5497352676992894,
            0.7677914125863854,
            0.7706393205560155,
            0.9417773755039786,
            -0.16824070679991776,
            -0.9251850308250278,
            0.3102649154426068,
            1.0576449577331717,
            -0.5378773743497353,
            -0.32933646569373476,
            0.9477840972637642,
            0.5917378455306553,
            0.8804267130104363,
            0.9475240405523021,
            1.0343716415793152,
            -0.6163955736565804,
            -0.36777616866579493,
            0.3150291389271784,
            0.32875783834712646,
            0.9132298105888478,
            0.7190764434875428,
            0.5003323869193537,
            -0.04663948300381896,
            1.025789983869867,
            0.62429805208852,
            0.3992512677457065,
            1.181563386326868,
            0.39837503597806034,
            -0.4215857783471729,
            0.8292574942301977,
            -0.165379206618988,
            0.893651657045697,
            -0.3225864555222208,
            0.038342984087826146,
            0.8499434606311917,
            0.8938813648807739,
            -0.8155999989879037,
            0.6944732353816461,
            -0.039218809572108666,
            -0.34782984576961873,
            0.1119148613818748,
            0.11775675584191281,
            0.10944289142208449,
            0.091152597642939,
            -0.12901457871996427,
            0.921629173298079,
            0.8794211978864873,
            1.0424277480186395,
            0.9863329216368728,
            0.013965754852325759,
            1.0506303944124487,
            -0.44537117534697357,
            0.8039508195308757,
            0.08268605256356183,
            0.19369555592341137,
            -0.8663667225466158,
            0.8261098890318999,
            0.34683476863995444,
            0.9258461433879955,
            -0.30773606827543054,
            0.5239880314060709,
            0.47490200267469024,
            0.5524987669721503,
            -0.6991803035249616,
            0.8225278147437529,
            0.8521738598444679,
            0.8190063000561905,
            -0.26976283460421424,
            0.7954580855207405,
            0.2230778518522727,
            -0.5222193034229521,
            0.6604991999206218,
            -0.492569671291412,
            0.20273202507546312,
            0.9695015483491284,
            0.020625030598428865,
            0.1728836315981952,
            -0.44038129435802614,
            0.901864308500906,
            0.26271051910492893,
            1.0218219231549788,
            -0.08436301849579819,
            0.3385086650706978,
            0.9992614902483531
        ],
        [
            0.3006514736707042,
            -0.014877440220520174,
            0.1681778145711303,
            -0.045910570815277975,
            0.10751546074435576,
            0.8490831481210348,
            0.3986091412668614,
            0.5098492472720993,
            0.656196844351003,
            -0.6983381630885713,
            0.8289692669671943,
            1.537335600812996,
            0.6803292986342893,
            0.6649633155986635,
            0.6150134129617322,
            0.6846686009165012,
            -0.10060205314527061,
            0.622505279948546,
            0.5452632328511753,
            0.8866922879183099,
            -0.33161816634575536,
            -0.6190201015566655,
            0.1575282927919194,
            1.131353387467542,
            -0.12039290103035417,
            0.00036705753545219973,
            0.4826466807269995,
            0.6395445558717305,
            0.6712949362911068,
            0.6166784495353138,
            0.6670809976658626,
            -0.014466677164561636,
            -0.4455055268874582,
            0.34745025438903443,
            0.35971236001603774,
            0.5406855354729435,
            0.6512012784556629,
            0.41923103335584433,
            -0.13334927876711558,
            0.7504225756508559,
            0.47205504297591805,
            0.6105127070443385,
            0.7329037936143041,
            0.2818873642450611,
            0.1994738738317546,
            0.5374541243833018,
            0.09117582506704502,
            0.6902970251996999,
            0.0645908423084156,
            0.31915629277877183,
            0.35388945743681777,
            0.4032569237255673,
            -0.3573176157994666,
            0.44357719079494323,
            0.29411413637965766,
            -0.08781071427761866,
            0.3713995060598683,
            0.3906806159081683,
            -0.1300748747311839,
            0.05314433590378149,
            -0.6865590808979414,
            0.6191123588214404,
            0.6546527709478306,
            0.6123398369715012,
            0.778169844643063,
            0.18712057190912132,
            0.6975052066956046,
            -0.4150127531601732,
            0.40605666661703776,
            -0.08890991652783517,
            0.17174473102232918,
            -0.19939748971463706,
            0.5186057778648377,
            0.5184719865593179,
            0.6709263421174056,
            -0.18031287888755165,
            0.6074239020728969,
            0.4558704202055011,
            0.7873326973115401,
            -0.48031052615596126,
            0.4137735374868468,
            0.5085558133004593,
            0.4816760731946039,
            0.01394740605500223,
            0.8058794493855752,
            0.24837176021798643,
            -0.505415161417784,
            0.24739936367215612,
            -0.4171201278471134,
            0.08069358317565009,
            0.6607480971303602,
            -0.21183074570944482,
            -0.013594355891429941,
            -0.26942565875856656,
            0.5640060092999929,
            0.6435468229039981,
            0.46576063419499336,
            0.33306233155113774,
            0.2830610050479889,
            0.7334813906451958
        ],
        [
            -0.44591112564872615,
            0.08636027266415842,
            -0.012308133178455527,
            0.33618482133670086,
            0.5932241875735877,
            0.9891985937500744,
            0.9148393286365728,
            0.8599522894845113,
            0.8188771746050034,
            -0.7407973958798314,
            1.1170568743539027,
            0.6803292986342893,
            1.1282194692495888,
