{
    "fast": [
        [
            1.2474889353250467,
            0.00739255954408922,
            0.27908412207045025,
            -0.1644749933575628,
            0.024084810694943212,
            -0.36856651880773605,
            -0.5848155599473569,
            0.146842439447486,
            -0.14357594385861375,
            0.06387312008211213,
            -0.21323808387490586,
            0.24466866917644217,
            0.012795298842417051,
            0.3287572299369598,
            -0.3095198714314355,
            0.4020994494342938,
            0.14206328981775576,
            -0.041054115354936235,
            0.1397890984858319,
            0.24674582366669398,
            0.196276443108264,
            0.18730955016127362,
            -0.12656185624085797,
            0.08908486794987899,
            0.2859875413840678,
            0.16400424523117146,
            0.00445426431201184,
            -0.05300792106558302,
            -0.3749815772854177,
            -0.09528306680659795,
            0.36718137566889725,
            0.006168976076258788,
            0.2626989494464425,
            0.12569991867993502,
            0.4894707445108475,
            -0.35428008184500426,
            -0.15194942176534812,
            -0.08473010010727419,
            -0.13316211397861594,
            0.46978841466529636,
            -0.24681221963502756,
            0.4858236404548816,
            0.1066635433438821,
            0.06213379224636089,
            -0.17501613985082975,
            0.3075513325213957,
            -0.19603131379359184,
            0.011282170199204208,
            0.5367387445419927,
            -0.29722604312623097,
            0.1374655868153517,
            0.8174267659270139,
            0.36574397058555586,
            -0.21423520408510102,
            0.6936232757240461,
            0.32249794646123037,
            0.34958109284836214,
            0.16126782946160542,
            0.6590337962813992,
            0.05880183099636277,
            -0.5127710658058994,
            0.19292628540068862,
            0.17391566822088902,
            -0.23454635745967414,
            0.008995036565340125,
            0.14346939225030356,
            -0.27422316377363903,
            -0.27525202753850375,
            0.060726886453626464,
            -0.03379828912822855,
            -0.1905258159966874,
            0.8686223865289742,
            -0.1519449710021755,
            -0.16430716131117873,
            -0.2964972106512939,
            -0.4177152219151506,
            0.3555261952224569,
            0.1305632223534696,
            -0.09706731775379031,
            0.05135326175772179,
            0.45589179637687144,
            0.11869889823169541,
            0.11515156732169173,
            0.3952175998328808,
            -0.6867434866962292,
            0.13593790702434436,
            -0.02161435007456091,
            -0.07680939926121695,
            0.26360670781838363,
            0.2980803663126915,
            0.15004820969934063,
            -0.1883340254895879,
            -0.24561430878159898,
            0.36026755588331283,
            0.09838969529389124,
            0.057476843598085345,
            0.22264254960959587,
            0.0024196269978651853,
            -0.06776325735751669,
            -0.0020037130254162215
        ],
        [
            0.00739255954408922,
            1.281476756257651,
            0.456591365658923,
            0.3328473741945785,
            -0.6712873250145367,
            0.22197778723942496,
            -0.39579995204176127,
            0.18840685232687537,
            0.4592714805866127,
            0.0716903647283917,
            0.06665076565069458,
            -0.6481511399223808,
            0.38340480324964255,
            -0.2558485594396102,
            0.05488537321738184,
            0.5891893783153633,
            0.8163519691616363,
            -0.7390320188708295,
            0.4451430110878175,
            0.005562572506261591,
            -0.6524670059794292,
            -0.30393845050324236,
            -0.5690742353822746,
            0.6198101684032871,
            -0.5556610025012114,
            0.2988120177588726,
            0.22569373765961598,
            0.5351156866605472,
            0.14768275825701277,
            -0.2667538782429272,
            -0.738919245861642,
            0.17090888018779185,
            -0.6315819927226916,
            0.3115646660320985,
            0.0008790621614643767,
            0.44753357353613743,
            0.1571051034873009,
            -0.566245136621365,
            -0.05233507051103796,
            -0.4154317255736963,
            0.5293380921536769,
            -0.00762887838376422,
            -0.4987197982156989,
            0.05550394022343995,
            -0.22842147632243892,
            -0.16247220880129196,
            0.2844969544625411,
            0.438365730945516,
            -0.38318274463343566,
            0.9724999198693857,
            -0.39084757707005363,
            0.05109908665508004,
            -0.6430257740483881,
            0.6607727517949321,
            -0.04858110724819419,
            -0.5873248552760677,
            -0.3298955399262661,
            -0.6441596693036962,
            -0.024057236969903643,
            0.0598941506611787,
            0.31166493955945007,
            0.6453308268956695,
            -0.5865806627642146,
            0.10661711905305545,
            -0.5265473269436904,
            -0.5915692617426084,
            0.04177466052615571,
            -0.23322069881550456,
            0.025053399661835635,
            0.5258896366948307,
            0.4309107160949539,
            0.09509987365229679,
            0.478761306973333,
            -0.3896846097126198,
            -0.3407779780448922,
            0.45922150562243713,
            -0.0431161833403409,
            -0.17190170738366584,
            0.013945103596029984,
            -0.6473046966998187,
            0.8808389064800807,
            -0.6402405587810444,
            0.6210328551201996,
            0.185694119545001,
            -0.24426780755928634,
            0.012630838647797439,
            0.059042365682474285,
            -0.5375245812200993,
            -0.5340204382068845,
            -0.5859529563529768,
            -0.05287115996091743,
            0.17087392607512206,
            0.4980029331154684,
            0.3115525356280267,
            -0.6566976434132525,
            0.7995365490704026,
            0.6543834943304565,
            0.7267111616957627,
            -0.20322867519809693,
            -0.32014429459231114
        ],
        [
            0.27908412207045025,
            0.456591365658923,
            1.0816662473683436,
            0.6532139679935688,
            -0.6243334334375621,
            -0.045889437742103516,
            -0.3959562035045491,
            0.09459004067728312,
            0.19007777393345915,
            0.043836998277701614,
            0.131670049826876,
            -0.1289340631843684,
            0.4201991696651082,
            -0.612719697693978,
            0.6813247035297255,
            0.5496450498803404,
            0.5349579625528388,
            -0.7573329291724096,
            0.3134819344377187,
            0.322061607849383,
            -0.6236739307233232,
            -0.44054063053899706,
            -0.3455457376807663,
            0.438288193095868,
            -0.6129771244496254,
            0.305775827087223,
            0.2720133357605698,
            0.28815454168691146,
            0.026301957456017717,
            -0.3481481765661886,
            -0.7425829622117823,
            0.019264463214790445,
            -0.6234564269075605,
            0.3757895771780776,
            0.1236343014113999,
            0.1852561950396185,
            0.16622751971797917,
            -0.5515881004150902,
            -0.033586007301911074,
            -0.44341860548152034,
            0.33410375321618596,
            0.024021386781398806,
            -0.4654167493302042,
            -0.08884927260091306,
            -0.5354486969406428,
            0.3931397674901539,
            0.017438217914554965,
            0.12813227251069462,
            -0.3119303875127287,
            0.4309691966720715,
            -0.40401412691050304,
            0.7745060573152667,
            -0.5737212935337616,
            0.19454949846240485,
            0.41862215082240184,
            -0.6507544937753195,
            -0.11739169283101267,
            -0.5606891190963651,
            0.7844109323170441,
            0.45381487973342,
            0.2527639136708412,
            0.45819613209047366,
            -0.5645380276300258,
            -0.43096680839839613,
            -0.6322861187573391,
            -0.64305303147272,
            0.06085383199549359,
            -0.593351537938765,
            0.3508600102260963,
            0.09702716548639466,
            0.17858103508070858,
            0.3240526823114369,
            0.40764538465176653,
            -0.4077027908297258,
            0.36965161050006734,
            0.5339517816860082,
            0.5884832783602642,
            -0.06985034437039933,
            0.1427576225455738,
            -0.46011751807196555,
            0.738983037701163,
            -0.579629597678489,
            0.20888002297780053,
            0.6706811136561388,
            -0.7736030237497884,
            -0.2110754712613965,
            0.015747564653113204,
            -0.4843321521512493,
            -0.3532240214021458,
            -0.4170193987723872,
            -0.06397013377452714,
            0.2263079232149988,
            0.6775746296622407,
            0.46588252510873646,
            -0.660512162145621,
            0.09020454709183466,
            0.516776986223992,
            0.09176891411536317,
            -0.12409078026307611,
            -0.4407674059779451
        ],
        [
            -0.1644749933575628,
            0.3328473741945785,
            0.6532139679935688,
            1.3107634400841228,
            -0.5769606181516111,
            -0.08610397927940719,
            -0.3195726794777881,
            -0.11152117660179757,
            0.5387287440609905,
            -0.35128488406386965,
            0.300599824117561,
            -0.456703603027142,
            0.3851908370634318,
            -0.39781169271825634,
            0.6156506131935354,
            0.15222781362042612,
            0.5846285357177824,
            -0.7891752309674757,
            0.6621006595698514,
            0.15043658489730588,
            -0.7852779919608293,
            -0.6152254407768871,
            -0.19149657695549027,
            0.4041281910156368,
            -0.8221109184443005,
            -0.05223198829677641,
            0.3425649058421078,
            0.720588452062274,
            0.1921346655118769,
            -0.27398552120684844,
            -0.6022745860091633,
            0.2107942039193674,
            -0.6806748404398532,
            -0.06153313429815687,
            0.04576745576390833,
            0.622302626151527,
            0.1360710377880514,
            -0.6659029076486637,
            0.08583036491575304,
            -0.790468634142321,
            0.46912484621535183,
            0.06517351246133732,
            -0.6014524528935419,
            -0.19464632772899276,
            -0.47967715816675927,
            -0.12012236259755797,
            -0.3902378591265571,
            0.21959636832708504,
            -0.5052518092679096,
            0.4848195536539509,
            -0.47407462241925563,
            0.25761640028008526,
            -0.6284597773381809,
            0.3558168333484607,
            -0.004214936503726081,
            -0.6894428663524551,
            -0.2350336521910838,
            -0.5711007220878335,
            0.19910755960961718,
            0.7194084712258879,
            0.5604668884721021,
            0.24534112759846813,
            -0.6494447804046978,
            -0.588665976759242,
            -0.6305845439298915,
            -0.680255920303092,
            -0.26161368668203167,
            -0.5294564938242972,
            0.4528613988612295,
            0.33359327010529155,
            0.7398330284319977,
            0.028590085102007237,
            0.2891308024480602,
            -0.7947112011079712,
            0.41745560361349626,
            0.6001763319605821,
            0.17554904697319,
            -0.1069593514857851,
            0.10141280708420555,
            -0.637153272366262,
            0.31590022583420163,
            -0.617145733257451,
            0.4575612251230716,
            0.2615013513050638,
            -0.6598894645577188,
            0.015540827510046028,
            0.038652259401643546,
            -0.5728703611228163,
            -0.49787227458712163,
            -0.5992952958853469,
            -0.08224028043756869,
            0.12420295082467182,
            0.7260532895687589,
            0.2548620069561823,
            -0.8226685689334198,
            -0.2217349870257007,
            0.09404894926861897,
            -0.04070858824234824,
            -0.46461192490082887,
            -0.38365319621570915
        ],
        [
            0.024084810694943212,
            -0.6712873250145367,
            -0.6243334334375621,
            -0.5769606181516111,
            1.1779708645534106,
            -0.1407478074983448,
            -0.057876229086001,
            -0.11221816915446885,
            -0.1512014486055587,
            0.2950757488995318,
            -0.6568839314688564,
            0.8220766263870041,
            -0.6381515810061901,
            0.6188819391397118,
            -0.7723189547202832,
            -0.3047727699277555,
            -0.7619190402254482,
            1.1005993052465588,
            -0.5673288429841077,
            -0.05818207381954783,
            1.1478792959794881,
            0.9275942553390608,
            0.9411160758323222,
            -0.7300593902270146,
            0.9404800905180963,
            -0.43324720241330894,
            -0.10506984772229833,
            -0.5259177260724927,
            -0.4663590933950873,
            0.3860752200217194,
            1.0364484107588254,
            -0.20186768894228138,
            1.1026651270199086,
            0.11224471013581132,
            0.027496189250102707,
            -0.8765929886260416,
            -0.4297035282927197,
            1.0052481920826215,
            -0.08415596295207865,
            0.7506640884847497,
            -0.7661808584159427,
            0.18668043888106775,
            1.0824553138644188,
            0.06567215065336958,
            0.7197627316576825,
            0.07004350904393677,
            -0.12219029755350637,
            -0.10162396221611578,
            0.9246566776168585,
            -0.7989127462662333,
            0.6570866134881836,
            -0.21448037042808205,
            0.9883347909969113,
            -0.4649131038126571,
            0.266931588160542,
            0.9152498331772432,
            0.9078084505107707,
            1.000628797202786,
            -0.0022015764306447306,
            -0.1713642499007483,
            -0.20474778262090162,
            -0.16547496786924518,
            1.1316272766955826,
            -0.1427623133374452,
            1.0727182102512993,
            1.2068764416847295,
            0.19082371022062683,
            0.24395488969979873,
            -0.10541203279535334,
            -0.4958144025153125,
            0.11674471980886607,
            -0.09960326403591228,
            -0.19796791674177047,
            0.7075998999991457,
            -0.37396348279840314,
            -0.8629181495138767,
            -0.05155959765762407,
            0.29073594836568284,
            -0.23887738236783748,
            1.0785403206615325,
            -0.629489622279318,
            1.0387871770173918,
            -0.44969886883602683,
            -0.4941877949307918,
            0.2100748105648634,
            0.07025753858916321,
            -0.13006320736574237,
            1.067241572534493,
            0.9764978235356866,
            0.47156830970806085,
            -0.20030941312627532,
            -0.625664108228376,
            -0.7954596673641944,
            -0.3017594751311697,
            0.9620217844276694,
            -0.502509139039606,
            -0.5490231816332881,
            -0.5761451001980235,
            0.11597953656289546,
            0.4799811886575557
        ],
        [
            -0.36856651880773605,
            0.22197778723942496,
            -0.045889437742103516,
            -0.08610397927940719,
            -0.1407478074983448,
            1.4570940093271347,
            0.012293351974686523,
            0.38827064709678116,
            0.6310015448273661,
            0.3989484369479634,
            0.17334909528370845,
            -0.12097065262635805,
            0.07933670504716911,
            -0.11959898218109717,
            0.3889805716236156,
            -0.14205646349633805,
            0.19847924542059261,
            -0.17472726762655955,
            -0.47501736785045384,
            -0.09348295030817824,
            -0.19122820209022345,
            0.0015914970927951328,
            -0.17947605485849025,
            0.22658610754222497,
            -0.04038548244653537,
            0.253557245061111,
            0.15782519430980826,
            0.049120610207273326,
            0.23105870622064206,
            0.0983302183369539,
            -0.5426059164832348,
            0.20580508767607478,
            -0.15391232288532578,
            0.6392674931384847,
            0.11819396023462017,
            0.073594345829168,
            0.21669780304835734,
            -0.07637737682305513,
            -0.23967880886976758,
            -0.006010808068518827,
            0.1723940730537172,
            -0.2620555297671961,
            -0.12002397592701347,
            0.1028756408676095,
            -0.08984434254838462,
            -0.3211273438046607,
            0.41004720331120853,
            0.19748147171082295,
            -0.2474884060073007,
            0.530572684167853,
            -0.16463915204419396,
            -0.6171256275367192,
            -0.28100506134053305,
            0.4020413364499676,
            -0.011616685029209282,
            -0.15363111305074423,
            -0.33754293488721354,
            -0.35211698681897685,
            -0.41696837664912734,
            0.17000396136035628,
            -0.16808266538926864,
            -0.05530470549570877,
            -0.020956223876112817,
            0.3926894931961268,
            0.02227537976580356,
            -0.05742631995077636,
            -0.5491419723406123,
            0.053375866442478215,
            0.6594962951440471,
            0.41337612645562133,
            0.14304113946805194,
            -0.20739697591385936,
            0.1390109145656771,
            0.1410135337626222,
            0.0629731136337825,
            0.5666152796272994,
            -0.2445940546370483,
            -0.002677689151714918,
            -0.25464286645665657,
            -0.07969667035093615,
            0.2305667909914334,
            -0.14392292216368405,
            -0.18487126283055907,
            0.47500936566878094,
            0.22510540306537374,
            -0.21258265894454678,
            0.12364403110635215,
            -0.2298774582159234,
            -0.26434103347597165,
            0.028771335910626875,
            0.08693146195046476,
            0.20702912331247908,
            0.3019505930570077,
            0.17283943834879448,
            -0.1513448416341514,
            -0.14150698466861378,
            0.3691968388758931,
            0.2637748838757221,
            0.28562973350757553,
            0.023708689928657104
        ],
        [
            -0.5848155599473569,
            -0.39579995204176127,
            -0.3959562035045491,
            -0.3195726794777881,
            -0.057876229086001,
            0.012293351974686523,
            0.8512530532812185,
            -0.14863122342559185,
            -0.42721444105543244,
            -0.2873161306730964,
            0.35536468485791173,
            -0.23941985237933927,
            -0.037127898873933834,
            -0.06748595954699187,
            0.1796467945224256,
            -0.5279885767918292,
            -0.19095108876950168,
            0.23290233233904553,
            -0.2820760311545884,
            -0.13070269982637084,
            0.08969418827964128,
            -0.17810787723865618,
            0.03587304417439137,
            -0.15687538927383976,
            0.056702837877843665,
            -0.24364804051985,
            -0.11968933575921602,
            -0.2769271993492716,
            0.12042894642872523,
            0.2427614168956243,
            0.02611470832521082,
            0.01180094381415623,
            -0.06437509404497081,
            -0.5499953948263985,
            -0.32106938502524335,
            0.13501026935142013,
            0.10366629720343497,
            -0.00534511745920694,
            0.09533982950555436,
            0.08439519724306303,
            0.016691289559147792,
            -0.2608002594204735,
            -0.1450117828156013,
            0.04911925964037974,
            0.12789823660324123,
            -0.2330875671231121,
            0.09653704747408813,
            -0.19845996411049682,
            -0.3396074411943457,
            -0.1576558513048989,
            0.033331679477010004,
            -0.398922174754874,
            -0.07381758222208773,
            -0.1316073913428015,
            -0.5095833928742554,
            -0.08228601030300844,
            -0.41033332314426796,
            0.037575044134577545,
            -0.4584229805753062,
            -0.22197807028436523,
            -0.08495147839201425,
            -0.3585218375170606,
            -0.04182167448271835,
            0.3409660156013414,
            -0.011725702115546445,
            -0.09800901883233568,
            0.253379969697734,
            0.5399779261702613,
            -0.40532122427583045,
            -0.12015252784972204,
            -0.588894685197839,
            -0.36591151462780497,
            -0.15788698110621538,
            0.1344766034774742,
            0.17159091797094214,
            0.03489647960157033,
            -0.27771753494748325,
            -0.1091455214197319,
            0.16258676580707682,
            0.028905053975739534,
            -0.3644538198062154,
            0.05732594632084085,
            -0.08998273646231052,
            -0.3033497370169285,
            0.8223162738197517,
            -0.14090713028276622,
            0.12181852543536491,
            0.012271724471444034,
            -0.08195380128001804,
            0.320657852062996,
            0.2004335866992927,
            0.32544069066299786,
            -0.05857338400800872,
            -0.2711862207966397,
            0.3243169455088055,
            -0.08055465522572955,
            -0.22521153284859044,
            -0.11912678981495528,
            0.12345435499809054,
            0.18248576509063275
        ],
        [
            0.146842439447486,
            0.18840685232687537,
            0.09459004067728312,
            -0.11152117660179757,
            -0.11221816915446885,
            0.38827064709678116,
            -0.14863122342559185,
            0.7984942799029172,
            0.46135846750346016,
            0.32518022365528115,
            -0.12698455623363905,
            -0.19754233496196758,
            0.00466099223541273,
            -0.15163608946793705,
            -0.17902433687229496,
            0.30194882044468346,
            0.15662406086928168,
            -0.23166787406150224,
            0.036007837318280604,
            0.4330748425665832,
            -0.040324282095418,
            0.000638714466163174,
            -0.4602509180331182,
            0.404278873155289,
            0.15550107227447293,
            0.3282584017501571,
            0.4503439290203226,
            0.07578401197437118,
            0.31269174819124806,
            -0.17039844259611933,
            -0.06603761917175058,
            -0.006789955790500836,
            -0.0632556566211548,
            0.2900019361761225,
            0.1253287549803852,
            -0.19614100709313886,
            -0.06545552774779743,
            -0.04751520932280655,
            -0.31553886828901506,
            0.22540323717403218,
            -0.01809024382738348,
            0.17366004383371575,
            0.016722691668888044,
            -0.010051275060197276,
            -0.28873160769114803,
            0.25617179904178694,
            0.5094024031867329,
            0.28036891089343924,
            -0.0007942144605795848,
            0.48828323153418635,
            0.1279477013749554,
            0.013390513542226425,
            -0.009044892414705994,
            0.08126591950816242,
            0.3191842177624846,
            -0.09129328047204276,
            0.02610726614848097,
            -0.14410107707897798,
            0.02871567381406051,
            -0.31426695640008706,
            0.154170583269774,
            0.2719968135960859,
            -0.06752816279811791,
            0.4347416640454391,
            -0.0571269541166457,
            -0.1001790792525955,
            -0.472392138860746,
            -0.021872514374543163,
            0.3147908240160743,
            0.03745292948847935,
            -0.1026034822662309,
            0.10453615400098362,
            0.5622014967995568,
            -0.026209180313414036,
            -0.34367763662223116,
            0.17533058188753498,
            0.04954582407978055,
            0.2487751283639262,
            -0.2627508304657372,
            0.01700172377190206,
            0.3039554057260173,
            -0.13745846970037517,
            -0.22649875839579958,
            0.329080670850468,
            -0.22631078222161172,
            0.06695424937666723,
            0.03429851691010997,
            -0.16708608610010306,
            -0.19179370663977327,
            -0.010858154467442,
            -0.20314299154383483,
            -0.22937920754961713,
            0.05327593885897602,
            0.08014998304577607,
            -0.06467135746442075,
            0.027480042636503818,
            0.20500599507374626,
            0.10608637170066015,
            -0.12128983848683621,
            -0.22975772643557066
        ],
        [
            -0.14357594385861375,
            0.4592714805866127,
            0.19007777393345915,
            0.5387287440609905,
            -0.1512014486055587,
            0.6310015448273661,
            -0.42721444105543244,
            0.46135846750346016,
            1.2897299916735414,
            0.15469350633572296,
            0.08088358600648657,
            -0.4999086200570183,
            0.1701196596842955,
            -0.2036337858345519,
            0.2827489680860499,
            0.07922220803625604,
            0.558473888236614,
            -0.43625630310849056,
            0.37310886025742496,
            0.14822269290816792,
            -0.3519732660597229,
            -0.34843723043672076,
            -0.3067766755706135,
            0.5318024824359939,
            -0.49828258747116244,
            0.3085667288380781,
            0.6288708014950751,
            0.5836894235352007,
            0.4779604813571769,
            -0.20272028631659936,
            -0.181013722574874,
            -0.03421684394827628,
            -0.34538856093741777,
            0.3598090991504175,
            0.023096415875489627,
            0.09275478174371383,
            0.16644580808234044,
            -0.3639931731866876,
            -0.1497828904603818,
            -0.3292933118739163,
            0.49326318678852465,
            -0.04646707532315806,
            -0.21806200287857194,
            -0.16599269762977195,
            -0.3792842410016812,
            -0.12095424121732568,
            0.3891308837553539,
            0.38421925776498583,
            -0.14705997477712265,
            0.7152155102453165,
            -0.1390993234759896,
            -0.11606967930374165,
            -0.2268589865594639,
            0.40465552915050745,
            -0.08540925487182985,
            -0.3126430660081214,
            -0.015088191851668965,
            -0.4076273612425515,
            -0.504286149584288,
            -0.2664382335504478,
            0.569616504573776,
            -0.03741573763278567,
            -0.27041928902202117,
            0.10574119155793946,
            -0.11728084115362195,
            -0.23848708965060111,
            -0.40440759951966754,
            -0.40134319831168686,
            0.6418472467150605,
            0.36177041907888813,
            0.7375745021933978,
            -0.1647769068450107,
            0.6426286209448144,
            -0.3646983096597422,
            0.29453041419012954,
            0.5684346527045752,
            -0.2623729038569309,
            0.09495209738657545,
            -0.21197820076960838,
            -0.2265827491823122,
            0.43039486415750766,
            -0.3284807941587166,
            0.12977045773119023,
            0.37022565645944794,
            -0.375155598022045,
            0.04983944677877923,
            0.05102515146255595,
            -0.18924763880850304,
            -0.14418663477716379,
            -0.666218496063458,
            -0.040315240904290006,
            -0.00130074033079972,
            0.5741069477810191,
            -0.10892886404365998,
            -0.34373746111480397,
            -0.20657489377390648,
            0.20620380276229325,
            0.1737941220433017,
            -0.26732505657229527,
            -0.4363291108910368
        ],
        [
            0.06387312008211213,
            0.0716903647283917,
            0.043836998277701614,
            -0.35128488406386965,
            0.2950757488995318,
            0.3989484369479634,
            -0.2873161306730964,
            0.32518022365528115,
            0.15469350633572296,
            0.7201498708378353,
            -0.23042034916996476,
            0.31426737257369974,
            -0.2304221494104182,
            0.008649657457837365,
            -0.39436134120195354,
            0.30869382676243745,
            -0.3404442690228216,
            0.2793014084112333,
            -0.25204365507868887,
            0.1276406759148146,
            0.2416790577975669,
            0.4158267685353501,
            0.13187689546594303,
            -0.06011374770280629,
            0.2909260042710154,
            0.4116217787554701,
            -0.11742378959088885,
            -0.31489188038645305,
            -0.13554402059109502,
            0.10094813927900666,
            0.057496658555073306,
            -0.07356599039898043,
            0.2474137043829551,
            0.8716354052205455,
            0.19146507054860035,
            -0.3351715369437529,
            -0.13325058994346728,
            0.3575152643816689,
            -0.11186622344421708,
            0.1967880353059326,
            -0.3444991039842999,
            -0.08645223910147397,
            0.38209763948033443,
            0.09618458571186776,
            0.03695563414967068,
            0.1513986811605173,
            0.43688456534365167,
            0.018056607394733484,
            0.21093801771236992,
            0.0077072409971696,
            0.05834217036627691,
            0.038295906851875686,
            0.13213534220274828,
            0.028012034286602146,
            0.3048311591136049,
            0.22320901109761895,
            0.25740813551260283,
            0.18464707425722726,
            0.3245284283765545,
            -0.03650476980717998,
            -0.14425671245485888,
            0.17931325856435795,
            0.3110823507040235,
            0.3734180649698193,
            0.27875129649655517,
            0.4332965808894182,
            -0.2799644014668636,
            -0.32485335027366885,
            0.11840569505224546,
            -0.08274804523527744,
            0.06692909087616407,
            -0.1906166326240456,
            0.06059899778417194,
            0.522124238985441,
            -0.3556880228058103,
            0.028504994061455187,
            0.15199954312494804,
            0.16603100418517666,
            -0.21188416620608755,
            0.24099644457476188,
            -0.1005339738328096,
            0.1551709180389154,
            -0.5097552369492347,
            0.009081865019850312,
            -0.18806533463775948,
            -0.22305470813706904,
            -0.045234667186524045,
            0.2642265777702348,
            0.17181007636956536,
            -0.10160106487243625,
            -0.170437562223139,
            -0.10844322788506543,
            -0.16635355227170595,
            -0.0247563042874195,
            0.011168993754646245,
            -0.03091648241014836,
            0.12593909427758262,
            0.17055760943125312,
            0.33537703358067467,
            0.15173404679961583
        ],
        [
            -0.21323808387490586,
            0.06665076565069458,
            0.131670049826876,
            0.300599824117561,
            -0.6568839314688564,
            0.17334909528370845,
            0.35536468485791173,
            -0.12698455623363905,
            0.08088358600648657,
            -0.23042034916996476,
            0.7984972620486128,
            -0.6822556189517733,
            0.3408870220580821,
            -0.2876865823432618,
            0.5499230377761345,
            -0.18076391459496813,
            0.3336754812602921,
            -0.3772251909385246,
            0.34806478349004205,
            -0.17079736583426966,
            -0.6599369900051605,
            -0.7213048572849251,
            -0.30157625216810835,
            0.3232819678100203,
            -0.686707750257123,
            0.3492355517265055,
            -0.12215208249414268,
            0.19454878502272466,
            0.24682863883189177,
            0.04574155290651527,
            -0.45524846586544926,
            0.1323973180505377,
            -0.6709948297214497,
            -0.1628288770275338,
            -0.006793823897058857,
            0.7159989327386971,
            0.3645994516384301,
            -0.7030499394124152,
            0.2199918006475552,
            -0.5468775196058424,
            0.44961393965786384,
            -0.3642926770135129,
            -0.7649517492731396,
            -0.016779033111054806,
            -0.406295787349336,
            -0.3722610449428451,
            0.1922180966566853,
            -0.11013820008501561,
            -0.7704979563242494,
            0.2517862922936671,
            -0.5181882932966813,
            0.07352622561907389,
            -0.6832169460603958,
            0.22010380323689585,
            -0.44598050510582793,
            -0.5988937790068466,
            -0.8130452056082178,
            -0.5862190851480427,
            -0.2507797456352336,
            0.06453557004918876,
            -0.15796433813651814,
            -0.32081736569693503,
            -0.6466678522323801,
            0.4276877393248677,
            -0.6098469834885517,
            -0.6552947327671547,
            -0.24260785515202732,
            -0.24219794504220393,
            -0.09694814924467365,
            0.29163084462123473,
            -0.2014891407289918,
            -0.29710537154833444,
            -0.2649734969212928,
            -0.332545781183589,
            0.47665576758612316,
            0.6362451750052185,
            -0.17833692715723995,
            -0.22055943762255303,
            0.2342260410195184,
            -0.7278925180267775,
            0.09541070762088959,
            -0.5803215632496432,
            0.10113831083132027,
            0.17539322077374495,
            0.14272214018842017,
            -0.2984714073094291,
            0.20286657788316162,
            -0.6389304117254477,
            -0.5253257785528129,
            -0.294807581940731,
            0.47537611975513033,
            0.7971510970986004,
            0.5559763739362468,
            -0.09520912302389349,
            -0.4707124251012221,
            -0.03132053371048174,
            0.1770607683094645,
            0.25746931156793257,
            0.04275130395373624,
            -0.047664839549013516
        ],
        [
            0.24466866917644217,
            -0.6481511399223808,
            -0.1289340631843684,
            -0.456703603027142,
            0.8220766263870041,
            -0.12097065262635805,
            -0.23941985237933927,
            -0.19754233496196758,
            -0.4999086200570183,
            0.31426737257369974,
            -0.6822556189517733,
            1.428294289537974,
            -0.4785004555989498,
            0.3596529299155675,
            -0.23603038903685364,
            0.019999863525923336,
            -0.7933684342643826,
            0.6953864816449918,
            -0.609862609724834,
            0.061044603096144394,
            0.747044084081131,
            0.8994458795975317,
            0.4365576832279066,
            -0.7685154210655215,
            0.8080843083012457,
            -0.439071108747306,
            -0.19593560619523717,
            -0.4964391901241355,
            -0.46480614717832996,
            0.17030922226321651,
            0.34260458539142274,
            -0.3242959571105479,
            0.8924102243423614,
            0.5275902957404879,
            0.0836381351036477,
            -0.9145599723606243,
            -0.2599656260335236,
            0.925505018181956,
            -0.1520782507710262,
            0.6160661293265421,
            -0.5929028301362655,
            0.237243300321426,
            0.9942918920389733,
            0.23964845601212267,
            0.648314657053294,
            0.5121863846850032,
            -0.40471258999599335,
            -0.3039155647029976,
            0.8031363722032578,
            -0.7451464573130587,
            0.5371575824172248,
            0.07627300503553675,
            0.7440431872732862,
            -0.46285951257617913,
            0.6834080276158255,
            0.8033045657610075,
            0.8351497337686169,
            0.8050538203891195,
            0.7519373281641556,
            0.09967661174103613,
            -0.18153864340858755,
            -0.007564349344853344,
            0.879993550029022,
            -0.6478622180137277,
            0.7719623373088441,
            0.9177204913621247,
            0.3647288526132855,
            -0.010583371218178513,
            0.28594446875019247,
            -0.5868620412432615,
            -0.021437927344916088,
            0.13850503153427432,
            -0.3189423457322679,
            0.6538637992518176,
            0.09276603613072958,
            -0.762539497503343,
            0.5575709518784977,
            0.3535748960036295,
            -0.18656649230645117,
            0.9437799739727017,
            -0.40245427921433524,
            0.7295255700867748,
            -0.5736574631470922,
            -0.08516362812462923,
            -0.22038793467393372,
            0.06179123337171626,
            -0.16537837651190884,
            0.8029920667344469,
            0.6688219338848217,
            0.4533317463015277,
            -0.4395943796097078,
            -0.7008081368255115,
            -0.6746522743209674,
            0.07132882645155833,
            0.4968624003033642,
            -0.2763274314430443,
            -0.33731210678826257,
            -0.5063210559690935,
            0.23998623871011507,
            0.3048877229854083
        ],
        [
            0.012795298842417051,
            0.38340480324964255,
            0.4201991696651082,
            0.3851908370634318,
