{
    "fast": [
        [
            1.321883199037862,
            0.00709231560074878,
            0.294906690436648,
            -0.1431057076234941,
            0.024807921673997722,
            -0.3483272675299385,
            -0.5028403962425951,
            0.15468081570254666,
            -0.15331839578866738,
            0.0963165037814747,
            -0.13934305198668978,
            0.23817446431923922,
            0.017326696072880364,
            0.44328541173474995,
            -0.32929967888526934,
            0.383367768027126,
            0.15296685280662684,
            -0.04574085066420714,
            0.12621375836541562,
            0.23135706465934425,
            0.2056126941273808,
            0.1851948732378313,
            -0.1267953362650061,
            0.09196633039300676,
            0.2780004108743602,
            0.1648989825305875,
            0.004762290289767844,
            -0.04658785262991193,
            -0.42491530746323725,
            -0.06900925950067226,
            0.3259880507573674,
            0.00866114930297571,
            0.2875138024933935,
            0.08510543559527553,
            0.448520464130711,
            -0.376481069101169,
            -0.27924094727132903,
            -0.08317483790565985,
            -0.15141681127297982,
            0.3817317703187298,
            -0.23270097862414993,
            0.5478201008484966,
            0.11118238523824632,
            0.0645884295031752,
            -0.1519835410550166,
            0.361055208641204,
            -0.08107222062562142,
            0.010054501138870938,
            0.5681412935451841,
            -0.2961617075055228,
            0.1770784480186778,
            0.8875083383634957,
            0.3656481870511215,
            -0.27725844885261625,
            0.7427904960027358,
            0.27983588304157037,
            0.3408591315474643,
            0.1851677119348406,
            0.679554197855933,
            0.05602541733589815,
            -0.4369506029535322,
            0.20574772214938822,
            0.1747505017822986,
            -0.21634173192338432,
            0.009323658231985164,
            0.1451541124284396,
            -0.2456839124217362,
            -0.2803384977289477,
            0.06383069387630853,
            -0.045889810331753315,
            -0.18843284239894725,
            1.0950028432115426,
            -0.15354855447844312,
            -0.15781658909536586,
            -0.3016234170736216,
            -0.42579286581727505,
            0.4980437795275119,
            0.17929632408903723,
            -0.09311846104065476,
            0.05187783520677127,
            0.4513344694105546,
            0.13056730334126185,
            0.1039721544230681,
            0.4127778532282692,
            -0.691311050680428,
            0.1630419828164577,
            -0.0263841707388852,
            -0.06971493051336676,
            0.30399386297343717,
            0.3117016116215663,
            0.1730721096087413,
            -0.1376306737066168,
            -0.27320297558050394,
            0.3390717822746984,
            0.09915308426194673,
            0.05770022702171272,
            0.2558848530305173,
            0.0021057508555531916,
            -0.07086059327323813,
            -0.0022787568144275296
        ],
        [
            0.00709231560074878,
            1.1131169505615799,
            0.43683158485990553,
            0.2622038440584791,
            -0.6260260902516576,
            0.18994066379644353,
            -0.3081227882836146,
            0.17968772003039854,
            0.4440367400610602,
            0.097876900877049,
            0.0394332462789271,
            -0.5712549388230569,
            0.470066946942087,
            -0.3123402430683332,
            0.05286840811850897,
            0.5085970866776642,
            0.7958473047053304,
            -0.7454999778763206,
            0.363889727375586,
            0.004722212005747281,
            -0.6188382379356858,
            -0.2720768089731502,
            -0.5161859849105684,
            0.5793225788907104,
            -0.4890407884987239,
            0.27201809040233504,
            0.21847222448514086,
            0.42581057676449163,
            0.15151620409141225,
            -0.17491990133261628,
            -0.5939567962765823,
            0.21725206293355123,
            -0.6258452247042006,
            0.19098855491053116,
            0.0007293096355546735,
            0.43058497296229314,
            0.2614009642378914,
            -0.5032636578741527,
            -0.05387943958338276,
            -0.3056275532653806,
            0.4518575476703953,
            -0.007788554306325416,
            -0.4706666543027887,
            0.052238117710933334,
            -0.17959416957751456,
            -0.17269188400912708,
            0.1065273396041367,
            0.3537050967318661,
            -0.3672283444980171,
            0.8773410718256508,
            -0.4558437262029055,
            0.050231201544593304,
            -0.5820381762184671,
            0.7742530389301264,
            -0.04710282233932269,
            -0.46141495972644714,
            -0.2912327980567918,
            -0.6696500273832858,
            -0.022459443987236625,
            0.0516672685571356,
            0.24045489498143513,
            0.6231073671372601,
            -0.5336349982507574,
            0.08903799951280066,
            -0.49414871023578194,
            -0.5418917347304433,
            0.03388615967916876,
            -0.21505827035275352,
            0.023842514662696754,
            0.6464768828943525,
            0.38585746312562214,
            0.1085427973668882,
            0.43804152965195553,
            -0.3388802473646391,
            -0.31387216767182485,
            0.4238157950964987,
            -0.05468561068412945,
            -0.2137310194311011,
            0.012112152967394929,
            -0.5920513983446175,
            0.789532580059795,
            -0.6376285740962462,
            0.5076899981750892,
            0.17559619620664807,
            -0.2226291487363083,
            0.013716013309616784,
            0.06525320674022755,
            -0.4417195297595322,
            -0.5575747251437074,
            -0.5547601635655027,
            -0.05521434814842331,
            0.11305742400568491,
            0.5015341420976118,
            0.26548172282100574,
            -0.5991822112912707,
            0.7267077204974862,
            0.6809348940011206,
            0.572607768922928,
            -0.19241208125777362,
            -0.3296439175726318
        ],
        [
            0.294906690436648,
            0.43683158485990553,
            1.1398189958303477,
            0.566768437246288,
            -0.6412935223412205,
            -0.04324913689333097,
            -0.33950916949043386,
            0.09936270160249526,
            0.2024123651792816,
            0.06591989437320213,
            0.08580264246730271,
            -0.12516347793739788,
            0.5674317463551725,
            -0.8238783392567166,
            0.7228530582643381,
            0.5225857402181756,
            0.5744182585110703,
            -0.8414484124404831,
            0.2822533006265495,
            0.30113762963517704,
            -0.6515270502882842,
            -0.43435829936546805,
            -0.3452225055271264,
            0.4512090529669559,
            -0.5942041861854036,
            0.3065908232740384,
            0.2900168244411318,
            0.2525518220890451,
            0.029721699033151725,
            -0.25144840267396745,
            -0.6574445552393479,
            0.026971957546042428,
            -0.6804552741712014,
            0.253723181556991,
            0.11297637060416406,
            0.1963189680950644,
            0.30463239974542816,
            -0.5399608198245034,
            -0.038084206296573386,
            -0.3593048104164929,
            0.3141275465587219,
            0.02701161254707678,
            -0.4837880142847887,
            -0.09210301694291771,
            -0.4636918258605044,
            0.4602524341110604,
            0.007191870102803048,
            0.11387267563471927,
            -0.3292639701497749,
            0.428234242723124,
            -0.5189928607253529,
            0.8385742501039264,
            -0.5719793290837933,
            0.2510829272167881,
            0.4470519574251513,
            -0.5631015736638413,
            -0.11414515410547839,
            -0.6419966524294632,
            0.8065906194619018,
            0.431187436388863,
            0.21479146436971913,
            0.4872907506252977,
            -0.5656737675011018,
            -0.39641360302933365,
            -0.6535670907107304,
            -0.6487987311152322,
            0.05436928597660107,
            -0.6026392353194091,
            0.36776935518460174,
            0.13137357131629238,
            0.17612914252614523,
            0.4073736792450456,
            0.4108043628844678,
            -0.3905107201541991,
            0.3749990455560533,
            0.5427667500559289,
            0.8220971791567264,
            -0.09565599493706223,
            0.13656996040654196,
            -0.4635277041922777,
            0.7295655381349996,
            -0.6358159472209773,
            0.188077659745689,
            0.6985368226969841,
            -0.776587193849513,
            -0.2524583578016962,
            0.01916936750759499,
            -0.43837708734552927,
            -0.4062110241029156,
            -0.43486559608026154,
            -0.07358116239472279,
            0.1649222768058531,
            0.7515917659680924,
            0.4372562567155902,
            -0.663789757942791,
            0.09030382742845965,
            0.59228767158653,
            0.07964293805814525,
            -0.12940264135531684,
            -0.49987917759585127
        ],
        [
            -0.1431057076234941,
            0.2622038440584791,
            0.566768437246288,
            0.936444611447538,
            -0.48797099996488635,
            -0.06681831392008927,
            -0.22562207149483654,
            -0.09645903286904829,
            0.472371222638082,
            -0.43495340825315754,
            0.1612909376965121,
            -0.3650496805445025,
            0.42829397890411036,
            -0.4404396087449451,
            0.5378210357539384,
            0.11917271271971973,
            0.5168876679807011,
            -0.7219742069671112,
            0.4908605313544349,
            0.11582094875347035,
            -0.6754696934471923,
            -0.4994638064237125,
            -0.15752959508118278,
            0.34256639824717083,
            -0.6561897424496841,
            -0.04312212377920692,
            0.3007346348343796,
            0.5200198439593089,
            0.1787717417029758,
            -0.16293708816898725,
            -0.4390523153236906,
            0.24300868860481287,
            -0.6117032080100028,
            -0.03420834290023406,
            0.03443602318354707,
            0.5429986351712751,
            0.2053271813748957,
            -0.536742336480417,
            0.08013736742382763,
            -0.5274014786933588,
            0.3631789632229828,
            0.06034359007873889,
            -0.5147803703561988,
            -0.166139835336967,
            -0.34203314500011583,
            -0.1157925356912387,
            -0.13251856248238883,
            0.16069180591905072,
            -0.4391389757325466,
            0.39666407604564274,
            -0.5014401699409672,
            0.2296665744420421,
            -0.5158987003296711,
            0.37811259097246935,
            -0.0037062474689465953,
            -0.4912193081069812,
            -0.18817318858405843,
            -0.5384320784562953,
            0.1685795382849643,
            0.5628212620586591,
            0.3921565646785849,
            0.21483977445815194,
            -0.5358246018343039,
            -0.44584227124354536,
            -0.5366948546566722,
            -0.5651231698446385,
            -0.19245701287343578,
            -0.44277510204305653,
            0.39085399186860764,
            0.3719114284568253,
            0.6008100408444766,
            0.02959377546635224,
            0.23991337526883602,
            -0.6267671004560618,
            0.348702801286391,
            0.5023398613072643,
            0.20192732341673636,
            -0.1206062972214059,
            0.07988334873967252,
            -0.5285163501957715,
            0.25679547064833247,
            -0.557411821555197,
            0.3392322253114594,
            0.22426151235935438,
            -0.5454448458246303,
            0.015305013146273593,
            0.03874153735329689,
            -0.42694160795239233,
            -0.47144061912740887,
            -0.514573293834125,
            -0.0778899723143941,
            0.07452792984057727,
            0.6631334817914128,
            0.19695739522162262,
            -0.6807414802819467,
            -0.18277615365838717,
            0.08875463809900318,
            -0.029090105957269977,
            -0.39893446679776107,
            -0.3582630155856888
        ],
        [
            0.024807921673997722,
            -0.6260260902516576,
            -0.6412935223412205,
            -0.48797099996488635,
            1.1794307819486818,
            -0.12930162861669034,
            -0.048372911989109306,
            -0.11490496803183992,
            -0.15694927102684736,
            0.4325206638886061,
            -0.4172534631562397,
            0.7778930693402584,
            -0.8400012607502974,
            0.8111603238361487,
            -0.7987120360396439,
            -0.28245485529930575,
            -0.7974712864882496,
            1.1919760726313953,
            -0.49791937201308123,
            -0.053028936364640886,
            1.1688767806185432,
            0.8914928283180247,
            0.9165040750639227,
            -0.7326117384232065,
            0.8886662653647552,
            -0.4234375981417822,
            -0.10919650738963177,
            -0.449304216823571,
            -0.5136930133215266,
            0.27180305405519883,
            0.8944570487110635,
            -0.27549899227142544,
            1.1730992755436664,
            0.07387184557534092,
            0.024491692398260097,
            -0.9054931387251316,
            -0.7676084289079771,
            0.9592201842716149,
            -0.0930184445815709,
            0.592914959788573,
            -0.7021883408257974,
            0.20462038486054854,
            1.09678302771235,
            0.06635885243179465,
            0.6075731570148023,
            0.0799308923077852,
            -0.04912178105748585,
            -0.08803487838168166,
            0.9514033680171267,
            -0.7738061196254737,
            0.8227826036437023,
            -0.22636115607731588,
            0.9604640125823672,
            -0.584866172319947,
            0.2778647239897247,
            0.7719814629754649,
            0.8604229445000114,
            1.116815110121025,
            -0.0022066880579961665,
            -0.15871034637939585,
            -0.1695972489698417,
            -0.1715405124632521,
            1.1052840254423608,
            -0.12800176277414682,
            1.0808360711322849,
            1.1869260463631262,
            0.1661864774495749,
            0.24151967005686914,
            -0.10770342234973719,
            -0.6543821561707186,
            0.11223563822811618,
            -0.12205302958705129,
            -0.1944665811390536,
            0.6606549410722857,
            -0.36979786880549825,
            -0.8550242786172474,
            -0.07020955157159314,
            0.3880967662047293,
            -0.22275556192329019,
            1.0591097394924858,
            -0.6057815815280854,
            1.110721276507155,
            -0.39469329545460546,
            -0.5017217072768585,
            0.20556240734264714,
            0.08191106343607293,
            -0.15432862665691516,
            0.9415967024390594,
            1.094637703874318,
            0.479337109756482,
            -0.2245889539462831,
            -0.4444454382414251,
            -0.8600836459715375,
            -0.27606933932924815,
            0.9423935027819466,
            -0.49036485983022354,
            -0.6133634015685372,
            -0.48739514786755556,
            0.11789154067196242,
            0.5306124555156941
        ],
        [
            -0.3483272675299385,
            0.18994066379644353,
            -0.04324913689333097,
            -0.06681831392008927,
            -0.12930162861669034,
            1.2282149426467295,
            0.009427504943000438,
            0.36478303663421746,
            0.6009775111278038,
            0.5365553853322635,
            0.10103162502335096,
            -0.10502968738765434,
            0.0958196754404574,
            -0.14383044436135753,
            0.3691015703547983,
            -0.12079760629067424,
            0.19061004147445393,
            -0.17362946863925782,
            -0.3825234779887061,
            -0.0781772837457787,
            -0.1786688730712099,
            0.0014034278821631232,
            -0.16036964591479017,
            0.20862839061606897,
            -0.03501376485600715,
            0.2273809739369134,
            0.1504982413842391,
            0.03850444662819044,
            0.23352317905736922,
            0.06351756717431084,
            -0.4296558934295029,
            0.2577114756011633,
            -0.1502411734447435,
            0.3860291806717855,
            0.09659752960953763,
            0.06975190414841498,
            0.35518103710132004,
            -0.06687044202147693,
            -0.24307386384965926,
            -0.004356162543148707,
            0.1449669809216249,
            -0.2635529366691852,
            -0.11158432769009337,
            0.09537940945360335,
            -0.06958640572251942,
            -0.33623932135050905,
            0.15125010480744414,
            0.156967393780574,
            -0.23364875976068047,
            0.471522199532055,
            -0.1891559684345046,
            -0.597602466822274,
            -0.250562228617436,
            0.4640661289082993,
            -0.011095326997428897,
            -0.11889698396139142,
            -0.29354266412250496,
            -0.36059500625229535,
            -0.3834729582762268,
            0.1444669499376977,
            -0.1277458998641721,
            -0.05260426163582383,
            -0.018780535133626878,
            0.3230547289402844,
            0.02059319544348597,
            -0.05181986581361196,
            -0.43880587488654493,
            0.04848555427858046,
            0.6182670796614234,
            0.5005899762392383,
            0.12617663522257516,
            -0.23318567113309688,
            0.1252920497176194,
            0.12080145578601019,
            0.05713665645357328,
            0.5151356098675798,
            -0.3056025848794654,
            -0.0032796379006320257,
            -0.21787604696210705,
            -0.07180739981362347,
            0.2035863670171168,
            -0.14119942453641782,
            -0.148878439948984,
            0.4424839232549261,
            0.20210640688592646,
            -0.22740599832899303,
            0.1346138158086578,
            -0.1860899969029141,
            -0.27188681944331056,
            0.02683372198213381,
            0.08943107775332705,
            0.13493763726060648,
            0.29955933647126304,
            0.14508568150025267,
            -0.1360314876090093,
            -0.12670031661282236,
            0.378450948288948,
            0.20474212972078767,
            0.2663968813785597,
            0.02404834687869453
        ],
        [
            -0.5028403962425951,
            -0.3081227882836146,
            -0.33950916949043386,
            -0.22562207149483654,
            -0.048372911989109306,
            0.009427504943000438,
            0.5939156696169523,
            -0.1270427177603812,
            -0.3701803582592631,
            -0.35155837456879296,
            0.1884298377060467,
            -0.1891175601678433,
            -0.040796279331256256,
            -0.07383740314774599,
            0.1550876101031476,
            -0.4084712597311162,
            -0.16683703503279976,
            0.21056017690031845,
            -0.2066590553415838,
            -0.0994425777788394,
            0.07624316364204325,
            -0.14289170782032554,
            0.02916241839563851,
            -0.13141186956697412,
            0.04472578574496627,
            -0.19878365396633813,
            -0.10383653744781192,
            -0.19749331287713,
            0.110733287188807,
            0.1426678656501592,
            0.018813130857962216,
            0.01344417144199456,
            -0.057170645951635325,
            -0.30215947383341607,
            -0.2387312544210319,
            0.1164174469028618,
            0.15458683217684058,
            -0.004257614705280515,
            0.08796758031206774,
            0.055645313899369116,
            0.012769570893371577,
            -0.2386284382078514,
            -0.12265298788742082,
            0.04143177467334575,
            0.09012346379857028,
            -0.22203936197114588,
            0.03239630586115125,
            -0.1435144560680214,
            -0.29169263761133213,
            -0.1274697105530494,
            0.03484045145467993,
            -0.35145249120604716,
            -0.05988263825209798,
            -0.13820669854242634,
            -0.44280529598430973,
            -0.05793717499508072,
            -0.3246524204716924,
            0.035008369089159115,
            -0.38356383653997667,
            -0.17161655614374147,
            -0.05874009346570436,
            -0.31025165524347603,
            -0.03409855689616118,
            0.2551981750276221,
            -0.009862275489200906,
            -0.08046203044275205,
            0.1842042824058932,
            0.44625498637224426,
            -0.3457026882181651,
            -0.13237601965336918,
            -0.4726016831264651,
            -0.37429598222508587,
            -0.12946744661105172,
            0.1048088007934304,
            0.1416425059095127,
            0.028863869757225526,
            -0.31568509488793267,
            -0.12162176618335845,
            0.12656184964104383,
            0.023694222191854155,
            -0.29277506912329654,
            0.05116745775288477,
            -0.06592668616205621,
            -0.2570860992112912,
            0.6716958970029987,
            -0.1371344912627051,
            0.12066170729652627,
            0.009037990624063486,
            -0.0766888669928436,
            0.27208363173835737,
            0.18759515934997917,
            0.19298038111558727,
            -0.05286727639074851,
            -0.20710423274983325,
            0.2652046372626275,
            -0.06561907665239324,
            -0.21003027397263851,
            -0.08412457112301172,
            0.10475428210834707,
            0.16840163820441093
        ],
        [
            0.15468081570254666,
            0.17968772003039854,
            0.09936270160249526,
            -0.09645903286904829,
            -0.11490496803183992,
            0.36478303663421746,
            -0.1270427177603812,
            0.8361518496252894,
            0.48975577391451475,
            0.48745573732417796,
            -0.0824897400889591,
            -0.191163732988139,
            0.00627439976695921,
            -0.2032540392500522,
            -0.18934041605075874,
            0.28618306972305424,
            0.16764956321479543,
            -0.256591245382914,
            0.0323190744832569,
            0.40366806560576185,
            -0.0419929970280822,
            0.000627775371984585,
            -0.4583778147575914,
            0.41489141285204983,
            0.15026581603919714,
            0.3281007470248398,
            0.47864406208668836,
            0.06621219670077641,
            0.35223892595825307,
            -0.12268338318063042,
            -0.05828286959177802,
            -0.009476716051838335,
            -0.0688221464045037,
            0.19518735641358953,
            0.11416546015432544,
            -0.20720168846708717,
            -0.11957898482487822,
            -0.04636768068130927,
            -0.35667671734958345,
            0.18207261731323754,
            -0.01695526004239709,
            0.19466492568409055,
            0.017328247602960218,
            -0.010386674074893394,
            -0.24925350243185426,
            0.2989618706331678,
            0.20942864855094967,
            0.24838548753743983,
            -0.000835717857809822,
            0.4836624127553873,
            0.16384480928066467,
            0.014452710496084237,
            -0.0089891398488835,
            0.10455164920272875,
            0.3397915478856843,
            -0.07874876376045746,
            0.02530561384008791,
            -0.16448004981138484,
            0.029434990981539136,
            -0.2976606684856366,
            0.13059869271180163,
            0.2883606077343226,
            -0.06745173707063738,
            0.3986312627035493,
            -0.05886443285456556,
            -0.10075708725667926,
            -0.42073023867098747,
            -0.02214518986348279,
            0.3289266769608832,
            0.05055170655065121,
            -0.10087727728760705,
            0.13100239308257994,
            0.5647807446962099,
            -0.025025230212049374,
            -0.34755552706995224,
            0.17766596352458505,
            0.06899719793585787,
            0.339614298864254,
            -0.250573616212657,
            0.017073998940009532,
            0.2991404065432058,
            -0.15030995122136653,
            -0.20330192824821153,
            0.3416732416793372,
            -0.22647104197884962,
            0.07982988383813953,
            0.04162028897940249,
            -0.1507579415278935,
            -0.21987264145171664,
            -0.011287302767014298,
            -0.2329306269283733,
            -0.16663605562669215,
            0.05891031642859541,
            0.07498914693154808,
            -0.06478837269247172,
            0.027423980800972015,
            0.2342240337720063,
            0.09177970190971503,
            -0.12608499631530312,
            -0.2597532956927237
        ],
        [
            -0.15331839578866738,
            0.4440367400610602,
            0.2024123651792816,
            0.472371222638082,
            -0.15694927102684736,
            0.6009775111278038,
            -0.3701803582592631,
            0.48975577391451475,
            1.3879300911168908,
            0.23507739416863221,
            0.05326441367913951,
            -0.49041491380260904,
            0.23215392744485483,
            -0.27670319138067384,
            0.30315169826343163,
            0.07611763157097849,
            0.606002676236474,
            -0.4898300894853174,
            0.33948857520843073,
            0.14005669057636944,
            -0.3715759772031871,
            -0.34717608234402636,
            -0.3097269435073369,
            0.5532628167346411,
            -0.4881240889152292,
            0.3126570231552718,
            0.6775752242051758,
            0.5169754871654615,
            0.5458089352034656,
            -0.1479602502460587,
            -0.16195290492046382,
            -0.04841262086544668,
            -0.3809469653573147,
            0.24549952158261212,
            0.021328303911911407,
            0.0993319407056288,
            0.30825428248747944,
            -0.3600838870026185,
            -0.1716373608885019,
            -0.26964670635765947,
            0.4686692527557074,
            -0.05280327555148094,
            -0.2290636532503515,
            -0.17388897702749262,
            -0.33192461677041535,
            -0.14309791597512625,
            0.16218045878744763,
            0.345066830873901,
            -0.15687151936028187,
            0.718183090413264,
            -0.18057305282713015,
            -0.12699849616605008,
            -0.22855906078255092,
            0.5277589858711917,
            -0.09217302041474976,
            -0.2733892643213215,
            -0.014825877283978078,
            -0.4716686952209054,
            -0.5240221677985529,
            -0.2558273678200049,
            0.48915624468236457,
            -0.04021185898118898,
            -0.2738253139873256,
            0.09829060662927121,
            -0.12250863209431746,
            -0.24315945745065443,
            -0.36513048710698337,
            -0.4119308597154368,
            0.6798865335332684,
            0.4950063895626972,
            0.7351312246193532,
            -0.209332558235485,
            0.6544487938872111,
            -0.35300927528072373,
            0.30194705480262335,
            0.5839219893967942,
            -0.3704001066323506,
            0.13140481948121852,
            -0.20493218400823826,
            -0.23067305089080256,
            0.42939799460639294,
            -0.36412788176537864,
            0.11808078512834375,
            0.3896752561409782,
            -0.38058054822559145,
            0.060240461219724636,
            0.0627685037291123,
            -0.17310041378444255,
            -0.16756741526636446,
            -0.7020670134569031,
            -0.046862098730235946,
            -0.0009579288624406046,
            0.6435477405534314,
            -0.10331554631156321,
            -0.3490918286814682,
            -0.20898655915534997,
            0.23883022527233547,
            0.15242277148176192,
            -0.2817126722753436,
            -0.5000723636996466
        ],
        [
            0.0963165037814747,
            0.097876900877049,
            0.06591989437320213,
            -0.43495340825315754,
            0.4325206638886061,
            0.5365553853322635,
            -0.35155837456879296,
            0.48745573732417796,
            0.23507739416863221,
            1.5453671053105376,
            -0.21427306187774406,
            0.43535379044292066,
            -0.4440335090192873,
            0.016597139092772523,
            -0.5970673238230113,
            0.4188285328807585,
            -0.5216601832602658,
            0.44284002084876417,
            -0.3238436324529116,
            0.17031317616584202,
            0.36028564742389513,
            0.5850697985709892,
            0.18801623716248086,
            -0.08831305722516797,
            0.40244548903987315,
            0.5889622091986256,
            -0.17865787774118808,
            -0.3938397812137413,
            -0.21857425511052767,
            0.1040437882376284,
            0.07264234253826485,
            -0.14698253157829902,
            0.38534551814852464,
            0.8398144885504938,
            0.24967282640885313,
            -0.5068620031802502,
            -0.3484780190687781,
            0.4994304651740034,
            -0.18101667766195584,
            0.22755212298721755,
            -0.4622169278209179,
            -0.13872724557328,
            0.5667878512409,
            0.14228481068647875,
            0.0456694009676723,
            0.2529322990413446,
            0.2571221660941442,
            0.022899723252851965,
            0.31774188535373776,
            0.010928666734982584,
            0.10694992781658577,
            0.0591700782996963,
            0.18798856852271997,
            0.05158991340415795,
            0.46454547658353285,
            0.27562231152339106,
            0.3571704034264107,
            0.30170752905275344,
            0.4762065424342169,
            -0.04949599543590728,
            -0.17493272458480055,
            0.272133642138346,
            0.4448169129666803,
            0.49015465510506323,
            0.41117481579090054,
            0.6238519630568775,
            -0.3569452385143118,
            -0.4708317736128225,
            0.17711173608964126,
            -0.15988417748936687,
            0.09419847951490222,
            -0.341956780831936,
            0.08714671908587666,
            0.7136679827212725,
            -0.5149201451638501,
            0.041349021031229276,
            0.30301518695268237,
            0.3244635520529605,
            -0.28925938769945764,
            0.346458040870348,
            -0.1416366913052755,
            0.24289818758449078,
            -0.6549906248922478,
            0.013498370754175587,
            -0.2694101161649067,
            -0.3807119087781886,
            -0.07857761897967065,
            0.34128258550690643,
            0.2819571991334858,
            -0.15119246032306488,
            -0.2797613926618385,
            -0.11277558295984481,
            -0.26332375427066357,
            -0.03315725016392775,
            0.016017578402489494,
            -0.04416730342223578,
            0.20597910925939858,
            0.21123012808658526,
            0.49907983972549513,
            0.24556795735405926
        ],
        [
            -0.13934305198668978,
            0.0394332462789271,
            0.08580264246730271,
            0.1612909376965121,
            -0.4172534631562397,
            0.10103162502335096,
            0.1884298377060467,
            -0.0824897400889591,
            0.05326441367913951,
            -0.21427306187774406,
            0.32177933154284993,
            -0.40956998780607784,
            0.2846688573345135,
            -0.239216923241559,
            0.36080192950791895,
            -0.10628158496883128,
            0.22156641260111268,
            -0.25918650922196307,
            0.19380172855373398,
            -0.09875936524026963,
            -0.42633244295955736,
            -0.4397967973534913,
            -0.18632097593492636,
            0.2058119392752768,
            -0.4116559900118432,
            0.21654367383525644,
            -0.08053875700633067,
            0.10544466485323772,
            0.1724853284895387,
            0.0204299221420272,
            -0.24924915468205977,
            0.11463197990872147,
            -0.45288058498771866,
            -0.0679857505690748,
            -0.0038391402296688885,
            0.46921614639996323,
            0.41319991990751737,
            -0.42560290681201746,
            0.15426381807915068,
            -0.2740376545519351,
            0.26141799902625223,
            -0.25332259449950617,
            -0.49172035771328204,
            -0.010756177524333414,
            -0.21758299182620147,
            -0.26950557926035623,
            0.049023583904551034,
            -0.060529909148398606,
            -0.5029549277263755,
            0.15471709225816133,
            -0.4116456028527928,
            0.04923002168527295,
            -0.42122005987699346,
            0.17566517198502343,
            -0.29452537785039823,
            -0.3204722413695319,
            -0.4888840374061169,
            -0.4150893965374563,
            -0.15946781269353988,
            0.03791906045548709,
            -0.08301031283901456,
            -0.2109918443169328,
            -0.40070536740969187,
            0.24327785418233916,
            -0.3898238974028912,
            -0.40885652182585525,
            -0.1340422185799922,
            -0.1521201817667266,
            -0.06284232436843898,
            0.24418510457400153,
            -0.12289057615837846,
            -0.2309717682834491,
            -0.1651300094115523,
            -0.19697529945837827,
            0.29902910623974605,
            0.3999509635715271,
            -0.15406406798111114,
            -0.18678428664392308,
            0.13856773092013944,
            -0.45346652592163483,
            0.05825027889352286,
            -0.3936593957418661,
            0.056315384320966756,
            0.11296842699167182,
            0.0886001518613201,
            -0.2207627367582236,
            0.1527129749062319,
            -0.3576260592763592,
            -0.3735951575791897,
            -0.1901115452251726,
            0.33814097259043013,
            0.35924543764605615,
            0.38137503859974287,
            -0.05525978964643702,
            -0.2925340617670688,
            -0.019390005494042094,
            0.12549398870996484,
            0.13818095905323521,
            0.02756919226911451,
            -0.03342910590405759
        ],
        [
            0.23817446431923922,
            -0.5712549388230569,
            -0.12516347793739788,
            -0.3650496805445025,
            0.7778930693402584,
            -0.10502968738765434,
            -0.1891175601678433,
            -0.191163732988139,
            -0.49041491380260904,
            0.43535379044292066,
            -0.40956998780607784,
            1.2773061232536695,
            -0.5952619688626816,
            0.4455045933963544,
            -0.23069126473875007,
            0.0175173983885569,
            -0.7847852609873438,
            0.7117610848068463,
            -0.5058547820838422,
            0.05258243408777058,
            0.7189330223328809,
            0.8169670343450237,
            0.40179315785632325,
            -0.7288496685019359,
            0.7216314529935296,
            -0.4055628852916327,
            -0.19244813306791372,
            -0.40082835514977083,
            -0.4838656197871809,
            0.11331574615355018,
            0.2794310512470694,
            -0.418277429596867,
            0.8972745643204141,
            0.32815540194927983,
            0.07040772653946623,
            -0.8928305730619405,
            -0.43889075718915466,
            0.8346290150241287,
            -0.15886234918916076,
            0.4598792274827376,
            -0.5135414846005368,
            0.2457614345244187,
            0.9521258032583421,
            0.2288558170832213,
            0.5172074300285151,
            0.5523883212307664,
            -0.15376368908926438,
            -0.24881770502751188,
            0.7809858425182776,
            -0.6820938649713346,
            0.6356731738845568,
            0.07607726689163335,
            0.6833525989502466,
            -0.5503051817635626,
            0.6723311186476513,
            0.640349598477078,
            0.7480864721556815,
            0.8491861290750807,
            0.7122927352411162,
            0.08724649211452919,
            -0.1421144944313463,
            -0.0074109804550899815,
            0.8123060121170365,
            -0.5489777208999689,
            0.7350890979594406,
            0.8529841707465696,
            0.30019479627626,
            -0.0099023141792025,
            0.2761154496177074,
            -0.732011700116416,
            -0.019478074408359504,
            0.1604021688539239,
            -0.2960956605715719,
            0.5769576161828311,
            0.08669496993406435,
            -0.7140701514670793,
            0.7175571759328991,
            0.44605910115146585,
            -0.1644208405384874,
            0.8758808406019111,
            -0.3660275137947205,
            0.7372057641389628,
            -0.4758392853418251,
            -0.08171367133834116,
            -0.20381081327642206,
            0.06808417669996483,
            -0.18545581219169616,
            0.6695501966489191,
            0.708564391101854,
            0.435494091010692,
            -0.4658100533503352,
            -0.4704852787236632,
            -0.6894014727466805,
            0.06167256786282333,
            0.4599950966656775,
            -0.2548408638402735,
            -0.3561465963078839,
            -0.4048041996747838,
            0.23054584835668795,
            0.3185391763329547
        ],
        [
            0.017326696072880364,
            0.470066946942087,
            0.5674317463551725,
