{
    "fast": [
        [
            0.8961465030438548,
            0.5920886119915323,
            0.03966320772142486,
            0.10980625050494712,
            -0.20219460237012965,
            0.47566536670407167,
            0.4178535139530825,
            -0.016838008959607652,
            0.2691747620702887,
            -0.11466653894678107,
            0.2947232436179333,
            0.38002735877823557,
            0.3976050501845543,
            -0.15047919868134216,
            0.1963678141713665,
            0.45251289149700386,
            -0.20080290291371697,
            0.022730903430548125,
            0.1213108222949958,
            -0.3113248683964023,
            -0.6363447071170716,
            0.3394622733014537,
            0.05577459323547752,
            0.6370150280050147,
            0.5419526127259229,
            0.15153007489974596,
            0.6277703162025968,
            0.10445846544793051,
            -0.22138172729850977,
            0.18762411399434273,
            0.2232602615613933,
            -0.4182997120695985,
            -0.028039177988698507,
            0.333356162324809,
            0.32707536114111296,
            -0.3963951231974502,
            -0.09647723772707616,
            0.3093454490647752,
            -0.11787834208188243,
            0.03155020281867545,
            0.3032902610581943,
            -0.347792847656966,
            0.14733825083042773,
            0.02517235023631787,
            0.3363648769292629,
            0.29623914063586315,
            0.4211663401632306,
            0.08210648921009132,
            -0.388415413064074,
            0.49411396353381565,
            -0.28034565379750104,
            -0.19013557328198968,
            -0.10643842994817848,
            0.4326898363632217,
            0.08866529680018087,
            -0.022517030031159287,
            0.41536234591683835,
            0.16576873707213735,
            -0.39583298015607127,
            0.5473971065377803,
            -0.22286295236347217,
            0.018448204302064022,
            0.512628636114912,
            0.28688431724259694,
            -0.008269735789916757,
            0.3280763385842088,
            0.08920202774959926,
            0.5340704113399452,
            0.17924663058826895,
            0.735728919821675,
            -0.02161481761151025,
            -0.05434797467594835,
            0.22735367051065147,
            -0.42325948309879724,
            0.007771109989418959,
            -0.020269025708058025,
            -0.25953042882431276,
            -0.37043461695674107,
            0.5773035074588035,
            0.4609824388520728,
            0.5399420888586226,
            -0.04500325818297746,
            0.29892532156022816,
            -0.1457945819143005,
            -0.017531057094926403,
            0.27431385874735126,
            0.3341400191778588,
            0.3903726606193922,
            0.142311092356241,
            0.3352530851942482,
            -0.40895645363711886,
            0.39020085211666455,
            0.3111231935317366,
            0.4504722424346193,
            -0.24273610461408382,
            -0.6811064934641888,
            0.593207957358976,
            0.003244502473596178,
            -0.10294812748594057,
            0.19391995275294716
        ],
        [
            0.5920886119915323,
            1.097257136622976,
            -0.3763496140567119,
            0.47680047437817824,
            -0.253042544928057,
            0.9571475745891532,
            0.07816275315328984,
            -0.29673043641097435,
            0.34394039252420944,
            0.6459953623816522,
            0.0454570729542661,
            0.7389561651677212,
            0.302280156469499,
            0.27033880324281745,
            0.6428172517071272,
            0.5745649235083086,
            -0.4192070386028517,
            -0.5038141035095229,
            0.3795995188094,
            -0.4314982121141444,
            -0.6999203195951147,
            0.4195871364436893,
            -0.4341771934206945,
            0.726656348120055,
            0.9219025168548302,
            0.032636417234172155,
            0.9036750993189696,
            0.21333788019278271,
            0.36782651389251686,
            0.6980656005046012,
            0.25720851771492076,
            -0.4903582638270138,
            0.031304677814014026,
            0.5636643394239433,
            0.611533217490503,
            -0.27907149149111843,
            0.8654430197396076,
            0.7061958335755391,
            0.28820866204508433,
            -0.18204605540871083,
            0.4909547406072601,
            -0.27357575107252996,
            0.1748503226245485,
            0.3366569623976142,
            0.4370727428430289,
            0.28641023368037644,
            0.6327705282764036,
            -0.20172922666622836,
            0.2044677822251347,
            0.6875886336730104,
            0.3529701238449217,
            -0.039329650306885316,
            0.39310661786035883,
            0.31231035559588255,
            -0.10590881704773504,
            -0.22415741015840088,
            0.5689427880935636,
            0.26599822019501407,
            -0.09899015685505287,
            0.5229435691956535,
            0.15416191615189323,
            -0.17350010168922514,
            0.5546359347539971,
            -0.11668572385545348,
            0.5285033811642443,
            0.4683642938994368,
            0.2600493423489204,
            0.789372340448981,
            0.47720082642405387,
            0.4324562596928325,
            -0.08264136573282996,
            0.18343047665823123,
            -0.16379040899138445,
            -0.32613267580462746,
            -0.5633739206157033,
            0.03259020452899336,
            -0.2658072652230872,
            -0.6170004465789566,
            1.077812697456679,
            0.435294508399328,
            0.31084851707638184,
            -0.2572626971861562,
            0.8340586403927889,
            -0.2760484334129828,
            0.14734822861552965,
            0.44570838364112747,
            0.013595163603379113,
            0.5305492247952153,
            0.04761059810039907,
            0.07008757610908181,
            -0.33373532861727095,
            0.7810231048340766,
            0.2762523206511081,
            0.8619738256590314,
            0.19715485378243822,
            -0.48544359444210766,
            0.7645180661596216,
            -0.1986691660560485,
            0.4279269075173741,
            0.5461777873908392
        ],
        [
            0.03966320772142486,
            -0.3763496140567119,
            1.1765910398021553,
            -0.41788073704318296,
            -0.1052524298197137,
            -0.571524065597416,
            -0.31061229389378414,
            -0.012131143719664976,
            -0.2353441831284101,
            -0.7805876267006844,
            -0.12949858334309364,
            -0.2992511301380594,
            -0.17620019622983157,
            -0.6526243747774144,
            -0.3312568441319176,
            0.08067861200984425,
            0.11492052059943465,
            0.5004547233321235,
            0.45616437044636315,
            0.20767372792129682,
            0.013136307367172882,
            -0.3417145244089079,
            1.0125069443537376,
            -0.3852459749249973,
            -0.3321393700276858,
            0.41037066838913794,
            -0.042017467925620305,
            -0.1690387123103212,
            -0.22594877836513613,
            -0.5552185885634364,
            -0.11855278708105664,
            -0.2937978996508156,
            -0.2266358356790812,
            -0.30282755926402594,
            0.1415638525800703,
            0.6026382441917788,
            -0.3216124894651053,
            -0.42903722806864114,
            -0.2979686787587835,
            -0.014693817940053743,
            -0.14081860582815775,
            -0.189296981687008,
            0.340976011598998,
            -0.5275394105526339,
            -0.28663875195913074,
            -0.06838596308138198,
            -0.27598972223414264,
            0.2797203472056398,
            -0.44937393873615633,
            -0.3492225880721444,
            -0.6415740983239981,
            0.5387966306158279,
            -0.480063291841246,
            -0.24102847262244118,
            0.015818480225195695,
            0.622890776387539,
            -0.4801788776879031,
            -0.5469460321463885,
            -0.4745880135897335,
            -0.16507444154618087,
            -0.6553190028873896,
            0.1633949699863778,
            -0.15281674290163344,
            0.0009034772656647486,
            -0.4212868319955563,
            -0.071064421936707,
            -0.3873281720572618,
            -0.5691851932020258,
            -0.2516543827377112,
            0.1608328879320529,
            0.32166683179292077,
            0.17171462955006103,
            0.7013004186171589,
            0.7538852552063156,
            0.07618742872037985,
            0.040474490184172235,
            0.1925367343345009,
            0.012707819707866354,
            -0.37611297217342293,
            -0.4972726123807871,
            -0.06804351323991065,
            0.21009508460963744,
            -0.45936549662365245,
            0.05919519583960071,
            -0.027081560905920857,
            -0.3100294889835508,
            -0.2557311845962003,
            -0.3926477799509358,
            -0.23215546228534012,
            -0.23812116987233778,
            0.6483891278631885,
            -0.522524801686711,
            -0.01965928234047718,
            -0.548608754295077,
            -0.04610196098715425,
            -0.22760537489704652,
            -0.2416545055170642,
            -0.21194783023785832,
            -0.555187521495294,
            -0.7220324690477032
        ],
        [
            0.10980625050494712,
            0.47680047437817824,
            -0.41788073704318296,
            0.6444099567602772,
            -0.20563449888125346,
            0.7010008129106358,
            0.011451988099709239,
            -0.15430531892507846,
            0.13809852505955075,
            0.469576562666352,
            -0.09306745740781927,
            0.21140177745544642,
            0.0317110356811621,
            0.23257409766947074,
            0.0934072996913338,
            0.25159991030757817,
            -0.0650761654705026,
            -0.5546328186775796,
            0.09969808152663061,
            -0.09486465130690255,
            -0.024981085307915582,
            0.12357683583183705,
            -0.5431308536768866,
            0.1264798745279768,
            0.32748841162095044,
            0.011915135234862156,
            0.3588509611065923,
            0.013002844638579135,
            0.2628604284461358,
            0.5926449785793813,
            -0.039810530693641606,
            -0.06064185632516761,
            0.3361114475908132,
            0.14668458804616283,
            0.20492025561771857,
            -0.20384649341578598,
            0.4570833143413337,
            0.26123920054369454,
            0.23802208781176049,
            -0.06206047564740193,
            0.09407520019199238,
            0.20573083352502422,
            -0.1858341865299087,
            0.27388284044788164,
            -0.12460737578121328,
            -0.13283180390581537,
            0.2379987671777238,
            -0.14276252886787696,
            0.028000720090161732,
            0.159694398501928,
            0.25411424112612324,
            -0.13475911175359165,
            0.2607445816253622,
            0.22795637557018048,
            -0.14886120622867818,
            -0.40069000358964946,
            0.45879353311304893,
            0.08163216989451189,
            0.14171329410281625,
            0.12471915678334539,
            0.2636379547342,
            0.04049660496376019,
            0.09266357500180178,
            -0.08648196533602741,
            0.5173881306415226,
            0.0006107597967640494,
            0.1454832779882388,
            0.3248528731312363,
            0.2749157375414392,
            -0.04031016256129218,
            0.0005848918144370861,
            -0.2065772475942367,
            -0.41530007378553646,
            -0.03578744474940875,
            -0.2980454973421114,
            -0.016410282817621212,
            -0.06643511934795558,
            -0.06809494305058818,
            0.7267719100505045,
            0.31649257604113495,
            0.2465858270372293,
            -0.04088013652934566,
            0.4385684567724449,
            -0.16778213920004428,
            -0.043711113914599746,
            0.28685007127830586,
            -0.057140221545749464,
            0.195267967429192,
            0.15511440720033348,
            -0.0977825808448799,
            -0.08099619900769622,
            0.27964772008087196,
            0.05046755719393053,
            0.45377719307395376,
            0.38455948911694293,
            0.11515652771734704,
            0.16992337792069415,
            -0.02678040903072154,
            0.3961465498032692,
            0.17120547172992598
        ],
        [
            -0.20219460237012965,
            -0.253042544928057,
            -0.1052524298197137,
            -0.20563449888125346,
            0.8389720114823879,
            -0.16652614926845277,
            0.06925735544919141,
            -0.12109827400518315,
            -0.045952331727777726,
            0.06601254300506235,
            -0.10120017030759687,
            0.12438598906385152,
            0.29439382504413325,
            0.17291651594343382,
            0.028543523997518312,
            0.010484358877856934,
            0.16734485930009008,
            -0.10113825117771291,
            -0.4391375407887489,
            -0.1505148512618951,
            0.02705994190183099,
            0.22901532383368395,
            0.12227680132113086,
            0.052163601460867216,
            -0.10604558304072549,
            -0.34451074543343363,
            -0.34883966175192205,
            0.2778679216756682,
            -0.1894105014737608,
            0.18251419663798468,
            0.21017566946510627,
            0.46505653101004457,
            0.3108578725070161,
            0.029614826435990144,
            -0.21324761796231576,
            0.162795564170011,
            -0.009298978865792796,
            0.23179289700361258,
            0.29964700928028987,
            -0.28930668405746623,
            -0.038934816608719454,
            -0.11414103869585193,
            -0.2774753081265591,
            0.22527084247209575,
            0.21497458606896278,
            0.030969444360164203,
            0.1268689301028425,
            -0.1418540982279709,
            0.1543030594026802,
            0.05399344093539073,
            0.06555097365592932,
            -0.35434680505268074,
            0.19615673604423642,
            0.1935534353312515,
            0.227524851616667,
            0.12122793629965166,
            -0.038238656309393035,
            -0.08500920176442946,
            0.22878856048346696,
            0.19710708200764715,
            0.13503517951307015,
            -0.23252459868343872,
            -0.04707632288103145,
            -0.22826929466100737,
            -0.23298162197438768,
            -0.14945093036611798,
            -0.18665707817709135,
            -0.06627222788265345,
            0.10771774620150175,
            -0.25291992470485347,
            -0.08300653092874641,
            0.031795962226045506,
            0.2335477376023206,
            -0.2588758384704834,
            -0.17927435260088698,
            -0.044311607278036395,
            0.10185139921529067,
            -0.1125404595088239,
            -0.35809595157069063,
            0.19149562280336033,
            -0.014013738595312079,
            -0.3221683525729371,
            0.03813190499572242,
            0.043765923305080966,
            0.28905536227701056,
            -0.055255899087073145,
            -0.029214748790579146,
            0.09721240067965532,
            0.027405753745066767,
            -0.0935731229457519,
            -0.2099867445544387,
            0.1105185172806957,
            -0.07348942639455734,
            -0.3181181871712771,
            -0.6098127369269347,
            0.27074865320366365,
            0.0812660466489368,
            0.4695188612149257,
            -0.16638830375337263,
            0.059567857635604946
        ],
        [
            0.47566536670407167,
            0.9571475745891532,
            -0.571524065597416,
            0.7010008129106358,
            -0.16652614926845277,
            1.394120417767075,
            0.33116069883524,
            -0.29342626924029613,
            0.45473039406265353,
            0.8211236195598374,
            0.17895795426927502,
            0.7045101884516406,
            0.29984803513864766,
            0.34652949268133587,
            0.7218218381427212,
            0.6769819832619389,
            -0.10242657191131256,
            -0.8374502518587507,
            0.19501186872249085,
            -0.6011314893388171,
            -0.7842152687273786,
            0.4858746976285752,
            -0.8569918051325129,
            0.8212916086772261,
            0.901213629456797,
            0.12059754471232803,
            0.8028470457483581,
            -0.10152079052954163,
            0.38616565941960534,
            1.0198374297058177,
            0.4318403111226062,
            -0.30300009948681145,
            0.46803151189772807,
            0.6517094690540202,
            0.2548640112240304,
            -0.4342903822188373,
            0.7329482215919669,
            0.8210436619741946,
            0.5188861116546327,
            0.08540381863352493,
            0.5488092364120213,
            -0.29398943069053607,
            -0.21717195984424315,
            0.42165454733466085,
            0.37058999320550273,
            -0.034131881381207416,
            0.7556051045319182,
            -0.3121720878453206,
            0.10499659564180794,
            0.6893390993053823,
            0.5549420041153944,
            -0.16842798620005817,
            0.4714704501819124,
            0.6521658741476782,
            -0.24328975623139246,
            -0.45930269141050084,
            0.9353519842402471,
            0.23036810853206072,
            0.07467007963069677,
            0.6135534250990451,
            0.33907060100229414,
            0.09252729336085816,
            0.31129485868762974,
            0.01830341822858782,
            0.8665304123400906,
            0.33329844090736244,
            0.13556765009421273,
            0.9965507552752895,
            0.6972485950202442,
            0.21148889765960935,
            -0.06074127769089024,
            0.13397576070133246,
            -0.3150892788225779,
            -0.4179794732827676,
            -0.31178954826135535,
            0.015335136527520837,
            -0.11376856941796047,
            -0.5991294540511001,
            1.1192324756129897,
            0.7940422444911157,
            0.5521905701401157,
            -0.09868097104423616,
            0.9867690779756702,
            -0.324856156963271,
            0.25965858764228017,
            0.7145555532542559,
            0.11172706685153871,
            0.7242505409378305,
            0.3313309805333529,
            -0.17713953811359304,
            -0.6609737285417674,
            0.717695696756954,
            0.25871816955815413,
            0.8725053996687275,
            0.23406324511812449,
            -0.3553341215235705,
            0.7201120849230309,
            0.1808951512735781,
            0.7904376430381528,
            0.5622063593905983
        ],
        [
            0.4178535139530825,
            0.07816275315328984,
            -0.31061229389378414,
            0.011451988099709239,
            0.06925735544919141,
            0.33116069883524,
            1.2530247531346128,
            0.3593058067891752,
            0.33088710929622484,
            -0.058079364141844655,
            0.06697190916725654,
            0.04579457476065819,
            0.36523296073333433,
            -0.023457700491031533,
            -0.2572414337548814,
            -0.024582064833440657,
            0.22171530491175348,
            -0.29815722205627254,
            -0.2998232293771507,
            -0.4109052602487323,
            -0.21070609924263128,
            0.026915995102495722,
            -0.4223915635692978,
            0.6105067955181805,
            0.18962229686782292,
            0.018925482306855684,
            0.192676722081253,
            0.08485108055758983,
            -0.0838708874889534,
            0.03255264183062327,
            -0.17138598243358014,
            0.35552404469981463,
            0.318978496356583,
            0.17212102672401625,
            -0.23847312950315605,
            -0.08682624397963232,
            -0.49852376020502004,
            0.022295372379972554,
            0.09565129561609459,
            -0.2443357175426525,
            0.12379317235019574,
            0.070973877677534,
            -0.3445972047338256,
            0.3667397348537139,
            0.3714198103218695,
            -0.09809270364915232,
            0.3184169487614514,
            -0.21433723581883782,
            0.058434157326353806,
            0.2021635034791667,
            0.09114992182488306,
            -0.2580238265448038,
            -0.20927061414634773,
            0.6077073246603044,
            -0.026058113659297347,
            -0.4791282112310904,
            0.545399471082308,
            0.5962840192607952,
            0.29509477300131254,
            0.04017301357149625,
            0.18639480446441992,
            -0.07513404070106798,
            0.4794118896392636,
            0.42550342792720586,
            0.013531404999561005,
            0.12044129086630403,
            0.06366528139231585,
            0.6209159932744136,
            0.05249153427051734,
            0.1697989814896636,
            -0.12552812140323139,
            0.21964962862782286,
            -0.41598244013630187,
            -0.5084760887318341,
            0.12605532345302353,
            -0.01406104062291319,
            -0.171471737838907,
            -0.28599332058176813,
            -0.14350740644808874,
            0.6253007601912355,
            0.29451999441143456,
            -0.26728968910055373,
            -0.06025917308057572,
            0.040503745254572884,
            0.22967740869490813,
            -0.004998405305930164,
            0.9663734596261067,
            0.24148955530216393,
            0.4666559122619786,
            0.11715893753248194,
            -0.6170956531430091,
            0.3019818146865566,
            0.16465093380653703,
            0.4715363659109055,
            -0.5437372120039647,
            -0.01227457029969038,
            0.1345846923929319,
            0.7163491138477274,
            0.0014657480466951551,
            0.339328873753853
        ],
        [
            -0.016838008959607652,
            -0.29673043641097435,
            -0.012131143719664976,
            -0.15430531892507846,
            -0.12109827400518315,
            -0.29342626924029613,
            0.3593058067891752,
            0.6674915880460749,
            -0.26878997792833553,
            -0.0378827348309671,
            -0.12467125293731589,
            -0.39373684338461884,
            -0.0011602232346990238,
            -0.4285865036382763,
            -0.3971945345326131,
            -0.3756990954519741,
            0.12700855231757513,
            0.2462858026223787,
            -0.16165450487086383,
            0.1674550269503041,
            0.39916742920685605,
            -0.23366835478644232,
            -0.03816704756371581,
            -0.0836809725863654,
            -0.3032864938086387,
            -0.06906496525484272,
            -0.34023663734025733,
            -0.19233103314444727,
            -0.12253240296795066,
            -0.20616896510763064,
            -0.36517948242497655,
            0.04071227462690874,
            -0.1917854454497827,
            -0.3474629265971841,
            -0.25912817310792574,
            -0.04625397944608547,
            -0.5427109460642161,
            -0.2749293279526706,
            -0.31752594637885423,
            -0.2092510199700571,
            -0.2548765372318511,
            0.598445989273426,
            0.048517155747249234,
            -0.3101883527731012,
            -0.07965459280127217,
            -0.0698055940253282,
            -0.21546461526131658,
            0.04859936160101887,
            0.1690492001600494,
            -0.18926578100417793,
            -0.31466072608239504,
            0.12294069292308779,
            0.007149631810883707,
            -0.15329296899240338,
            -0.012439373714770727,
            -0.2670881071804009,
            -0.021489857789286318,
            0.1369371751224099,
            -0.11273242558737286,
            -0.24693837254713966,
            -0.0779313036406042,
            0.1735620073906904,
            -0.09167161645392932,
            0.3586079425312778,
            -0.3207272773197156,
            -0.2637056656127266,
            -0.052656512718788996,
            -0.131635919217119,
            -0.3500784789550249,
            -0.2709628293253401,
            -0.08186519676643053,
            -0.2004807995241023,
            -0.18680163267042685,
            -0.15931517767307563,
            0.3087645137509858,
            0.007972559128314597,
            -0.22073238340457604,
            0.24770558478658364,
            -0.4229717838356545,
            -0.1678332034085662,
            -0.01590624298537751,
            0.11975329412073342,
            -0.3191288344149117,
            0.11869536814558591,
            -0.07189445115463769,
            -0.21866489211840032,
            0.3784998916838789,
            -0.2688781321418436,
            -0.009420743157028063,
            0.3320103943555442,
            0.023393550151671876,
            -0.21101844942645942,
            0.23946853647358204,
            -0.19431917484515282,
            -0.13045422446980054,
            -0.11362867038658254,
            -0.3700654517682898,
            -0.05584359539744349,
            -0.08928818637102197,
            -0.09773896250210914
        ],
        [
            0.2691747620702887,
            0.34394039252420944,
            -0.2353441831284101,
            0.13809852505955075,
            -0.045952331727777726,
            0.45473039406265353,
            0.33088710929622484,
            -0.26878997792833553,
            0.8437021509448007,
            0.005195501361777494,
            0.3838640092020558,
            0.2840688994716783,
            0.2402548365696201,
            0.3348347530881775,
            0.436818769037798,
            0.16139389107091814,
            0.23289168354972795,
            -0.42116310938634877,
            0.09082743426107515,
            -0.3548132432084564,
            -0.8270335871285491,
            0.16493038784930641,
            -0.3904531865576219,
            0.3470503514525986,
            0.41304893470932846,
            0.5400696015173773,
            0.5210088445332041,
            0.08987244205793374,
            0.14088262803093882,
            0.08317702453286585,
            0.27196650419484103,
            0.2120977767121619,
            0.42706062381723764,
            0.627487906718755,
            0.17137095602569113,
            -0.004428673600594314,
            0.19927580134997655,
            0.18602813065620008,
            0.37304120500493543,
            0.28969113497353594,
            0.3194917137554277,
            -0.40071565023550354,
            -0.4013484149875893,
            0.40734521502208304,
            0.2811964159536794,
            -0.15613917877195335,
            0.3268449582792866,
            -0.3969843994868255,
            -0.23989238590285233,
            0.25687030789462106,
            0.7815683025692904,
            0.25013820772802053,
            -0.21897724959790435,
            0.44762724596865583,
            -0.09806130377601592,
            -0.11100924469435584,
            0.458854247496996,
            0.26295893373987816,
            0.3617563421038977,
            0.36722213850767216,
            0.4620236976487708,
            -0.15133800404990586,
            0.24747870349824036,
            0.2990505320989966,
            0.5229591021081357,
            0.3718708935916633,
            0.14083127566593748,
            0.4852020483984426,
            0.5675669762297759,
            0.36631070817122724,
            -0.04733548841870868,
            0.5621866639190874,
            -0.36922330910688367,
            -0.19046025497310537,
            0.19644606862597147,
            0.06189119475488739,
            0.15553977124671425,
            -0.1336496462923916,
            0.32807071000705684,
            0.5131754598563036,
            0.4306516950243702,
            0.020219128179351387,
            0.30621970652910896,
            0.2531918301768399,
            0.05069972316604629,
            0.3679325761720944,
            0.21723805499338417,
            0.5607454555981837,
            0.39561353381260295,
            -0.2542607258893052,
            -0.36570215271114515,
            0.5304039589963475,
            -0.13237086346025137,
            0.4882943722375909,
            0.24861917392102842,
            -0.24650526411459545,
            0.3670042911475078,
            0.45276802748337164,
            -0.0066116413970193,
            0.3288704905908983
        ],
        [
            -0.11466653894678107,
            0.6459953623816522,
            -0.7805876267006844,
            0.469576562666352,
            0.06601254300506235,
            0.8211236195598374,
            -0.058079364141844655,
            -0.0378827348309671,
            0.005195501361777494,
            1.3973217608748525,
            0.014214992369785717,
            0.7160484099621776,
            0.20708517306989327,
            0.46709339193486504,
            0.8138369906669175,
            0.44360346094808034,
            -0.3108876172000562,
            -0.9371334657128744,
            0.0036162447533993605,
            -0.16861487595333663,
            -0.07655571062810292,
            0.30346597055518115,
            -0.8376158371250909,
            0.5063595772546012,
            0.5468871994872821,
            -0.2938757523978064,
            0.3047826776703658,
            -0.07630809515802253,
            0.5595921214717997,
            0.9249101128033195,
            0.4261174293451425,
            -0.11869647207968108,
            0.04257355595083284,
            0.2912863517025659,
            0.004770960252857686,
            -0.20356479260283275,
            1.012336499393143,
            0.7134608085697305,
            0.5873210184863473,
            -0.0406309055323388,
            0.2680972176042262,
            0.0243885913171231,
            0.19633966505265135,
            0.27386112775670635,
            0.5251927553104692,
            -0.04307540966454522,
            0.44468987987489983,
            -0.16127828617545725,
            0.8276225186941142,
            0.6060459309884902,
            0.5083891275037077,
            -0.28319072138423523,
            1.1189266924250818,
            -0.02620289875621824,
            -0.31832946323852185,
            -0.5039085449605972,
            0.6099947767555441,
            0.1392012389515975,
            0.15221971784045096,
            0.30456940765318946,
            0.5860023084587478,
            -0.22329840070082482,
            0.1156693832378084,
            -0.22008095133971253,
            0.6553323485221347,
            0.08683172688766,
            0.3846644580398693,
            0.5374719792635794,
            0.33018457616787145,
            -0.3044960718810886,
            -0.20030376885074846,
            -0.06652054718860119,
            -0.6539618764608756,
            -0.427324575521334,
            -0.37780879470780027,
            0.0025659748833132866,
            -0.14773639073855122,
            -0.32766632526465383,
            0.783194378280756,
            0.3798401672048538,
            0.003497799239029108,
            -0.23564043969364767,
            0.8840075422616059,
            -0.39554918108175185,
            0.24309011109034237,
            0.33316294992073636,
            -0.09747956780136935,
            0.3332958945548161,
            -0.04723124153892821,
            -0.27655618052065006,
            -0.3467979980473774,
            0.6629074666423491,
            0.09420361710836363,
            0.5725841188031087,
            0.24872760279593478,
            0.10492908857513734,
            0.34114261752306674,
            -0.11037322982681476,
            0.9304961043387995,
            0.40164333670998265
        ],
        [
            0.2947232436179333,
            0.0454570729542661,
            -0.12949858334309364,
            -0.09306745740781927,
            -0.10120017030759687,
            0.17895795426927502,
            0.06697190916725654,
            -0.12467125293731589,
            0.3838640092020558,
            0.014214992369785717,
            0.9155682611786444,
            0.2593190231681128,
            0.18231159523921606,
            0.13474599161358392,
            0.49721215785130685,
            0.4453086493099954,
            -0.028016209814801574,
            -0.10588370876968767,
            -0.11529120814202615,
            -0.1411535547009712,
            -0.5777745652979277,
            0.1891713112130026,
            -0.20029524071657942,
            0.34973676520173147,
            0.15879410667473493,
            0.3146345213878215,
            0.22495667475425746,
            -0.1767947410806804,
            -0.27329746243053266,
            -0.06725575445226518,
            0.8596164930036322,
            -0.20579959291355063,
            -0.08562376814572978,
            0.3179640335949861,
            -0.24171029422546633,
            -0.5102734940260139,
            -0.2232299331332407,
            0.04087612885470942,
            0.018100404753481805,
            1.1760081869874954,
            0.2722914620349259,
            -0.37748459541155904,
            0.10199815062198778,
            -0.04739972462318062,
            0.3624645745156053,
            -0.03748733790710789,
            0.16765834108821803,
            0.18852785357057292,
            -0.3097732430681643,
            0.38281794831568605,
            0.08257255790291616,
            -0.23711625895621988,
            -0.028642215706125233,
            0.14305994675267392,
            -0.0795329608423623,
            0.13866903059557267,
            0.1575194372112098,
            0.0025413727334787093,
            -0.2510577585617319,
            0.42683984719918794,
            0.0011217136642921646,
            0.18543685836082388,
            0.022501695235218357,
            0.1903257504838855,
            0.07642651513590154,
            0.30157751448988573,
            0.0958985384630661,
            0.2913411876517703,
            0.13930970561945671,
            0.5370804427694148,
            -0.09449897398027267,
            0.00229182518806632,
            -0.1000695102465884,
            -0.4293288806907024,
            0.8757906256426495,
            -0.030526654900572908,
            0.07202302080667518,
            0.028149610125270664,
            0.26482780814436363,
            0.3179742697496548,
            0.1846124608934172,
            0.3123766121398825,
            0.09958112201708562,
            -0.2696478471137323,
            -0.2710288491259921,
            0.2824963966053449,
            0.048775807610454164,
            0.3759811545901089,
            0.1519836573310012,
            -0.10170847650492836,
            -0.4221520882558089,
            0.18957793945507825,
            0.18167051296748465,
            0.11820755876905348,
            0.044309073513793665,
            -0.47958212631754665,
            0.361883716906685,
            0.08027644677026265,
            0.054871421837873004,
            -0.1279555039482662
        ],
        [
            0.38002735877823557,
            0.7389561651677212,
            -0.2992511301380594,
            0.21140177745544642,
            0.12438598906385152,
            0.7045101884516406,
            0.04579457476065819,
            -0.39373684338461884,
            0.2840688994716783,
            0.7160484099621776,
            0.2593190231681128,
            0.9338137705658641,
            0.36198988183431646,
            0.4793004885809546,
            0.8397307376888471,
            0.7586586476111281,
            -0.33435211622456457,
            -0.6125542752116254,
            0.08967375016320149,
            -0.362575000376767,
            -0.6517927954016692,
            0.44508690973430737,
            -0.2239359047513901,
            0.7203270539299783,
            0.7197119493756543,
            -0.09018168125229029,
            0.6055256443265273,
            0.20135891713197385,
            0.19437802061550524,
            0.546608865062707,
            0.6365412297329897,
            -0.2252662958752756,
            0.06227160860698234,
            0.5785573498250373,
            0.2259319640558808,
            -0.20920202381369057,
            0.8479297254674738,
            0.6876079342947281,
            0.4738498952026898,
            0.11026634283126759,
            0.4609017648820566,
            -0.6260462575480692,
            0.33285254332886993,
            0.3578904729669627,
            0.6860454649099327,
            0.2643150094126866,
            0.5553112901334472,
            0.028144625972191698,
            0.16042132513546997,
            0.7415929349321118,
            0.3148392150523826,
            -0.369073827394989,
            0.5690255407495062,
            0.27097464854666836,
            -0.09415037441603934,
            -0.005876877767853276,
            0.5303295269840047,
            0.12135511005143405,
            -0.06372744432960825,
            0.6208073567522577,
            0.23261550942000667,
            -0.3163754490274207,
            0.4402469657307527,
            -0.2000999433460585,
            0.49556335595329365,
            0.45146223514377937,
            0.3045193994149635,
            0.6437260756942499,
            0.4189647896304146,
            0.4957108661760226,
            -0.051975633900743785,
            0.09935056825697669,
            -0.006344107803692534,
            -0.4211909582977608,
            -0.39431559461334115,
            -0.009770404669718631,
            -0.03657694569482128,
            -0.7877723246711699,
            0.7791960351229877,
            0.5770760729351203,
            0.19386939412733914,
            -0.29830772664090566,
            0.7100412028021552,
            -0.3732244390813706,
            0.168503955658795,
            0.39519027360431414,
            -0.04710388881654224,
            0.5704423768243022,
            0.0723003106930727,
            -0.24133104862593563,
            -0.4281715086884388,
            0.6951503671313867,
            0.07735118692167836,
            0.6438403401831676,
            -0.03718783491360847,
            -0.21131124489077735,
            0.6999556347274473,
            0.1013148233224123,
            0.5528080913436804,
            0.3741335367827434
        ],
        [
            0.3976050501845543,
            0.302280156469499,
            -0.17620019622983157,
            0.0317110356811621,
