{
    "fast": [
        [
            1.0826588424338435,
            -0.04348859459760306,
            -0.07415696350364238,
            0.2866970112958132,
            0.5483648376440042,
            -0.4854265580736212,
            0.47647202009779516,
            0.45308199854627895,
            -0.34099669989595477,
            0.10412997812399702,
            -0.2572343567857708,
            0.0177127075576625,
            0.17871367797624405,
            0.5580481820575381,
            0.233870210309649,
            0.28557062943473777,
            0.3658728382569134,
            -0.24406809595076842,
            -0.4366877244822475,
            -0.2542139645320396,
            0.464303671049615,
            0.5954718627800318,
            -0.556137059112951,
            0.5626765361712829,
            -0.5352147857153033,
            0.37205455041959534,
            -0.028383909347383943,
            -0.398098503030375,
            0.14634557936192824,
            -0.20905942526913013,
            0.35406140953481935,
            -0.09802729649949367,
            -0.17481960487384507,
            0.029999607170629532,
            0.7175012073382043,
            -0.12545181623087487,
            0.23208332035745427,
            -0.4781516475832928,
            0.5106667532496972,
            0.18731913521890473,
            -0.14977693437952827,
            0.2281250028166117,
            -0.029946441920229744,
            -0.4453887894834757,
            0.5383998757537527,
            0.4639116108160367,
            -0.26037901537237984,
            0.6433220879798431,
            0.46072997490806455,
            -0.14189528121519135,
            0.5242938628274831,
            0.33020239858821127,
            0.20993660396277503,
            0.22080307735918758,
            0.3252589210620192,
            0.3117176015224332,
            0.147937137926993,
            -0.15108423886633704,
            0.27191319392690033,
            -0.22055257076303658,
            -0.4954948083251461,
            0.2604217230441577,
            0.04866516565460897,
            -0.043108345838937814,
            0.39658876416371713,
            -0.2776269545816142,
            0.23851023050127182,
            0.40204753556113665,
            -0.02147773160428511,
            0.47022900694211445,
            -0.14141290489516153,
            0.3830595272251157,
            0.6908478859924259,
            -0.20965148851482293,
            0.6295096526660358,
            0.07468432350147915,
            0.6042107771670285,
            0.6019370594129432,
            0.2726916839916639,
            0.7661380456023473,
            0.5574700646035564,
            0.39122260080914995,
            -0.16616231902596215,
            -0.4253846596455619,
            0.32802023078342546,
            0.448733451329878,
            0.5233860517550175,
            0.23616255324343127,
            -0.2836073062661627,
            0.14030876644492368,
            0.35429978821376706,
            0.11682813777651843,
            -0.013546751326622562,
            -0.38205789153986824,
            0.1571450206660031,
            -0.053726210559821935,
            0.19673149458622957,
            0.1498721710552765,
            -0.2410810631537263,
            0.6380751208595252
        ],
        [
            -0.04348859459760306,
            0.7697100409105562,
            0.349390938954877,
            -0.03930884281925118,
            0.4132597592524774,
            0.21009142597491728,
            0.0005618246548063365,
            -0.6745425622698858,
            0.24489210769763978,
            0.47131316385638394,
            0.02649725822373709,
            -0.638526176841478,
            -0.18439299354638114,
            -0.30212510900852657,
            0.11649254689984276,
            -0.5069278103282212,
            0.24221708668541123,
            -0.23842230706252954,
            0.17085308452019188,
            0.6339919819816787,
            -0.45581685446495424,
            -0.5820438344429333,
            -0.015645849050139937,
            -0.47756486947011,
            -0.11824630060351027,
            -0.45382093662696527,
            0.7525643674021707,
            -0.00452672171906568,
            -0.07894707821093874,
            0.1345799340361489,
            -0.24992653114624275,
            0.7886348326888182,
            0.234164220205628,
            0.07113210039395738,
            -0.11678932297654145,
            0.331966485471993,
            0.3214907816336322,
            0.3067756576892475,
            -0.1577183025714373,
            -0.1264143321864526,
            0.3046802339175917,
            -0.12232917683021131,
            0.010489495799820893,
            0.4636744738026703,
            -0.07246168822333643,
            0.21702602283182054,
            0.16993511064910566,
            -0.040592049568428525,
            -0.49758885673748654,
            0.35924352355946465,
            0.06641723619688031,
            -0.497063700547937,
            0.18691232034981162,
            0.02770888326093089,
            -0.09518707001930983,
            -0.5634457569576306,
            -0.03396468907594069,
            -0.06683446208348427,
            -0.13759766114702585,
            -0.3251581425502339,
            0.16063672422496836,
            -0.49234255070445176,
            -0.28476324532046304,
            -0.44744970977439186,
            -0.0855890735314659,
            -0.28916716693948347,
            -0.13381592832257097,
            0.23110335803413642,
            0.8061991359709757,
            -0.02792276695006484,
            0.14579568280453206,
            -0.34773494219805445,
            -0.15599362014924434,
            -0.04884928223264323,
            -0.2548540208513834,
            -0.2370247582670911,
            -0.188428696901573,
            -0.009402717519099142,
            -0.4260689519812004,
            -0.2922716350607375,
            -0.6239326140815299,
            0.08951194955423737,
            -0.49053287976043847,
            -0.00730040452080945,
            -0.6600737117710928,
            0.15339596888617416,
            -0.29497410055911966,
            0.09523297400889102,
            0.29363345525364654,
            -0.3395669320077545,
            -0.027560084785879388,
            -0.31686454311736373,
            -0.5030642658286175,
            0.09202642643561709,
            -0.1740004515486959,
            -0.625592285327686,
            0.03862765802609184,
            -0.17016291074980802,
            -0.22043314419615825,
            -0.31728862371495364
        ],
        [
            -0.07415696350364238,
            0.349390938954877,
            1.4582659922856993,
            0.8539923679620814,
            0.2990471947045627,
            0.2446029437782363,
            -0.14875338720808126,
            -0.7401858229938507,
            0.2199737792736536,
            1.048804530899861,
            -0.23473317139929256,
            -0.6900199304561224,
            -0.3408041576240126,
            -0.3701580491310731,
            0.18106179513741305,
            -0.7398569917154889,
            0.32515034712001123,
            -0.12936798591000997,
            0.29987071747952665,
            -0.048533982746699136,
            -0.8939035495586781,
            -0.4964887624350714,
            -0.11608681405880976,
            -0.493038337097398,
            -0.02301006604714018,
            -0.6036932128031686,
            0.4805846573133705,
            -0.07434279897002181,
            0.16859777979947294,
            -0.11434399264841437,
            -0.696402385720873,
            0.36901881936263337,
            0.18047018400616893,
            0.016124945910465118,
            -0.17896342553140024,
            0.20593090831942176,
            0.7372435739410074,
            0.31187468277472224,
            -0.252163974147631,
            -0.2604727454123905,
            0.4778212328926942,
            0.19819194247698088,
            0.11204558782800852,
            0.7654832255970737,
            -0.05432918311759622,
            1.0268886082992121,
            -0.13047750043122966,
            0.24996709843332085,
            -0.390862392896268,
            -0.2797449512104675,
            0.6013281372797245,
            -0.6412972881820779,
            0.15045032993081014,
            0.34857878494643957,
            0.3415513563569341,
            -0.7501898048843731,
            -0.508199745827945,
            0.14895859948385975,
            -0.5172160109412145,
            -0.3024746895326431,
            0.586004044238138,
            -0.47652498719758923,
            0.09103396360345448,
            -0.6958484964750177,
            -0.4405888205096982,
            -0.017567257695934646,
            -0.28080370398143556,
            0.6384130302378804,
            0.5841594668043597,
            -0.028613689486856,
            0.40273614520916895,
            -0.2941968442830036,
            0.19727974886250996,
            -0.32927509668831356,
            -0.584551337115657,
            0.273926917825886,
            -0.14402072311494546,
            0.17742039509980298,
            -0.7494250749718954,
            0.052179184034339916,
            -0.2926431039839781,
            0.3129547189960318,
            -0.2576881283126652,
            0.5472430831865578,
            -0.5354080734801936,
            0.10776129907401334,
            -0.3684490876096476,
            0.06382707136794182,
            -0.05299728544485772,
            -0.24084274964487612,
            -0.6093927753470055,
            0.38780053228731476,
            -0.18209391190304558,
            0.23375643013558053,
            -0.028236815529022755,
            -0.345089548299563,
            -0.24296892110478435,
            -0.11345649629662516,
            -0.4804755235238562,
            -0.6374802329689865
        ],
        [
            0.2866970112958132,
            -0.03930884281925118,
            0.8539923679620814,
            1.3198689115158149,
            0.2443415471883793,
            -0.2694653679273229,
            -0.06415193736528603,
            0.07633169082581684,
            0.045476362516389084,
            0.7912227670184369,
            -0.14325006892154904,
            -0.20767846914231344,
            -0.021725629790730772,
            0.32638904404750835,
            0.40004601970198717,
            -0.24149107774835013,
            0.21214475591660126,
            -0.20294670514165544,
            0.050420408065010816,
            -0.5146522698415296,
            -0.13120558534330404,
            0.19501103625412688,
            -0.24886139803562216,
            0.16932961516477707,
            -0.07123651114220607,
            0.025084995388058737,
            0.0993258110997368,
            -0.35346500693038296,
            0.115788155061403,
            -0.5975388575813118,
            -0.3042480620876673,
            -0.05135653259316131,
            -0.25524512488041945,
            -0.013337022247467729,
            0.08825031388751994,
            -0.02920031963855133,
            0.8209238517364827,
            0.02004720552812043,
            -0.0184018352580976,
            -0.5918154506103263,
            0.33553456299492174,
            0.23061498262888963,
            0.26451232642181405,
            0.20910239485527293,
            -0.1969650002684387,
            1.027931019319836,
            -0.5783528827233198,
            0.43364317176368966,
            0.09942046448399232,
            -0.42587407302590113,
            0.7283223874305312,
            -0.29347875621581054,
            -0.17874828110925198,
            0.3702139168782551,
            0.7184583376535093,
            -0.010689188442012259,
            -0.02174863778582476,
            0.3759406717798629,
            0.05915473635897455,
            0.014422772387236167,
            0.004004744337141426,
            0.0029585884000775525,
            0.38929085223829063,
            -0.17382879921705874,
            0.03987079154929697,
            -0.5314138627613746,
            -0.09303160881421696,
            0.7376154351234104,
            0.4067267283316746,
            0.018480075623752337,
            0.31906752184261306,
            0.3996746101639733,
            0.31239419775938426,
            -0.06726464157917747,
            -0.06883834442454548,
            -0.06332796834560812,
            0.2907450611797642,
            0.6797761923412544,
            0.02907967630107805,
            0.5448398426933408,
            -0.033016010202716,
            0.2790146589772285,
            0.1129786478075125,
            0.07308772009937128,
            0.05345496240304829,
            0.33083809189905494,
            0.1880541788329217,
            0.22797219186022288,
            -0.21715718481807067,
            -0.15636562880804225,
            -0.4252356478496087,
            0.22086681596625116,
            -0.024642898648405416,
            -0.3242105006729018,
            0.2625732020807875,
            -0.2863633647206364,
            -0.09507848289063754,
            0.06389898266477845,
            -0.4314526592443815,
            0.05143516413556172
        ],
        [
            0.5483648376440042,
            0.4132597592524774,
            0.2990471947045627,
            0.2443415471883793,
            1.2046951374896695,
            -0.1875976282811416,
            0.6263187216561956,
            -0.39896379737035687,
            0.07895057486023697,
            0.38202667778686883,
            -0.20578713116406913,
            -0.5705291708229717,
            0.060461795393816575,
            0.09364588486117457,
            0.22516213854041736,
            -0.1520461529124287,
            0.5757109266648021,
            -0.14615954113701923,
            -0.1996558370472969,
            0.0011207623303115674,
            -0.10425520062993417,
            -0.08263407335162466,
            -0.3159663851632715,
            -0.3513844009553481,
            -0.5904512003432908,
            -0.2901276125614309,
            0.15534246324213152,
            -0.4483587524383106,
            0.1308951001451614,
            -0.35114158341825535,
            -0.18942078583211466,
            0.220206118885653,
            -0.00040001225506227874,
            0.02472071771286099,
            0.5516751521028178,
            -0.0473139227654259,
            0.27034836165125853,
            -0.258369338316179,
            0.38342489932902857,
            -0.4883719347170055,
            0.1974650495815867,
            -0.47774071545585217,
            -0.1291392618419378,
            0.08450737345469175,
            0.5999239069634137,
            0.3364978422804928,
            -0.3584270448762121,
            0.3936474516609073,
            -0.1601722284860136,
            -0.04210298103026169,
            0.45708337011785893,
            0.07087002166737037,
            0.6314698181554875,
            0.17326661817871308,
            0.1523044190543883,
            -0.38275077428660387,
            0.018540988369223948,
            -0.32494437689106137,
            0.11104918491249809,
            -0.416603286466692,
            -0.17967924855722736,
            -0.5152098230800664,
            -0.28040020390526993,
            -0.2229051201077116,
            0.00017558267211663272,
            -0.22928681137664741,
            0.06917092547584974,
            0.32464725372123343,
            0.24459435016959766,
            0.3829999276693661,
            0.09412503230692165,
            -0.3869864134183224,
            0.3550161676980203,
            -0.35310564598496774,
            0.04364157693890719,
            0.3572504800842408,
            0.26664392992096164,
            0.47454868115249843,
            0.028299754242508822,
            0.10048631399917476,
            -0.47025695411005747,
            0.477844434204267,
            0.32616498584174286,
            -0.15780959436526135,
            -0.22193112710624832,
            0.05694203260331795,
            0.29893260992960224,
            0.07045999997511265,
            0.04042991753057804,
            0.17836401924162995,
            0.3285946336414618,
            0.26841028298824987,
            -0.4774079723537706,
            -0.2358366987197989,
            -0.27882582053185745,
            -0.19449403729539902,
            0.3600308161377177,
            -0.06776651262278198,
            -0.18915291136949625,
            0.052776709801578024
        ],
        [
            -0.4854265580736212,
            0.21009142597491728,
            0.2446029437782363,
            -0.2694653679273229,
            -0.1875976282811416,
            1.0606901162963385,
            -0.3960941849096026,
            -0.7880492866001036,
            -0.20445327610358277,
            0.08311985927585097,
            0.14213376076267015,
            -0.36638501719905825,
            -0.4007698037183308,
            -0.8179629532050433,
            -0.1218644273804116,
            -0.34894500939929285,
            -0.14380690803041898,
            0.12611937047521696,
            0.4403033015580737,
            0.24701533565616532,
            -0.796805588449421,
            -0.7449417258788448,
            0.04663113900546808,
            -0.6822464555299212,
            0.37815537510838293,
            -0.6123840069909331,
            0.194968422770063,
            0.5277165201155894,
            0.07081176401266262,
            0.023147309075635825,
            -0.37167035905760526,
            0.5961429454945892,
            0.2713869622262055,
            0.010523198262422588,
            -0.6434527850461874,
            -0.05672971957972711,
            -0.13328515930685753,
            0.6633092091836691,
            -0.6409120188680912,
            -0.06584048490125391,
            0.3820187154298027,
            -0.1615821892953991,
            0.010114893761350333,
            0.512728030466352,
            0.010112357642172824,
            -0.1911246257570532,
            0.35372610583386105,
            -0.47115136443360806,
            -0.6939876989027967,
            0.30075969679698816,
            -0.4468650666928139,
            -0.6575556258550311,
            -0.021426537590298667,
            -0.45150526952850484,
            -0.4866687346255646,
            -0.7234229550302359,
            -0.4051632349180973,
            0.05331590179257284,
            -0.5874343424912618,
            -0.2349889182706591,
            0.547472521921516,
            -0.5653511038886315,
            -0.13346403881034147,
            -0.4563328974741379,
            -0.39182070397640545,
            0.4303068783547273,
            -0.1336880425204876,
            -0.2483682987481971,
            0.1790805593801843,
            -0.270872514769938,
            0.1901571657096005,
            -0.5853623753773638,
            -0.37852502811256983,
            -0.12579758432132257,
            -0.8227525355246562,
            0.1268534543525188,
            -0.7408733126022082,
            -0.7560881571122473,
            -0.7679481252259741,
            -0.7805538830591308,
            -0.19215907115093603,
            -0.2879611060747311,
            -0.16661143239410817,
            0.5160160403342718,
            -0.4373779385332395,
            -0.12354598788332229,
            -0.7466818760840204,
            -0.30082514705682106,
            0.09877853600253292,
            -0.46770531267091114,
            -0.2110742623596513,
            0.0692863662460219,
            -0.192439116798943,
            0.37987943772531874,
            -0.2685588445106388,
            -0.08510857553735335,
            -0.3779139687464826,
            -0.08601271179762365,
            -0.11152074339089978,
            -0.6601245189868417
        ],
        [
            0.47647202009779516,
            0.0005618246548063365,
            -0.14875338720808126,
            -0.06415193736528603,
            0.6263187216561956,
            -0.3960941849096026,
            0.9154307100865695,
            -0.03676775770688556,
            0.19089869190239783,
            -0.11414412691848805,
            -0.2907964803303769,
            -0.13570187650956828,
            0.13482083463021202,
            0.17822189237016164,
            -0.09019307096392983,
            -0.01893115175397461,
            0.49934841038458777,
            -0.16699049400436308,
            -0.31043075906206463,
            -0.11862410475523381,
            0.15952473758624244,
            0.17669013862013783,
            -0.2201661437555689,
            -0.06811885524303968,
            -0.3024657216881784,
            0.07411504404949283,
            -0.16187082850460288,
            -0.3754897121830023,
            0.1448258019144035,
            0.008081310631966146,
            0.288833046720158,
            -0.4684184002689448,
            -0.001357963047616325,
            -0.0016334729545055273,
            0.6639985194951009,
            0.1360096878708709,
            -0.09166816712564038,
            -0.48721205875996787,
            0.38632839058006907,
            0.009965902839970781,
            -0.12533701230220115,
            -0.3250793336956534,
            -0.292805312710928,
            -0.36687850732545546,
            0.8537367539677692,
            -0.007837807527480409,
            -0.25059872772136055,
            0.3792055146434138,
            0.11685141423132124,
            -0.07254949602935709,
            0.3934404615833496,
            0.38289871082965454,
            0.48869382823913116,
            0.2215901772728784,
            0.016562083312675908,
            -0.03486995771442511,
            0.1368818697687382,
            -0.3950078707583348,
            0.06772146226383133,
            -0.3598059252168913,
            -0.5912823117237956,
            -0.04204274713830391,
            -0.043234868841599675,
            0.0502458989719765,
            0.06683490977446241,
            -0.12899710414312104,
            0.13212351071258968,
            0.32170455293140104,
            -0.2941127514381318,
            0.47243439778446894,
            -0.27854644792248,
            -0.24443543906448512,
            0.38697286875037834,
            -0.43017836334868914,
            0.2742453798746237,
            0.14881196006375608,
            0.3084321991891641,
            0.32748750344653804,
            0.2640023051448387,
            0.3303810751034278,
            -0.058206489440098555,
            0.34832497117259376,
            0.24946930768443135,
            -0.1866189635726805,
            0.20715505582304827,
            -0.02038696986767163,
            0.19650608919011325,
            0.0986981080140887,
            0.09608612839411186,
            0.09736950247982137,
            0.3938607239920238,
            0.08484459101235327,
            -0.07016199163981199,
            -0.006241707853422158,
            -0.16888529334835112,
            -0.031300384493066324,
            0.3977185019276304,
            0.026809914481441786,
            -0.02057235700434964,
            0.23615902945263792
        ],
        [
            0.45308199854627895,
            -0.6745425622698858,
            -0.7401858229938507,
            0.07633169082581684,
            -0.39896379737035687,
            -0.7880492866001036,
            -0.03676775770688556,
            1.6713680045343002,
            -0.3662221422962035,
            -0.5310340782386159,
            0.16469290325226182,
            0.9986434197051661,
            0.4790794005895498,
            1.0502689699046586,
            0.07471710426374663,
            0.7627855909430251,
            -0.32326955839641,
            -0.15175113769605603,
            -0.5897024109798403,
            -0.5338440611942574,
            1.2462523317208152,
            1.1348990816860778,
            -0.11834487954917229,
            1.048959540098048,
            -0.051415597854213645,
            1.1518325290934723,
            -0.7171655084511708,
            -0.2746563951900385,
            -0.04263959327792988,
            -0.18526585828254957,
            0.5057824083435721,
            -0.7060841955676654,
            -0.5190067396028566,
            -0.06959599746596924,
            0.538480145987108,
            -0.48572095977229046,
            -0.06458940449682314,
            -0.7922328060057107,
            0.4587781609578141,
            0.5145495361421272,
            -0.6325941452719274,
            0.15212544517611196,
            0.001825423275991967,
            -0.7826832088585866,
            0.03826282490805232,
            -0.06613933621714013,
            -0.32874382415907755,
            0.1759559566378668,
            0.9047459729892403,
            -0.5057086979286083,
            0.20449979241927058,
            0.9506120417792538,
            -0.4576617585918184,
            0.19215808236652332,
            0.4881419804296329,
            1.403502822525202,
            0.271313908734129,
            -0.06806791135360711,
            0.6505982611140204,
            0.6367449625986759,
            -0.6064785695343446,
            1.243564181733362,
            -0.09094740492511387,
            0.7011196586938324,
            0.7203659055950585,
            -0.14173764992034496,
            0.40726272455599627,
            -0.0386065359168278,
            -0.4817065049763416,
            0.3726316234646413,
            -0.22747691631296643,
            1.2646111346646276,
            0.22551015624166942,
            0.6349936421622315,
            0.7667090154620845,
            -0.3009668533333268,
            0.8273114377015984,
            0.5678569120460525,
            0.8926491627577372,
            1.0227404072893507,
            0.5363907581012523,
            -0.013843005005042647,
            0.04778460753563264,
            -0.8135194036929004,
            0.6885340836443892,
            0.3235183243899007,
            0.8207644663173893,
            0.12536571472469027,
            -0.34327783747772767,
            0.6269084609436775,
            0.3428112356310517,
            -0.1652218380784327,
            0.36231594559551455,
            -0.4501779955609611,
            0.4149662824799083,
            0.1277909707645426,
            0.0501120914396879,
            0.1682324965752618,
            0.23528082367624917,
            1.0299452676618095
        ],
        [
            -0.34099669989595477,
            0.24489210769763978,
            0.2199737792736536,
            0.045476362516389084,
            0.07895057486023697,
            -0.20445327610358277,
            0.19089869190239783,
            -0.3662221422962035,
            1.1091603856558372,
            0.1680104379378859,
            0.12423682190488416,
            -0.22010550923485525,
            0.02292845990039179,
            -0.10515684343831483,
            -0.021933925503602614,
            -0.49710495889881645,
            0.12336092195568876,
            0.1843347866996469,
            0.3258710179473167,
            0.31429135711153017,
            -0.2284101292609055,
            -0.3203443967949718,
            0.44525970566202133,
            -0.30231395385856036,
            0.2554293196932442,
            -0.11332836293095123,
            0.4885888061409724,
            -0.06975409583418843,
            0.050718801113088685,
            0.2713484384662793,
            -0.14582492096324268,
            -0.07397216713718907,
            0.12888786459087836,
            0.017722284150621444,
            -0.22412336139793934,
            0.8293448168866324,
            0.14465924984498502,
            0.20733022880397337,
            -0.30149232977955887,
            -0.223450070907081,
            0.24751567545368255,
            -0.05632170422484495,
            0.1751081013835164,
            0.3956826884826786,
            0.33275548714566844,
            -0.07462123003187825,
            0.11635854605552522,
            0.0023269063070061892,
            -0.10273468028641707,
            -0.09701530478907015,
            0.08823778149935306,
            -0.2613737016291765,
            0.0012729915368106305,
            0.24863876404595464,
            0.1054088361294654,
            -0.19129365998559292,
            -0.08902657007520907,
            0.058456551575237894,
            0.15750550863936041,
            0.07600356178097963,
            0.008895021007210095,
            -0.1492851141884027,
            0.16599488816034055,
            0.40260896380861516,
            -0.18230131166415303,
            -0.20439104983542955,
            -0.04940893695695015,
            -0.08822237173954486,
            0.23456144682648028,
            -0.1863752379380475,
            0.06771422623548753,
            -0.40307228374891857,
            -0.19739070981726306,
            -0.017559132070683096,
            -0.2909916592995687,
            -0.032326433523879664,
            -0.2708040001944226,
            -0.04027370306718848,
            -0.09413188415740933,
            -0.23944105761431794,
            -0.5580537330930841,
            -0.08291582575150173,
            -0.12312486851729584,
            0.2917503458062113,
            -0.19759305746850642,
            -0.05462906752878195,
            -0.23253965904363663,
            0.12930135272132168,
            0.23624720084406428,
            -0.27436511087854154,
            -0.23985712454891758,
            -0.411921421860851,
            -0.1606304095751644,
            0.04374721871173524,
            -0.04660519773369203,
            -0.5386011655424985,
            0.2171759309585954,
            -0.03553850461417861,
            0.019600152381663394,
            -0.1203999976321373
        ],
        [
            0.10412997812399702,
            0.47131316385638394,
            1.048804530899861,
            0.7912227670184369,
            0.38202667778686883,
            0.08311985927585097,
            -0.11414412691848805,
            -0.5310340782386159,
            0.1680104379378859,
            0.9538026904784048,
            -0.09642783251246388,
            -0.596175638919187,
            -0.20591246554847234,
            -0.09420510773153232,
            0.3235531907063124,
            -0.6742850890488576,
            0.33782485643662763,
            -0.2447810960135637,
            0.17436201182118444,
            -0.0013499198621605914,
            -0.5486747804682647,
            -0.314272495084616,
            -0.1302168345214315,
            -0.3001182399645358,
            -0.07588565814453097,
            -0.4039662688609827,
            0.5528334634393393,
            -0.21772863992193628,
            0.010793607882451412,
            -0.25655177203725393,
            -0.46672132817359324,
            0.4352589684730083,
            0.06411359110010076,
            0.030892438456009315,
            -0.01241821163366133,
            0.2236996684489864,
            0.7988249162026811,
            0.23852959309955937,
            -0.1153810572033111,
            -0.31007937269253966,
            0.4295878027557955,
            0.15569215792222393,
            0.15061177676105555,
            0.5618849785215858,
            -0.21679710501738617,
            0.9522474855824063,
            -0.17089413163870215,
            0.2404507454242783,
            -0.36187960938222064,
            -0.1272638535793881,
            0.5570790262969143,
            -0.5512181670466473,
            0.1388291999634948,
            0.2750231098988163,
            0.37564712481041757,
            -0.524458440258839,
            -0.20591348247372554,
            0.23277503972052177,
            -0.2419643453976425,
            -0.2677294423155751,
            0.25146084978470995,
            -0.3748873981838948,
            0.07669306403317495,
            -0.5174272828587739,
            -0.15855885245273413,
            -0.3279703525875117,
            -0.15802262145446147,
            0.7137472429209922,
            0.7038411266308722,
            0.0317916772704674,
            0.36986977083259986,
            -0.037539323487123,
            0.1647466566395237,
            -0.16362091565587364,
            -0.29382222660545043,
            -0.0653887399361664,
            0.054726262746426196,
            0.392780264971126,
            -0.4765943444499325,
            0.16420827876397093,
            -0.380326380314428,
            0.3113869866884558,
            -0.29514080532056414,
            0.17483570219578157,
            -0.4742865057641415,
            0.28306605651814265,
            -0.16787342999400323,
            0.17276214119361566,
            0.009164275100339408,
            -0.3078257507319641,
            -0.32964463245164366,
            0.21301297730544935,
            -0.26471151160008805,
            -0.06170878047452385,
            0.08088911023308808,
            -0.55637545716639,
            -0.07860795822360174,
            -0.0844521555768298,
            -0.3960133217188527,
            -0.31714152406909657
        ],
        [
            -0.2572343567857708,
            0.02649725822373709,
            -0.23473317139929256,
            -0.14325006892154904,
            -0.20578713116406913,
            0.14213376076267015,
            -0.2907964803303769,
            0.16469290325226182,
            0.12423682190488416,
            -0.09642783251246388,
            0.44612114130671526,
            0.14443692051942048,
            0.11116409482305284,
            0.21593100920753094,
            0.12529702363186124,
            -0.048614794752762085,
            -0.20541343919859092,
            -0.07184865840619213,
            0.08354557350644568,
            -0.021956035429887714,
            0.0807998941844432,
            0.06115540709285754,
            0.4157115118358408,
            -0.02559962454074642,
            0.18156822478725965,
            0.17462088530486314,
            0.039501163885615094,
            -0.0037259594779378304,
            -0.11161785652666517,
            -0.13898374917510925,
            -0.11093561958365569,
            0.0537684976287651,
            -0.1296583588755746,
            -0.02346922818333684,
            -0.1470567802346075,
            0.11433268366242816,
            0.08114472302208997,
            0.0739272527690138,
            -0.1611791594282045,
            0.07318711508098767,
            0.04671167907957956,
            -0.1162883058293256,
            0.18431160739860408,
            0.1593220963219736,
            -0.29388816321536354,
            -0.15895406145133784,
            0.15198831838635815,
            -0.30448295138269554,
            -0.11451378775964259,
            -0.08593773217213235,
            -0.19081203751061881,
            0.05077100087541179,
            -0.17773498398486023,
            -0.05430055989347431,
            0.0199346062161118,
            0.19191547719688934,
            0.04402002549070905,
            0.08430977041784622,
            0.2795743845750839,
            0.3096816252329455,
            0.016013015952430324,
            0.22203050683070638,
            -0.1818500604045422,
            0.43241199232663696,
            0.026803778245536154,
            0.08321037788842964,
            0.20357225773915064,
            -0.15891160768422774,
            0.1201907057989945,
            -0.11135512101674662,
            0.17299211233777934,
            0.017118782362614493,
            -0.2669344294155719,
            0.458465209854333,
            -0.12290586885387385,
            -0.28663126495143765,
            -0.023995292997643483,
            0.057659538582258904,
            0.16510497584997152,
            -0.09864336771468984,
            -0.2534847426331572,
            -0.19504495718482778,
            0.0675331489946605,
            -0.1395814070677878,
            0.01334005383911589,
            0.004343851327766855,
            0.08944001934073718,
            -0.039387620121066856,
            -0.0173637556141456,
            0.01135725567758332,
            0.19569736225560452,
            -0.09029985856425603,
            -0.18361261130439835,
            -0.18013869618202277,
            0.07872315124172334,
            -0.31435209738482245,
            0.05326939033562611,
            -0.11421899286194803,
            0.24845310318651131,
            0.20609304810830492
        ],
        [
            0.0177127075576625,
            -0.638526176841478,
            -0.6900199304561224,
            -0.20767846914231344,
            -0.5705291708229717,
            -0.36638501719905825,
            -0.13570187650956828,
            0.9986434197051661,
            -0.22010550923485525,
            -0.596175638919187,
            0.14443692051942048,
            0.9554478153557366,
            0.3007081037783681,
            0.524294187052247,
            -0.08321233289507647,
            0.46407265869540565,
            -0.28046911356921234,
            0.19417999437035915,
            -0.3224858450907229,
            -0.3548125201986271,
            0.8746111155080569,
            0.7664816035311187,
            0.2143737669291456,
            0.7849893846188714,
            0.18118594029307233,
            0.7481185400593446,
            -0.6187581652800673,
            -0.019418951363822805,
            -0.1722352068369263,
            -0.025102987638077074,
            0.470365887417852,
            -0.6189196108589754,
            -0.2393392657993821,
            -0.05154886751439175,
            0.18034489243820864,
            -0.15255851105023108,
            -0.30091321825073253,
            -0.41604547327582153,
            0.21014135342703233,
            0.20132161532971404,
            -0.5137472048638605,
            0.17766167310171144,
            0.0500945916767703,
            -0.5936726274285794,
            -0.040239622894897825,
            -0.31158301853887166,
            -0.07578580030948934,
            -0.02741478195458218,
            0.6396123980145099,
            -0.17725075001266144,
            -0.10618002275102296,
            0.626765765854824,
            -0.3259718826782157,
            -0.007188720673362455,
            0.05500712819491447,
            0.9518488083814108,
            0.26131088983211087,
            0.06541291504765637,
            0.36850740056081766,
            0.5345109410210279,
            -0.3220249068208355,
            0.7570184775832931,
            0.20530955007666196,
            0.7064914489261661,
            0.38719526068290316,
            0.12892789626560122,
            0.15818535010778334,
            -0.28227856017155023,
            -0.5340767391250351,
            0.080625649280499,
            -0.1894497151806491,
            0.8170526299618132,
            0.03967457205585369,
            0.35873045016672106,
            0.5897227268681677,
            -0.11323204647826444,
            0.3303125547401288,
            0.14020563830927943,
            0.5944005954533209,
            0.4410526309976496,
            0.3350444140563063,
            -0.18481376480128162,
            0.23278234484895585,
            -0.4171468728960568,
            0.6606150413807922,
            0.015657543414093155,
            0.41335775235834576,
            0.07220692093922546,
            -0.2018233248310647,
            0.30372068891396486,
            0.23370986421975068,
            0.11491178259880717,
            0.39119913022730457,
            -0.2032903847079916,
            0.3032172904416172,
            0.35812386472258606,
            0.0584615284762628,
            0.24659032442509676,
            0.3782527159197848,
            0.560136578843049
        ],
        [
            0.17871367797624405,
