{
    "fast": [
        [
            1.300648109213616,
            -0.0631353706514145,
            -0.07386357708634149,
            0.34277471484550304,
            0.5078683093802091,
            -0.567363720521598,
            0.6182329148379888,
            0.4275772235600872,
            -0.26561051570063576,
            0.14624468901451074,
            -0.43617573948488614,
            0.01900534312589046,
            0.3475991280066408,
            0.6238370612664111,
            0.38307715370663226,
            0.35995930337836446,
            0.5752129357599295,
            -0.30965595474496244,
            -0.7646159500048629,
            -0.18323755564387334,
            0.49357185423879824,
            0.5762524102625498,
            -0.6871787471207916,
            0.5795304711529937,
            -0.5641623406922361,
            0.42867102611395547,
            -0.030403799851227452,
            -0.5545495538401329,
            0.20407619813166225,
            -0.27242607625209275,
            0.4728183829855038,
            -0.10471632937125387,
            -0.33777644128902057,
            0.10255246417438411,
            0.7860981316217381,
            -0.1413508956657218,
            0.20124137494003755,
            -0.6075823212443272,
            0.5964774931890722,
            0.20036022799045677,
            -0.21483635818251126,
            0.2864235403221817,
            -0.04837098086528662,
            -0.5245470592513075,
            0.5815070196248604,
            0.6074986796429223,
            -0.3558157743330337,
            1.0479607743333734,
            0.4689748122481958,
            -0.205899196067874,
            0.6493196287262798,
            0.3254783050694273,
            0.2686966025735255,
            0.17883396941771196,
            0.36644410429172314,
            0.28922445324975293,
            0.16099739941012797,
            -0.21889041921468153,
            0.3309138806133317,
            -0.2843791975868005,
            -0.6415750074611104,
            0.31399068878367153,
            0.04700879816055374,
            -0.04733630975650037,
            0.5551706434262267,
            -0.36011656602531156,
            0.08950516316932201,
            0.47912885950898115,
            -0.02216663674282616,
            0.6705411662298943,
            -0.1862087090694235,
            0.3776890293275027,
            0.962715808795626,
            -0.2906789654520096,
            0.5989061085205346,
            0.09996508720502016,
            0.6844046277480573,
            0.6688908095095638,
            0.26306966819006716,
            0.7932920422477598,
            0.61657689333017,
            0.7663044992168611,
            -0.15090615128196588,
            -0.41360547985364804,
            0.31077584898453114,
            0.4223982594239804,
            0.5700095822175196,
            0.5148036714022362,
            -0.25078443520702975,
            0.1408090824403741,
            0.27021667799564686,
            0.12753795676034285,
            -0.012017526765447246,
            -0.31296729747337027,
            0.28601982744368243,
            -0.0534727373904471,
            0.31064280877972356,
            0.2924121974060696,
            -0.35684415231041744,
            0.5070201647391508
        ],
        [
            -0.0631353706514145,
            1.3503728208104506,
            0.42055152305055,
            -0.05679433863227393,
            0.46252350500446215,
            0.2967396172697751,
            0.0008809366714236645,
            -0.7692655575714349,
            0.23051492674564192,
            0.7999135818530462,
            0.05429535105534355,
            -0.8279395776101193,
            -0.43340555684169835,
            -0.4081459291764868,
            0.23058903984996912,
            -0.7721739677272356,
            0.46018496536931813,
            -0.3655480602899903,
            0.36151337362363095,
            0.5522402110474646,
            -0.5855551747873454,
            -0.6806696363392752,
            -0.023362332142362875,
            -0.594400295984463,
            -0.1506234972865328,
            -0.6318750576728036,
            0.9741559331990662,
            -0.00762013714123868,
            -0.13303869711112135,
            0.21192803388200704,
            -0.40332699964585783,
            1.0180579862115966,
            0.5467501776333613,
            0.2938497597083316,
            -0.15462739646204068,
            0.4520068609180192,
            0.33687675579249,
            0.47107444250670927,
            -0.22262182880522902,
            -0.16340105739631527,
            0.5281244812271831,
            -0.18560729841374224,
            0.02047497843853123,
            0.6599142972927586,
            -0.09457745722031524,
            0.3434401638384405,
            0.28062832930999493,
            -0.07990734835528998,
            -0.6120725047888813,
            0.629948172075827,
            0.09940168167468443,
            -0.5920836188255371,
            0.28909535338830117,
            0.027120212751206994,
            -0.12959422694346565,
            -0.6317641391232875,
            -0.04466820150625955,
            -0.11701383787282137,
            -0.2023601208642178,
            -0.5066517055684753,
            0.2513519988679291,
            -0.7173582669900636,
            -0.33240997720833193,
            -0.5937538591336864,
            -0.14478833948243092,
            -0.4532727658064071,
            -0.06068453976512502,
            0.3328207209999633,
            1.0055019022387872,
            -0.048117566588536914,
            0.23199829042461517,
            -0.4143292650560688,
            -0.26269492463524186,
            -0.08184704743380429,
            -0.2930063372551368,
            -0.383390886233292,
            -0.25792930597498237,
            -0.012626608365295446,
            -0.49671576705743975,
            -0.36571427472257534,
            -0.8339356813404325,
            0.21187886139193293,
            -0.5383586505981595,
            -0.008577891725698866,
            -0.755732750601797,
            0.1744925124412638,
            -0.38821567982706306,
            0.2508690711404527,
            0.3137746647519189,
            -0.4118133560135283,
            -0.025401009791119047,
            -0.4180178434309262,
            -0.539302686077248,
            0.09109856117856951,
            -0.38271463151907686,
            -0.7524311499474066,
            0.07370805746095181,
            -0.4012070598600471,
            -0.39429526012774857,
            -0.3046751939816657
        ],
        [
            -0.07386357708634149,
            0.42055152305055,
            1.2042741275925233,
            0.8465445398053414,
            0.22963149774703748,
            0.23703360345277485,
            -0.16002645887769817,
            -0.5791468904053646,
            0.14206144117542457,
            1.2212626966682707,
            -0.33000248466854476,
            -0.6138504920799862,
            -0.5495864042892682,
            -0.3430811702048544,
            0.2458942528844671,
            -0.7732107028993288,
            0.42383118411901977,
            -0.1360834937068971,
            0.43532803745084325,
            -0.029004890371543062,
            -0.7878601626683495,
            -0.39835579903866947,
            -0.1189271431618571,
            -0.4210254717583337,
            -0.020109629346538708,
            -0.5766921157293746,
            0.4268111598518689,
            -0.08586159158072618,
            0.19492826114481956,
            -0.12353854634148645,
            -0.7710565316967216,
            0.3268331584702159,
            0.28910452780447815,
            0.04570240027402676,
            -0.1625655892826233,
            0.19237709280745646,
            0.5300228015170809,
            0.3285714347750044,
            -0.24420228771402183,
            -0.23099462340348753,
            0.5682487641626308,
            0.20631558058207503,
            0.1500529835653216,
            0.7474653483735765,
            -0.04865118205510645,
            1.1149198380227143,
            -0.1478308440067072,
            0.3376055862257674,
            -0.3298656909535852,
            -0.33655741696107266,
            0.6174552593020634,
            -0.5240967134905609,
            0.15965310265195853,
            0.2340755523807038,
            0.31903971364309575,
            -0.577105284846444,
            -0.4585495830566593,
            0.17893009115605263,
            -0.5218754588179645,
            -0.3233589981457993,
            0.6290992295720834,
            -0.4763601799455771,
            0.07290790265708713,
            -0.6335165192910394,
            -0.5113635534960853,
            -0.01889277071260055,
            -0.08736834708982402,
            0.6307930208595676,
            0.4998653388351036,
            -0.0338298521928946,
            0.4396851170303395,
            -0.24050068769508723,
            0.22793361985054236,
            -0.37851644482328795,
            -0.4610937313390329,
            0.3039931653042818,
            -0.13525697428701808,
            0.16346241065097936,
            -0.5994283981506471,
            0.04479541480598988,
            -0.268357785423795,
            0.508240365848498,
            -0.19403452870883586,
            0.4411588051205331,
            -0.42057335815699454,
            0.08410207349539983,
            -0.33269609868986555,
            0.11535747158478586,
            -0.0388550077548377,
            -0.2003962773585624,
            -0.38534414955164253,
            0.3510028255507687,
            -0.13393237682825115,
            0.15876090361005704,
            -0.04261097222241538,
            -0.2847660585648394,
            -0.31808877899181803,
            -0.1835329581051733,
            -0.5896536153909279,
            -0.41998168738832886
        ],
        [
            0.34277471484550304,
            -0.05679433863227393,
            0.8465445398053414,
            1.5704851639224338,
            0.225214454415346,
            -0.3134428817436067,
            -0.0828403496023874,
            0.07169024488351469,
            0.03525317483341087,
            1.1059118903591192,
            -0.24173792954780604,
            -0.22176839953130015,
            -0.04205432689533221,
            0.36312192542704097,
            0.6521368259608802,
            -0.30294122660894085,
            0.33193129586427056,
            -0.2562523481649655,
            0.08786100194102625,
            -0.3691870038820484,
            -0.1388091253867112,
            0.1878140707673085,
            -0.3060291850710492,
            0.17356726404382936,
            -0.07473018497386294,
            0.02876397889535574,
            0.10588518505126802,
            -0.49001984287419004,
            0.16069201869272906,
            -0.7749300489208503,
            -0.4043533132302428,
            -0.05459847406599508,
            -0.4908107918448484,
            -0.04537397567719604,
            0.09622497624621193,
            -0.032743616332868535,
            0.7084246215117177,
            0.025351913302069533,
            -0.02139119472990062,
            -0.6299891910332048,
            0.47898016958834055,
            0.28816469173504683,
            0.4252095461247247,
            0.24508775167301547,
            -0.2117173734754948,
            1.339650448495646,
            -0.7865558181212847,
            0.7030180934157462,
            0.10071548854879091,
            -0.6150144574564165,
            0.8976868083084084,
            -0.28789619024619223,
            -0.22768441689374183,
            0.2984111599542711,
            0.8055593387412416,
            -0.009870424756040008,
            -0.02355543532918042,
            0.5420562185336384,
            0.07164595112806318,
            0.018507675482112268,
            0.005160604195781774,
            0.0035501077742277494,
            0.37424203541749784,
            -0.1899643893535342,
            0.05554671382670046,
            -0.6860121008141793,
            -0.03474473741371569,
            0.8748273423717101,
            0.4177645000640794,
            0.026226310559806364,
            0.41812965571234,
            0.3921860012009724,
            0.4332474900028421,
            -0.09281537291988759,
            -0.06517847451903945,
            -0.08435908860949393,
            0.32775871040467736,
            0.7517743827897565,
            0.027919386890524728,
            0.561451637872173,
            -0.03634190676721135,
            0.5439035413181127,
            0.10211468376025365,
            0.07072391614327615,
            0.05040250090333598,
            0.3099321347077793,
            0.20382639645364678,
            0.4945724275440737,
            -0.19110620692251784,
            -0.15617250759550158,
            -0.32276642233209524,
            0.2399605768095396,
            -0.02175650626914572,
            -0.2643104218659192,
            0.4756235413815176,
            -0.28364889104486996,
            -0.14941255153676097,
            0.12407544903434004,
            -0.6355739114042867,
            0.04067531984365001
        ],
        [
            0.5078683093802091,
            0.46252350500446215,
            0.22963149774703748,
            0.225214454415346,
            0.8601456564069027,
            -0.16903580271521076,
            0.6265034148771708,
            -0.2902582499901185,
            0.04740931865476923,
            0.41362934869039053,
            -0.2690073050224645,
            -0.4719347373208208,
            0.09065990361649637,
            0.08070519667962989,
            0.2843282675365286,
            -0.14775038737161614,
            0.6977763974479384,
            -0.14295815087051728,
            -0.2695055475307693,
            0.0006227904435817295,
            -0.08543962340057801,
            -0.06164871085781004,
            -0.30098308770239496,
            -0.27900582893139425,
            -0.47981445549949187,
            -0.25770325404884664,
            0.12828006445336793,
            -0.4814916899239474,
            0.14071793864558285,
            -0.35275608548208015,
            -0.19500992787017285,
            0.18134688325537668,
            -0.0005958347750739953,
            0.06514857728165442,
            0.46596240648695014,
            -0.04109830363337844,
            0.18072174734429872,
            -0.25310094892236734,
            0.345263061678057,
            -0.4027109139671147,
            0.21835664427281481,
            -0.4624251064522938,
            -0.1608093486328161,
            0.07672786379591401,
            0.4995276217084009,
            0.33970794812661353,
            -0.37760115774602526,
            0.4943531853188579,
            -0.125690830617777,
            -0.047099128640800014,
            0.43640780245022076,
            0.05385396898307258,
            0.6230744368992569,
            0.1081865126108114,
            0.13228309709993383,
            -0.27378086354470693,
            0.015555639085817832,
            -0.36293591454877483,
            0.1041869697519795,
            -0.4141157231210121,
            -0.17935751583310436,
            -0.4788913851212738,
            -0.20881062600093267,
            -0.18869761558642625,
            0.00018948771973984892,
            -0.22928406566553913,
            0.02001142387514412,
            0.2982634162930702,
            0.19461268422906566,
            0.4210445495756742,
            0.09554971856089844,
            -0.2941556183811941,
            0.38139687500317365,
            -0.3774275914569694,
            0.032008853005623325,
            0.36864219816213195,
            0.23284638501739754,
            0.4065352846350147,
            0.021047226534707322,
            0.0802132868339859,
            -0.4009721864455878,
            0.7215680576606063,
            0.22836264455258978,
            -0.11829086066782912,
            -0.16209819493961705,
            0.041321870103120835,
            0.2509843453884324,
            0.11840950536578108,
            0.02756127773806984,
            0.13799598171792327,
            0.1932035280149906,
            0.22589388731068258,
            -0.3264998114135764,
            -0.1489342216996436,
            -0.3912387233190371,
            -0.1492333290189253,
            0.4382686602854354,
            -0.10193021747264443,
            -0.2158449263941181,
            0.03233024985025584
        ],
        [
            -0.567363720521598,
            0.2967396172697751,
            0.23703360345277485,
            -0.3134428817436067,
            -0.16903580271521076,
            1.2061363120590338,
            -0.5000149955661746,
            -0.7235373876754129,
            -0.15493837792650234,
            0.11357401196661782,
            0.23447666144481133,
            -0.38247082261693377,
            -0.7583779883947706,
            -0.8896167482714638,
            -0.19420398615235457,
            -0.4279240520302609,
            -0.21996220538842062,
            0.15567542467596635,
            0.7500568009865027,
            0.17322431187800152,
            -0.8240821023256847,
            -0.7013642942025468,
            0.05605750300159894,
            -0.6836417864837415,
            0.38780741586710993,
            -0.6864536080682703,
            0.20318412551828402,
            0.7151882119039789,
            0.09607004672260154,
            0.02934602449670413,
            -0.48288479273146845,
            0.6195660844189277,
            0.5101501787755008,
            0.034998394895280505,
            -0.6858681799909101,
            -0.06218735568915166,
            -0.1124410737036739,
            0.8200216922987776,
            -0.7283241903765811,
            -0.06851603707549986,
            0.5331106105047465,
            -0.1973781851559567,
            0.01589537698897322,
            0.5874921630329449,
            0.010626060235123252,
            -0.2434986659017122,
            0.4702796347517125,
            -0.7467012173560837,
            -0.6872656917357053,
            0.4245962734024736,
            -0.5384309362660323,
            -0.6305857638226419,
            -0.026680615655474412,
            -0.3557767468227968,
            -0.5334353717730421,
            -0.6530340252348343,
            -0.4289844208762758,
            0.07515090124922645,
            -0.6955268145164475,
            -0.29478333248532856,
            0.6896686703154326,
            -0.6631742393257318,
            -0.12542815875653487,
            -0.4875112705222071,
            -0.5336337755279992,
            0.5430372248436572,
            -0.048809401544947624,
            -0.2879658122771228,
            0.17981655689836537,
            -0.37579483887435255,
            0.24360908649000831,
            -0.5615167918445695,
            -0.5131922778246406,
            -0.16969060537708333,
            -0.7615447353991374,
            0.1651927707824821,
            -0.8164662987460897,
            -0.8174221919137747,
            -0.7207764850285652,
            -0.7863190526055018,
            -0.20677423683839888,
            -0.5487583157938888,
            -0.14721397460001562,
            0.48813225231026647,
            -0.403156203636308,
            -0.11314416522283949,
            -0.7911620806423564,
            -0.6379910401579953,
            0.084979777757939,
            -0.45665477907013585,
            -0.15661969718676966,
            0.07358844534646607,
            -0.16608986663161088,
            0.30275087954987506,
            -0.47555945151513096,
            -0.0824117945361602,
            -0.5805641304757456,
            -0.1632702162792753,
            -0.1605983148488896,
            -0.5103276819375105
        ],
        [
            0.6182329148379888,
            0.0008809366714236645,
            -0.16002645887769817,
            -0.0828403496023874,
            0.6265034148771708,
            -0.5000149955661746,
            1.2828820610800684,
            -0.037475845035757675,
            0.16059964299457055,
            -0.17314279769403665,
            -0.5325595932989666,
            -0.1572617664812767,
            0.28322033416080794,
            0.21518255458453914,
            -0.15956258153997688,
            -0.02577290866649885,
            0.8479078976343444,
            -0.2288267046626681,
            -0.5870615679750412,
            -0.09234950415575097,
            0.18315671331558112,
            0.1846759557603388,
            -0.29382243466044794,
            -0.07577594223359396,
            -0.344348889860515,
            0.09222961909563447,
            -0.1872711068511831,
            -0.5649296801790529,
            0.218124888605995,
            0.011373843750727902,
            0.4165903204123577,
            -0.5404404732728298,
            -0.0028338294396064436,
            -0.006030995640878677,
            0.7857199365085996,
            0.16551524051911884,
            -0.08584963015971711,
            -0.6686579845361222,
            0.487370946048996,
            0.011513107396338887,
            -0.1941729445709322,
            -0.4408305828112525,
            -0.5108167754595212,
            -0.46667440179689385,
            0.9959109860156805,
            -0.011085396321114643,
            -0.36986617247889614,
            0.667171894451338,
            0.12846462602178918,
            -0.11370187638618506,
            0.5262708466702819,
            0.4076357455055985,
            0.6755498407561978,
            0.19383934485973497,
            0.02015301465171821,
            -0.034943921214351185,
            0.16089187448087255,
            -0.6181016106065174,
            0.08901384568385216,
            -0.501072473218102,
            -0.8268938282654325,
            -0.05474912481703659,
            -0.04510675883592999,
            0.05959093430323364,
            0.10104992310119758,
            -0.18072072740190323,
            0.05355101607065582,
            0.4140746730058301,
            -0.3278474283431218,
            0.7276190727221302,
            -0.39614584419211496,
            -0.26030278062820966,
            0.582428638558555,
            -0.6441852144449943,
            0.28180078770881034,
            0.21513113509946433,
            0.37733814882236993,
            0.3930478390994246,
            0.27507627590590317,
            0.3694773026093449,
            -0.0695318259995754,
            0.7369000455578423,
            0.24470230148822142,
            -0.19597774989552125,
            0.21197698112495147,
            -0.02072683018497304,
            0.23114396483647565,
            0.2323731587317803,
            0.09176781526802681,
            0.10553957645501309,
            0.32443706704515823,
            0.10003746901357106,
            -0.06722462401756353,
            -0.005522296953313555,
            -0.33199678830591495,
            -0.03364669518740222,
            0.6782811407823744,
            0.05649583716834295,
            -0.032888651924805085,
            0.20267701989926318
        ],
        [
            0.4275772235600872,
            -0.7692655575714349,
            -0.5791468904053646,
            0.07169024488351469,
            -0.2902582499901185,
            -0.7235373876754129,
            -0.037475845035757675,
            1.2390231138786705,
            -0.22408317874948397,
            -0.5858632911748226,
            0.2193698744943383,
            0.841726065160398,
            0.7319778709206117,
            0.9222944123813929,
            0.09613929796456205,
            0.7552868322080324,
            -0.3992389028274686,
            -0.15124114176572728,
            -0.8111008218873018,
            -0.3022728010999477,
            1.040695846773757,
            0.8627367998799286,
            -0.11487008012461607,
            0.8486835341980571,
            -0.042573607179000474,
            1.0425008507011817,
            -0.6034546203717694,
            -0.30054471827881196,
            -0.04670844066048674,
            -0.18964608628662535,
            0.5305777676775993,
            -0.5925069439818257,
            -0.7877379847030783,
            -0.18688926872536568,
            0.46343986808055404,
            -0.4299104726998428,
            -0.043995088521012436,
            -0.7907912645951664,
            0.4209483211738025,
            0.43234071136620106,
            -0.7127834074548017,
            0.15004006796671518,
            0.002316182721723114,
            -0.7241036899813365,
            0.0324635948596448,
            -0.06803611347662718,
            -0.35289571813387544,
            0.2251594123859961,
            0.7234346022778447,
            -0.5764434249913684,
            0.1989510327079587,
            0.7360625165707376,
            -0.46013810693939683,
            0.12225682673199717,
            0.43201044701722474,
            1.0229550293383802,
            0.23194407099194475,
            -0.0774675079333754,
            0.6219667530649095,
            0.6449421881842183,
            -0.6168695843668478,
            1.1778156884461708,
            -0.0690113975229516,
            0.6047762851604818,
            0.792152515697412,
            -0.14442296853093858,
            0.12005639752655431,
            -0.03614142981978168,
            -0.39053815765711236,
            0.4174123620175724,
            -0.2352977892078033,
            0.9794779687014771,
            0.24686035263461725,
            0.6915993896010098,
            0.5730024614724174,
            -0.31645148214729624,
            0.7361444926112704,
            0.49569282386550945,
            0.6764711098059089,
            0.8318807060799854,
            0.4660328698081384,
            -0.02129989115657309,
            0.03409039162430422,
            -0.6213580720282516,
            0.5124383733095133,
            0.23922255664304035,
            0.7021794686798964,
            0.2146737534156765,
            -0.23845064317581877,
            0.49421914154214563,
            0.20538365297067562,
            -0.1416866783344726,
            0.25248579875936594,
            -0.289683405187547,
            0.5933048448427295,
            0.09991160724247514,
            0.062158354679807536,
            0.2578421681819193,
            0.27357196310071824,
            0.6428906888536629
        ],
        [
            -0.26561051570063576,
            0.23051492674564192,
            0.14206144117542457,
            0.03525317483341087,
            0.04740931865476923,
            -0.15493837792650234,
            0.16059964299457055,
            -0.22408317874948397,
            0.5601654793269217,
            0.1529915668395427,
            0.13658712640025314,
            -0.1531258730856256,
            0.0289149650787009,
            -0.07621911782342569,
            -0.02329456539279117,
            -0.40627010070991065,
            0.12574854933075214,
            0.15163610696937824,
            0.36995168440718507,
            0.14688397831121588,
            -0.15743110028993132,
            -0.2009997625340821,
            0.35672059242348136,
            -0.20188430918608335,
            0.17457161872085472,
            -0.08466092858815352,
            0.33933297838647436,
            -0.06300085331391805,
            0.04585731558199961,
            0.22926256776972656,
            -0.12626250797129784,
            -0.05123451503959934,
            0.1614649090348417,
            0.03928051112712048,
            -0.15920919910163803,
            0.6058758593802122,
            0.08132919202471865,
            0.1708161784756067,
            -0.22832824950260483,
            -0.15496612458235914,
            0.2301931815561371,
            -0.045849912509532874,
            0.1833887990596068,
            0.30214758494288524,
            0.2330247972570784,
            -0.06335769983860293,
            0.10309661486801115,
            0.0024576631820831755,
            -0.06780270588557462,
            -0.09127542266228979,
            0.07085414151522006,
            -0.16704389691578564,
            0.001056395217475915,
            0.1305691674985768,
            0.07699853144958288,
            -0.11508034672932221,
            -0.0628185912219977,
            0.054912053705576544,
            0.1242817481221518,
            0.06353990304793822,
            0.007467619992644307,
            -0.11670325481307978,
            0.1039638989575431,
            0.286644347541007,
            -0.16546371964493087,
            -0.17189777202560022,
            -0.012021910459274792,
            -0.06816800084704715,
            0.15696214592052335,
            -0.1723181974043734,
            0.05781196994775847,
            -0.2576783555358799,
            -0.17834842631555112,
            -0.01578503697048135,
            -0.1794997269351226,
            -0.02805456847901502,
            -0.19888702324639929,
            -0.029017006876720295,
            -0.05887928631363546,
            -0.16075022623473265,
            -0.40019219470666484,
            -0.10530324927499139,
            -0.07250151476996652,
            0.18392583729347103,
            -0.12137946403353707,
            -0.03334144086880588,
            -0.1642040807013544,
            0.18275134030869203,
            0.1354492915178402,
            -0.17852607165878076,
            -0.11860985723530053,
            -0.29156358473431526,
            -0.09239205109452235,
            0.023235238508699147,
            -0.05499925075213522,
            -0.3475684912449911,
            0.22234430353360632,
            -0.0449573328123397,
            0.018810564830892808,
            -0.06203071704209743
        ],
        [
            0.14624468901451074,
            0.7999135818530462,
            1.2212626966682707,
            1.1059118903591192,
            0.41362934869039053,
            0.11357401196661782,
            -0.17314279769403665,
            -0.5858632911748226,
            0.1529915668395427,
            1.566026146532287,
            -0.19114858038211632,
            -0.7478269770278021,
            -0.4682088989077692,
            -0.12311474343403711,
            0.6195739822761602,
            -0.9936182491028588,
            0.6209065125853825,
            -0.3630633724217313,
            0.356911367430719,
            -0.0011375204500174829,
            -0.6818665827139674,
            -0.355544547534104,
            -0.1881010225947727,
            -0.3613649285208798,
            -0.09351296652534331,
            -0.5441250906946167,
            0.6922869048026308,
            -0.3545696142589836,
            0.01759606358964361,
            -0.3908319697070941,
            -0.7286341910557523,
            0.5435647098812584,
            0.14481897324249404,
            0.1234578933420723,
            -0.015905573184395894,
            0.29466129381254613,
            0.8097688915993262,
            0.35433812194270925,
            -0.1575531644456928,
            -0.3877380209776902,
            0.7203622170431885,
            0.22852762117393643,
            0.2844033687547718,
            0.773621865955277,
            -0.2737408608939439,
            1.4577937039365911,
            -0.27301248404412387,
            0.45790863314568364,
            -0.43062902880130316,
            -0.21588770371780122,
            0.8065600460967566,
            -0.6351868290766415,
            0.20772605248185957,
            0.2604055418910264,
            0.4947601702639246,
            -0.5688803087416726,
            -0.2619766423551722,
            0.3942576608638796,
            -0.34424862813824286,
            -0.40356916201391585,
            0.38064037068469403,
            -0.5284167101326631,
            0.08660703495226273,
            -0.6642300261682857,
            -0.25948527665977655,
            -0.4973386340986446,
            -0.06932605351755071,
            0.9943871636028163,
            0.8492238306072125,
            0.052998747985013035,
            0.5693717605245416,
            -0.043270377395682416,
            0.2683912912539531,
            -0.26521043865020444,
            -0.3267963023379933,
            -0.10231940491782113,
            0.07246968952932513,
            0.5102581437162153,
            -0.5375067309205483,
            0.19877293785363645,
            -0.4917657560471967,
            0.713040236990311,
            -0.3133572849666051,
            0.19873333541912572,
            -0.5253195210607692,
            0.3114996825332459,
            -0.21373621559505818,
            0.44026617190987793,
            0.009473651858131362,
            -0.3611494425511518,
            -0.29391612001806555,
            0.27185304569425056,
            -0.2745294290870852,
            -0.059095292730677845,
            0.1721161859466157,
            -0.647366633110371,
            -0.14510756970808997,
            -0.19262886443090108,
            -0.6852695295785369,
            -0.2946067336639587
        ],
        [
            -0.43617573948488614,
            0.05429535105534355,
            -0.33000248466854476,
            -0.24173792954780604,
            -0.2690073050224645,
            0.23447666144481133,
            -0.5325595932989666,
            0.2193698744943383,
            0.13658712640025314,
            -0.19114858038211632,
            1.0677010826260926,
            0.21874257933239288,
            0.30517557211135815,
            0.34070525708762894,
            0.2896786222915854,
            -0.08649134810794977,
            -0.45581821346980084,
            -0.12866233593853427,
            0.2064715223511173,
            -0.022337437736017193,
            0.12123371308761272,
            0.08353158406074662,
            0.7250104733517743,
            -0.0372147762394813,
            0.2701345808280242,
            0.2839736486932624,
            0.059721387879880676,
            -0.007325753293375738,
            -0.21969024376970525,
            -0.2556273347551094,
            -0.2090985969066189,
            0.0810698991620737,
            -0.35359334920930274,
            -0.11323838992889936,
            -0.227406841784756,
            0.1818261550030462,
            0.09931114173672892,
            0.13258927187776948,
            -0.2657233441183028,
            0.11049136714824426,
            0.09456984321090237,
            -0.20608017322004266,
            0.42020062833591165,
            0.2648411915047145,
            -0.4480190193967524,
            -0.2937961302552444,
            0.2931526154248452,
            -0.7000739066663162,
            -0.16452245292759263,
            -0.17600902314683653,
            -0.3335445681910567,
            0.07063531609368186,
            -0.32107853517049817,
            -0.06207454543342272,
            0.03169936253300647,
            0.2513321399066582,
            0.06761706008750934,
            0.17240499513203691,
            0.48022683741634153,
            0.563592861443905,
            0.029264816917500696,
            0.3778475040164816,
            -0.24793551314741882,
            0.6701856364978838,
            0.05295981379157626,
            0.15234328329964622,
            0.10782612938141865,
            -0.2672974979647941,
            0.17508406643008975,
            -0.22412513787512456,
            0.32151526202303476,
            0.023823486433277533,
            -0.5250305922639749,
            0.897194054236118,
            -0.1650415585103235,
            -0.5415104025389552,
            -0.03836320418158998,
            0.09043564805996274,
            0.2248140197702598,
            -0.1441644916804909,
            -0.3957144085545168,
            -0.5392330613733117,
            0.08656767329338157,
            -0.19155627262927236,
            0.01783892008690911,
            0.005771291000197439,
            0.1374852926281559,
            -0.1211866238450764,
            -0.02167160989670889,
            0.016087316672223892,
            0.21066412105757643,
            -0.13913725046602682,
            -0.22990414027360093,
            -0.20827691968946263,
            0.20223779994601884,
            -0.4415978147864659,
            0.11872153012226687,
            -0.3145409239545639,
            0.5190680020762144,
            0.2311431933913584
        ],
        [
            0.01900534312589046,
            -0.8279395776101193,
            -0.6138504920799862,
            -0.22176839953130015,
            -0.4719347373208208,
            -0.38247082261693377,
            -0.1572617664812767,
            0.841726065160398,
            -0.1531258730856256,
            -0.7478269770278021,
            0.21874257933239288,
            0.915630625028394,
            0.5223824685814409,
            0.5234763827868993,
            -0.12173672649238003,
            0.5224544371989883,
            -0.39382754887568566,
            0.22003688233729418,
            -0.5043193155420835,
            -0.22842129965764493,
            0.8303971254685452,
            0.6624846522245751,
            0.23658221768696047,
            0.7221107827848556,
            0.17057801641058273,
            0.7698577808204115,
            -0.5919692839281656,
            -0.024160068737312232,
            -0.21451479633536566,
            -0.029216414088682925,
            0.5610145861734125,
            -0.5905058504007803,
            -0.413024440681579,
            -0.15738822475162248,
            0.1764739273494586,
            -0.15352553828329707,
            -0.23304360400093183,
            -0.4721748479030999,
            0.21922525190279848,
            0.192327929056008,
            -0.658165164895255,
            0.19922881181489832,
            0.07226917246027377,
            -0.6244745966433641,
            -0.038817404085079596,
            -0.36442356498981904,
            -0.09249742320680626,
            -0.03988631696478469,
            0.5814903330144464,
            -0.2297192317527857,
            -0.11744895242328028,
            0.5517847139153326,
            -0.3726290628434521,
            -0.0052001884111569936,
            0.05535031151682833,
            0.7887951455533575,
            0.253992991538269,
            0.08464351132128634,
            0.40054700915173125,
            0.6155521822557087,
            -0.3724091717624349,
            0.8152083461558054,
            0.1771302228801216,
            0.6928871790434006,
            0.4841040277005086,
            0.14936572222233577,
            0.05301880225624623,
            -0.30045220501918063,
            -0.4923088382374322,
            0.10268614036243613,
            -0.22280630591868159,
            0.7195164208641494,
            0.04937993310802192,
            0.4442285574721887,
            0.5011027541845204,
            -0.13536638467866557,
            0.33417359195669816,
            0.13915288066457682,
            0.5121541483504506,
            0.4078862461396449,
            0.33097154049875355,
            -0.3233213097423923,
            0.18881957363477364,
            -0.36225636755097057,
            0.5590075394592973,
            0.013163757542430933,
            0.402076485244841,
            0.14058273946515656,
            -0.15939588160893883,
            0.2722342819267818,
            0.1591991984268943,
            0.11204155779554362,
            0.3099562484264395,
            -0.1487336372425658,
            0.49291502248073393,
            0.318347941356082,
            0.08244800560803345,
            0.42970765816408324,
            0.500057697772444,
            0.3975300203887575
        ],
        [
            0.3475991280066408,
            -0.43340555684169835,
            -0.5495864042892682,
