{
    "fast": [
        [
            1.6281996759601494,
            -0.055275073464339915,
            -0.0903652007523508,
            0.3873352372167356,
            0.6243762535797438,
            -0.6046696452761087,
            0.6671099917932345,
            0.44980274282834687,
            -0.31345926597298585,
            0.17089788574736137,
            -0.4842632942763382,
            0.02232833784666056,
            0.42678158198633026,
            0.5924413617069414,
            0.32310724547948516,
            0.39147919821586263,
            0.6376788611362391,
            -0.401129435985439,
            -0.8191108001940001,
            -0.2084603480505076,
            0.47332886314668493,
            0.6883291063249019,
            -0.7826710447976843,
            0.6110696638452618,
            -0.6109981002999435,
            0.4183925515833635,
            -0.03719425696918344,
            -0.6173737161100145,
            0.29771945278530454,
            -0.27344404838809133,
            0.48496766097000604,
            -0.12104286811418674,
            -0.3000397298318196,
            0.20601570624405924,
            0.9093875212003988,
            -0.16495861446331894,
            0.3689819567460118,
            -0.7115208489482236,
            0.5313882873775645,
            0.22987132067105379,
            -0.21534136965589198,
            0.3239850868229219,
            -0.04001247448901291,
            -0.5967499992031909,
            0.660636399487466,
            0.6998869398404933,
            -0.3563249558752128,
            1.0206716361366825,
            0.45782140814900557,
            -0.2132636798057264,
            0.8149744352043329,
            0.3782464746553868,
            0.31731645218739396,
            0.20383326975118476,
            0.4094643292752755,
            0.2954496445369288,
            0.20777323627584332,
            -0.25848544338045154,
            0.2597266751025178,
            -0.26136773903790994,
            -0.7044399812873569,
            0.3435953261442652,
            0.05567840676005611,
            -0.04349993857960786,
            0.6014132973240534,
            -0.2569573016439606,
            0.1268051748968153,
            0.5436350796074869,
            -0.021104693388322382,
            0.8378480239718463,
            -0.09818510369346571,
            0.4340922711758302,
            1.0234196070774597,
            -0.30965751481474363,
            0.7369561497073494,
            0.11061631457535098,
            0.7199122139335851,
            0.7431659091059527,
            0.2938265366389118,
            0.7698074538825661,
            0.6529995180475452,
            0.7561502257230902,
            -0.19912754480496161,
            -0.5517232647140115,
            0.3604549939702146,
            0.40013657488221127,
            0.5158912936590994,
            0.6293939434485845,
            -0.3978281563395483,
            0.1555298059082135,
            0.4051519188965288,
            0.1427758265279831,
            -0.014056461882709636,
            -0.2897795345720844,
            0.31880806090039066,
            -0.05966176436408989,
            0.2672037229918936,
            0.3263410451932736,
            -0.37518569320449124,
            0.4975551809581586
        ],
        [
            -0.055275073464339915,
            0.8268353315994293,
            0.3598312155281373,
            -0.04488404823002554,
            0.39768372269231506,
            0.22117746782675998,
            0.000664811854994585,
            -0.5659689016218803,
            0.19025831410404978,
            0.6537450317249116,
            0.04215911013057481,
            -0.6802805706976022,
            -0.37216044286728067,
            -0.27108058406065816,
            0.13602159087010396,
            -0.5873259470735048,
            0.3567915383232965,
            -0.3311755945084313,
            0.2708522271193381,
            0.4393855185233317,
            -0.39272556144353327,
            -0.5686283404869688,
            -0.01860949062711272,
            -0.4383310232394823,
            -0.11408728328553897,
            -0.4313201727126825,
            0.8334609299669269,
            -0.0059330677455291135,
            -0.13573804322323815,
            0.14877054465139422,
            -0.28932400338640013,
            0.8230117855889877,
            0.3396620971661996,
            0.4128462223648441,
            -0.12510291057587433,
            0.36891830649658147,
            0.43198398234640933,
            0.38581649235641735,
            -0.13870573135203987,
            -0.13111032089693034,
            0.37022413993555026,
            -0.14683179392095272,
            0.011845208599177273,
            0.5250543393516603,
            -0.07514566195007488,
            0.2767211652275597,
            0.1965446818424542,
            -0.05442976788825562,
            -0.4178863576591094,
            0.45632662781805555,
            0.08725451920877247,
            -0.4812210682526301,
            0.23877028073448647,
            0.021618566397675437,
            -0.10127511255972683,
            -0.45134868075800566,
            -0.040316048046336685,
            -0.09663964046341982,
            -0.11107983998004331,
            -0.32566599216044034,
            0.19301348240192692,
            -0.5490037736299991,
            -0.27535340158343513,
            -0.38160093917562155,
            -0.10969551320845027,
            -0.2261966833660109,
            -0.06012785281333483,
            0.26410355279061487,
            0.6695312977728514,
            -0.042048664252828584,
            0.08555376814498539,
            -0.33304432437308795,
            -0.19530621150133815,
            -0.06097892716808763,
            -0.2521556258310322,
            -0.29670260853359703,
            -0.1897474892041688,
            -0.00981128756121013,
            -0.3880046486704325,
            -0.24819879599168126,
            -0.6176848020423367,
            0.14621875613678795,
            -0.49682659552142117,
            -0.008002474839337075,
            -0.6130286511427423,
            0.11560368295674618,
            -0.2457298176990203,
            0.21450468880584433,
            0.34811405374231774,
            -0.3181208492365716,
            -0.02663578345693079,
            -0.3272794919362604,
            -0.4411662172720909,
            0.05899144203688603,
            -0.29834376319947714,
            -0.5871366437305124,
            0.044340941494066845,
            -0.31315080049360444,
            -0.28993322435193436,
            -0.20910376911395498
        ],
        [
            -0.0903652007523508,
            0.3598312155281373,
            1.4398566935822046,
            0.9348696791493413,
            0.2758987632559637,
            0.2468820733987265,
            -0.16875635991341859,
            -0.5954143496600527,
            0.16384571772048756,
            1.3947254001561593,
            -0.3580636938086126,
            -0.7048006890573472,
            -0.6594562717091748,
            -0.3184154366186716,
            0.20268978178767028,
            -0.821818997221703,
            0.4591867158867522,
            -0.17227949066757894,
            0.45576289985659724,
            -0.03224803294860271,
            -0.7383882464304543,
            -0.46502634216106603,
            -0.13237731442305775,
            -0.4338562430633777,
            -0.021284471211953575,
            -0.5500812724380186,
            0.5102779715751722,
            -0.09341782295218695,
            0.2779154542531062,
            -0.12118400976247118,
            -0.7729077791292632,
            0.3692104103234554,
            0.25097319247938366,
            0.08972557963128709,
            -0.18379084765714296,
            0.21940818487932964,
            0.9497415511568267,
            0.3760411199632315,
            -0.212613421475607,
            -0.25899905348179264,
            0.5566487278170016,
            0.22807168412319245,
            0.12130485499319518,
            0.8310402647669662,
            -0.054016192120375985,
            1.2553049052877516,
            -0.14468021001259815,
            0.32134657460049504,
            -0.31470725700443203,
            -0.3406782794642013,
            0.7573802568873834,
            -0.595233425743308,
            0.18425989077331323,
            0.26073788809956666,
            0.3483983694313444,
            -0.5761380338211572,
            -0.5783358018395445,
            0.20649795387455283,
            -0.40030542680293335,
            -0.29044381920999407,
            0.6750543563597792,
            -0.5094352125860465,
            0.08439277900510915,
            -0.5689514664481456,
            -0.5413764200879971,
            -0.013174573007537172,
            -0.12096675759603318,
            0.6994634953142878,
            0.4651095938908669,
            -0.041310736362252985,
            0.22657417689466708,
            -0.27013884436098234,
            0.2368029176680415,
            -0.3940722034725513,
            -0.5544918334987726,
            0.32874388779945635,
            -0.13904305587160143,
            0.1774890159371751,
            -0.6543055208454527,
            0.042482063958617096,
            -0.2777556145771055,
            0.4901160191300129,
            -0.25022255129886956,
            0.5751127513148968,
            -0.4767257111604759,
            0.07786026282189074,
            -0.29427053722232094,
            0.13783188139846791,
            -0.0602372268655577,
            -0.2163194862953033,
            -0.5646476839764063,
            0.38401560440649674,
            -0.15309800412921393,
            0.14365982884747097,
            -0.04641705991421387,
            -0.31050952816802757,
            -0.2673945685222093,
            -0.20017660157870618,
            -0.6058814867512735,
            -0.40278139958068243
        ],
        [
            0.3873352372167356,
            -0.04488404823002554,
            0.9348696791493413,
            1.6019259904765504,
            0.24993202254319105,
            -0.3015403237590506,
            -0.0806896116009541,
            0.0680766192499387,
            0.03755471424961347,
            1.166561109220003,
            -0.24226753689934444,
            -0.23518559720207635,
            -0.04660881448690824,
            0.31128418155443416,
            0.49651177237609967,
            -0.29740211096970437,
            0.33216353787302666,
            -0.2996424438017103,
            0.08496221582495643,
            -0.3791279068732178,
            -0.1201602987671841,
            0.20250786035897891,
            -0.31463191493666626,
            0.1652009900736746,
            -0.07305706224407585,
            0.02534189896489059,
            0.11692667555473656,
            -0.4924382987794949,
            0.21161163539005876,
            -0.7021221616856839,
            -0.3743775621795947,
            -0.05696861749134206,
            -0.39354454149507834,
            -0.08227946229248366,
            0.10048249698338103,
            -0.034493197742646226,
            1.1724973783946853,
            0.026799310609604908,
            -0.017202174051442316,
            -0.652434250214529,
            0.43337873984520314,
            0.29423034272271364,
            0.31750012601329053,
            0.25168652125137403,
            -0.21711729235401125,
            1.3931709969233161,
            -0.7110186132806499,
            0.618070337423688,
            0.08875099325248817,
            -0.5750133827635925,
            1.017046189384123,
            -0.3020084823294112,
            -0.24271359463899653,
            0.3070227062596473,
            0.8125241007578622,
            -0.00910153586927071,
            -0.027440515014260543,
            0.5778086626941857,
            0.05076023261062868,
            0.01535452593128423,
            0.005114786263259622,
            0.0035067305384253937,
            0.40012031097255657,
            -0.15757844890212272,
            0.054316938515929114,
            -0.44185524953861577,
            -0.04443327273021979,
            0.8959997128533043,
            0.3590386110379397,
            0.029580627577920092,
            0.1990155286003128,
            0.4068835677152882,
            0.4157402422438088,
            -0.0892520729819219,
            -0.07239648421712405,
            -0.0842622583384192,
            0.31120833948713555,
            0.7539602555528386,
            0.028148580306730946,
            0.49180364940235805,
            -0.034742711117096495,
            0.484461173651204,
            0.12163063457091847,
            0.08515922366399635,
            0.05276989757311511,
            0.2650227265684869,
            0.16652017106941666,
            0.5458096433437025,
            -0.27365293526615053,
            -0.15571050921141727,
            -0.4368420915587214,
            0.24248534974574473,
            -0.022971029374068128,
            -0.22090900447394912,
            0.47854950958667913,
            -0.285676913544385,
            -0.11601086437789983,
            0.12499494538292577,
            -0.6032038809249926,
            0.03603108807163438
        ],
        [
            0.6243762535797438,
            0.39768372269231506,
            0.2758987632559637,
            0.24993202254319105,
            1.0385195525268427,
            -0.1769223581374737,
            0.6639206521796424,
            -0.2998744900584996,
            0.054947378145170596,
            0.47469575301330313,
            -0.29331314942387393,
            -0.5445152391275518,
            0.10931749142098175,
            0.0752702074841818,
            0.23552005673518556,
            -0.15780884060904027,
            0.7596911462118954,
            -0.1818701531000689,
            -0.28354005657525105,
            0.0006958222665161832,
            -0.08046728360782081,
            -0.07231939633046057,
            -0.3366658414943219,
            -0.28891835823047,
            -0.5103363566921154,
            -0.24701716317517106,
            0.15411844030209365,
            -0.5264340662474616,
            0.20160984475701038,
            -0.3477296536732666,
            -0.19643666907880505,
            0.2058648995440743,
            -0.000519783716490951,
            0.12853061353865403,
            0.5293836443708356,
            -0.047102910737481234,
            0.3254210816017528,
            -0.29108758862134476,
            0.30207546130987883,
            -0.453747334600602,
            0.21494805224102234,
            -0.5136947533624987,
            -0.13063790960401248,
            0.0857251968406756,
            0.5573326145009274,
            0.38435777686159733,
            -0.37136568628715,
            0.47285258692047205,
            -0.1205029248731679,
            -0.047909598754786994,
            0.5379295154924314,
            0.06146359699411255,
            0.7226329526443254,
            0.12110040341800214,
            0.14516439318740307,
            -0.27466224499165454,
            0.01971541917884682,
            -0.42090753209485576,
            0.08030866225508514,
            -0.373786222980117,
            -0.19340315425897445,
            -0.5146534827174515,
            -0.24288889562437477,
            -0.17029742115475435,
            0.00020159279955263577,
            -0.1606716117803655,
            0.02784288883069679,
            0.33235525030448604,
            0.1819691636340471,
            0.5166724057593451,
            0.04947917383436736,
            -0.33202611565429874,
            0.39818067037380045,
            -0.3948653971189463,
            0.038681243773914145,
            0.40061139317771605,
            0.240537901424013,
            0.4435843437843449,
            0.023086735534381564,
            0.07644388317153365,
            -0.41704918584997824,
            0.6992483074035486,
            0.29593536889354816,
            -0.15496499923230456,
            -0.18464152462831293,
            0.038442667205877835,
            0.22308485616875154,
            0.14217227219902218,
            0.0429379888998229,
            0.14969138802748386,
            0.28449079293460094,
            0.24835169046904199,
            -0.3750518132019304,
            -0.13542868594197507,
            -0.4282746807349917,
            -0.1635222732269594,
            0.3702278033521534,
            -0.11171888175459997,
            -0.2228727352864514,
            0.03115820964849836
        ],
        [
            -0.6046696452761087,
            0.22117746782675998,
            0.2468820733987265,
            -0.3015403237590506,
            -0.1769223581374737,
            1.0943638876310282,
            -0.45934300454123683,
            -0.648003377472264,
            -0.15566952765595185,
            0.11299111893866373,
            0.22162993716907484,
            -0.3825495939450041,
            -0.7927230117235464,
            -0.7192599946667128,
            -0.13945283262846564,
            -0.39621484225992215,
            -0.20760136137961432,
            0.17168561617515252,
            0.6840726194411662,
            0.16777473791896325,
            -0.6728090731025415,
            -0.7132401578309336,
            0.054356571016555784,
            -0.613693896704265,
            0.35756963613698356,
            -0.5704003212212786,
            0.21161505027425054,
            0.6778551170577694,
            0.11931955212564448,
            0.025077129987596723,
            -0.4216680642458324,
            0.6097070080020304,
            0.38579465694140147,
            0.059856471754290895,
            -0.6754942190111528,
            -0.061785601811404856,
            -0.1755179724039717,
            0.8175542830009613,
            -0.5523971213615045,
            -0.06692282491795246,
            0.4549312508265083,
            -0.19007465823798006,
            0.011194123761385856,
            0.5690085649053096,
            0.010277525567387211,
            -0.23882945780929501,
            0.4009460783749281,
            -0.61915107866922,
            -0.5711892149113847,
            0.37440977721776836,
            -0.5753395301616276,
            -0.6238867475596447,
            -0.026824708849223538,
            -0.3452322589761405,
            -0.507456594668756,
            -0.567927670135755,
            -0.47132558956402293,
            0.07555309965847509,
            -0.4647551433595937,
            -0.23065657354853425,
            0.6446823975018174,
            -0.6178269967761685,
            -0.1264769703445597,
            -0.38140612351217923,
            -0.4921512564603506,
            0.329880177455561,
            -0.0588709612418755,
            -0.27816650163391476,
            0.14575305816245485,
            -0.39976003181780223,
            0.10935731849151244,
            -0.549438625390489,
            -0.4644559147547,
            -0.15389856581784395,
            -0.7977872297475228,
            0.15562186972392042,
            -0.7311620181371387,
            -0.7731891124424317,
            -0.6853771229054029,
            -0.6496157837823696,
            -0.18643643833727971,
            -0.4609953881572829,
            -0.16537969620092002,
            0.5543464522915104,
            -0.39809423443711095,
            -0.09124877617091492,
            -0.6096074439292128,
            -0.6640553180060441,
            0.11476759602625404,
            -0.4294174850299039,
            -0.19992213685199817,
            0.07013480783406778,
            -0.16539135795596527,
            0.2386508139096931,
            -0.45128066473839396,
            -0.0782819800153139,
            -0.4251480152271425,
            -0.15512862362620172,
            -0.1437531680135956,
            -0.4263574959390855
        ],
        [
            0.6671099917932345,
            0.000664811854994585,
            -0.16875635991341859,
            -0.0806896116009541,
            0.6639206521796424,
            -0.45934300454123683,
            1.1932447345788781,
            -0.03398258744194821,
            0.16337210125962265,
            -0.17440482246752112,
            -0.5096660796061284,
            -0.15925801624560618,
            0.29974289230160783,
            0.17614841132348902,
            -0.11600827558109462,
            -0.02416107171212913,
            0.8102509126261118,
            -0.2555108080301045,
            -0.5421012658145946,
            -0.09056095817844007,
            0.15140245443220451,
            0.19014775702131026,
            -0.2884642336401783,
            -0.06887209054043499,
            -0.32146369092339844,
            0.07759392148810078,
            -0.1974768867169986,
            -0.5421252559034059,
            0.2742947856985727,
            0.009840666863439767,
            0.3683198059152343,
            -0.5384806887940493,
            -0.00216980442126663,
            -0.01044337127230417,
            0.7834972408419637,
            0.16649910259345524,
            -0.13568247420188334,
            -0.6749692822608779,
            0.3742613884422598,
            0.01138579347012525,
            -0.1677667448112527,
            -0.42981889150043595,
            -0.36422784104847605,
            -0.45763520033933913,
            0.9752714979137215,
            -0.011008578603975548,
            -0.3192736869996444,
            0.5601137497774901,
            0.1081004763505603,
            -0.10151432975678762,
            0.5693669297164754,
            0.40834061224406487,
            0.6876782408067578,
            0.19044275712407233,
            0.01941090696110019,
            -0.03076929691988493,
            0.1789791029705678,
            -0.6291680858297024,
            0.06022219875101526,
            -0.3969649603852603,
            -0.7826070967630978,
            -0.05164224710699855,
            -0.04605181436409466,
            0.04720325119104887,
            0.0943582749273387,
            -0.11115354059876827,
            0.06539643536470675,
            0.4049778609359115,
            -0.26905960251247285,
            0.7836846690765377,
            -0.18005209967624225,
            -0.2578837417091854,
            0.5336983047411381,
            -0.5915292749166053,
            0.2988977043415877,
            0.20519726908178001,
            0.34213286252474945,
            0.3764206458583417,
            0.2648322359579869,
            0.3090539158772489,
            -0.06347558650560324,
            0.6267765884619692,
            0.2783299375880565,
            -0.2253404994134627,
            0.21192879087406957,
            -0.016924525118843688,
            0.18032505478144173,
            0.24488622566789114,
            0.12548239610325831,
            0.10048373757661666,
            0.41930852140757346,
            0.09653290937722803,
            -0.06777769189283542,
            -0.0044074356428447595,
            -0.3189807743821105,
            -0.03235963104535918,
            0.5029078499548089,
            0.05434882213743792,
            -0.029806516969102664,
            0.1714423072958288
        ],
        [
            0.44980274282834687,
            -0.5659689016218803,
            -0.5954143496600527,
            0.0680766192499387,
            -0.2998744900584996,
            -0.648003377472264,
            -0.03398258744194821,
            1.0953341573315158,
            -0.22223107661077657,
            -0.5753240910669073,
            0.20467119216208424,
            0.8310193613943547,
            0.7552393830004176,
            0.7360434688755563,
            0.06814297307503014,
            0.6902825378728178,
            -0.37193403028002786,
            -0.16463976239169265,
            -0.7301865465256056,
            -0.2889799594506144,
            0.8386796585563309,
            0.8660069731606704,
            -0.10994517082230076,
            0.752003585007678,
            -0.038746805487334196,
            0.8550586767373607,
            -0.620372196463718,
            -0.28117490843338105,
            -0.057262448263634434,
            -0.15996441090439126,
            0.4573273353506646,
            -0.5755431988157709,
            -0.5880183566606412,
            -0.31549921448446033,
            0.4505316489197859,
            -0.4216131487282471,
            -0.06778783068590169,
            -0.7782229806744493,
            0.31514207103256786,
            0.4168301196239508,
            -0.6003948482406539,
            0.14262092539371016,
            0.001610063557238725,
            -0.6922586921558469,
            0.030993015480132096,
            -0.0658691007392115,
            -0.2969799416915614,
            0.18428535011351968,
            0.5934792545601223,
            -0.5017398827555287,
            0.20984147883247276,
            0.7188317180480814,
            -0.4566445750500566,
            0.11710026030420656,
            0.4056600789278988,
            0.8781418830704785,
            0.25154385095440646,
            -0.07687561613209952,
            0.4102309550335326,
            0.49812074589800237,
            -0.5691799627388809,
            1.0830973651123774,
            -0.06868915282286453,
            0.4670342008029856,
            0.7211324275473446,
            -0.08659918736919546,
            0.14293345207380992,
            -0.03446038767462771,
            -0.312465737013481,
            0.4382932654848743,
            -0.104261302703082,
            0.9460237546885518,
            0.22052948391527907,
            0.6191306523411148,
            0.5925146306623463,
            -0.2942643537643527,
            0.6507128125628917,
            0.4628101431160905,
            0.634934870822189,
            0.6783748716073948,
            0.4147647610056539,
            -0.01766215864259846,
            0.03780211272580272,
            -0.6965248964088385,
            0.4994650635086785,
            0.1904355148196452,
            0.5340523806717795,
            0.220556347002892,
            -0.31787262109019876,
            0.4587353520644494,
            0.2587803584342587,
            -0.13329195361160986,
            0.2481747331430087,
            -0.2253990359498144,
            0.5557388200683535,
            0.09367836605336492,
            0.04493041161457492,
            0.24181868025691655,
            0.2417124154273109,
            0.5301671846564083
        ],
        [
            -0.31345926597298585,
            0.19025831410404978,
            0.16384571772048756,
            0.03755471424961347,
            0.054947378145170596,
            -0.15566952765595185,
            0.16337210125962265,
            -0.22223107661077657,
            0.6232182836437348,
            0.16854352634541026,
            0.1429610770364437,
            -0.16959664436633984,
            0.033468608773338224,
            -0.06823797249987272,
            -0.018522647181859482,
            -0.4165413751552373,
            0.13142087582250145,
            0.18518069943053722,
            0.3736218832990418,
            0.15753294527123513,
            -0.1423282566617092,
            -0.22634292342915485,
            0.38302376922306164,
            -0.20068042476178738,
            0.17823681115366077,
            -0.07789881275796265,
            0.3913470716924994,
            -0.0661214250255561,
            0.06306835195213933,
            0.21694065614410185,
            -0.12209020835642737,
            -0.055831002002485704,
            0.13521210044799895,
            0.07439082218223411,
            -0.17363144565816546,
            0.666573557293718,
            0.14057960175981493,
            0.18858167994371272,
            -0.1917633291779728,
            -0.16760927333580608,
            0.21752047445313186,
            -0.048892564781305624,
            0.1430116178900924,
            0.32405229008767567,
            0.2495730421924779,
            -0.06881291419199345,
            0.09733150643674396,
            0.0022565833512242016,
            -0.062399570717741173,
            -0.08912593470036022,
            0.08383757185337336,
            -0.1830085809014521,
            0.0011761015932538845,
            0.1402987130022666,
            0.08111081674824613,
            -0.11082496988323666,
            -0.07642702125535997,
            0.06113149567036602,
            0.0919595678798717,
            0.0550539775664589,
            0.007729773461496351,
            -0.12039305746229655,
            0.11608556167706462,
            0.24832796232028306,
            -0.16898078108259004,
            -0.11563148625653702,
            -0.016056481191588656,
            -0.07291614456421278,
            0.14088416018847627,
            -0.20298266229019182,
            0.028737658478372837,
            -0.2791988471893849,
            -0.17873635969986437,
            -0.01585264078348384,
            -0.20822587417914132,
            -0.029265936496548902,
            -0.19722458424755435,
            -0.030392831355713794,
            -0.061997014089938914,
            -0.1470579827118661,
            -0.39956020446164875,
            -0.09795722643932774,
            -0.09019022566760816,
            0.23129473782349444,
            -0.13272019099593638,
            -0.029775460831611433,
            -0.14010317750154053,
            0.2106344931161807,
            0.20256279147623418,
            -0.18589709685104475,
            -0.1676542356457578,
            -0.30770638373856907,
            -0.10187873102791774,
            0.020281677976069935,
            -0.05779335728139838,
            -0.3655881170918747,
            0.18029978342083694,
            -0.04730039318283586,
            0.01864479096343481,
            -0.057386642897627294
        ],
        [
            0.17089788574736137,
            0.6537450317249116,
            1.3947254001561593,
            1.166561109220003,
            0.47469575301330313,
            0.11299111893866373,
            -0.17440482246752112,
            -0.5753240910669073,
            0.16854352634541026,
            1.7083007515811157,
            -0.1981070174131488,
            -0.8201448162722832,
            -0.5366305473017978,
            -0.10914227456779033,
            0.48782309102670557,
            -1.008750082757223,
            0.6425520714252235,
            -0.4390320957922387,
            0.3569179712887516,
            -0.0012080277713182618,
            -0.6104087427334618,
            -0.39644791562220305,
            -0.19999053447968548,
            -0.35568797721595125,
            -0.09454016118376309,
            -0.49575522826725377,
            0.7905746337162087,
            -0.36848348430646516,
            0.023962885714880356,
            -0.36620023434217497,
            -0.697648571520734,
            0.5865226456850449,
            0.1200835754854947,
            0.23151643679228143,
            -0.017176326512198605,
            0.3210023881725576,
            1.3859822839449893,
            0.38735495615918347,
            -0.13102488386990838,
            -0.4152602868728275,
            0.6740301941324567,
            0.24130356982531767,
            0.21961094918731966,
            0.8215716476117765,
            -0.29030592673238287,
            1.5677880790981942,
            -0.25521857846478696,
            0.4163212579534442,
            -0.39242676254312986,
            -0.20873673746162535,
            0.9449980132545811,
            -0.6890695581645707,
            0.2289971721629935,
            0.2770664970661467,
            0.5160737888956297,
            -0.5424729670367372,
            -0.31560367503698256,
            0.43460849933003803,
            -0.252221745048402,
            -0.34624289166360683,
            0.3901396979312559,
            -0.5397787179752962,
            0.09575678545895254,
            -0.5697987417404262,
            -0.2624025132188127,
            -0.33126747441820276,
            -0.0916841163036735,
            1.0532207054918818,
            0.7547622178539695,
            0.061817886241326364,
            0.28025300227632094,
            -0.0464244858839257,
            0.2663377864510304,
            -0.263734757194189,
            -0.37537796454204686,
            -0.1056908955758701,
            0.07115931219202386,
            0.5292114497143497,
            -0.5604190410938978,
            0.1800590719352009,
            -0.48617501424852244,
            0.6567944663740899,
            -0.3859872225128072,
            0.24746539194639444,
            -0.5687691883530779,
            0.27545615138230134,
            -0.18057719151238136,
            0.5024640308612651,
            0.014028818482572833,
            -0.37237339723105256,
            -0.4113749969525156,
            0.2840914526440352,
            -0.29974956716210244,
            -0.05107758741131832,
            0.17908681126734036,
            -0.6742527445112241,
            -0.11651450799972644,
            -0.20068102784023942,
            -0.6725705439642079,
            -0.2698779648012516
        ],
        [
            -0.4842632942763382,
            0.04215911013057481,
            -0.3580636938086126,
            -0.24226753689934444,
            -0.29331314942387393,
            0.22162993716907484,
            -0.5096660796061284,
            0.20467119216208424,
            0.1429610770364437,
            -0.1981070174131488,
            1.0513369422905605,
            0.22792197775422482,
            0.33231424182410096,
            0.28696255485534555,
            0.21669509815670912,
            -0.08342575579577466,
            -0.4481642881261653,
            -0.14781847751569907,
            0.19616957669283244,
            -0.022537955638909493,
            0.10311176113465563,
            0.08849246497852208,
            0.7323623747947811,
            -0.0348018280048184,
            0.2594705943658381,
            0.24581594570006524,
            0.06479628547675276,
            -0.007233229765157965,
            -0.28424826590105934,
            -0.2275617620243184,
            -0.19021367692636088,
            0.08311063951517694,
            -0.2785644513184919,
            -0.20175305186752773,
            -0.2333178410472078,
            0.18819365909535424,
            0.16149460721989817,
            0.13770924053559797,
            -0.20995190612096082,
            0.11242782708046967,
            0.08407067884343336,
            -0.2067400981387648,
            0.3082757830888991,
            0.2672179940766928,
            -0.4514152057983093,
            -0.300193177832093,
            0.26036764293496595,
            -0.6047238619052235,
            -0.1424439310751134,
            -0.16168486792804795,
            -0.3712885209855914,
            0.0728026071502231,
            -0.3362899461475131,
            -0.06274957645811612,
            0.031414565689505965,
            0.22770296616794522,
            0.07739256198242005,
            0.1805640878707404,
            0.3342875437740016,
            0.45940089417029606,
            0.0284980121085552,
            0.366707026643863,
            -0.26044653561151376,
            0.5462124026493118,
            0.05088211771599909,
            0.09640806585089962,
            0.13548309226777247,
            -0.2689813890329636,
            0.1478420798260748,
            -0.24837196313736665,
            0.15035552904961674,
            0.024284278099021506,
            -0.4950082476748331,
            0.8476695856384999,
            -0.18011439210895022,
            -0.5314346111659367,
            -0.03578933868755908,
            0.08911327433881826,
            0.22269774840197767,
            -0.1240736376232789,
            -0.37168897166830606,
            -0.4719059122491514,
            0.10131000505783239,
            -0.22662279268891303,
            0.01835035799697101,
            0.004848766820961705,
            0.11035816752682039,
            -0.13140376429059591,
            -0.030490062096608005,
            0.01575936696193441,
            0.2801357407970876,
            -0.13814362269186234,
            -0.2384953465218955,
            -0.17103385827785664,
            0.19992526557499932,
            -0.4369812342062443,
            0.0905696901247457,
            -0.3113332963293412,
            0.4840209264680421,
            0.20117283019303733
        ],
        [
            0.02232833784666056,
            -0.6802805706976022,
            -0.7048006890573472,
            -0.23518559720207635,
            -0.5445152391275518,
            -0.3825495939450041,
            -0.15925801624560618,
            0.8310193613943547,
            -0.16959664436633984,
            -0.8201448162722832,
            0.22792197775422482,
            1.009563916774089,
            0.6019333609361724,
            0.46655636874216516,
            -0.096364016709247,
            0.5332569684438722,
            -0.4097437130768449,
            0.26750592745659263,
            -0.5070347569259774,
            -0.24388124136280814,
            0.7473624418837085,
            0.7426634157390578,
            0.2528858190563514,
            0.7145804137511796,
            0.17337706916621395,
            0.7051851321950079,
            -0.6796417114873315,
            -0.02524287235650725,
            -0.293700672144723,
            -0.027521971515869267,
            0.5400393538544283,
            -0.6405924708465119,
            -0.3443166241142947,
            -0.2967285250748286,
            0.1915956334540453,
            -0.16814729845878162,
            -0.4010124643314604,
            -0.5189412343643831,
            0.18329107746212117,
            0.20708491253274383,
            -0.619137930970093,
            0.2114955754074854,
            0.05610433612522258,
            -0.6667385658494966,
            -0.04138727715993507,
            -0.39402323591733773,
            -0.08693276769511471,
            -0.036458415079845825,
            0.5327480977801201,
            -0.2233019074002237,
            -0.13834626263480074,
            0.6018043716018849,
            -0.41299041171871204,
            -0.005562588887694959,
            0.05804452139199158,
            0.7562154083374864,
            0.3076276066000004,
            0.09380712779864218,
            0.2950447521933724,
            0.5309478441678516,
            -0.3837512096099642,
            0.837205215776754,
            0.19689430302811886,
            0.5975711207000369,
            0.49217331009019494,
            0.10002340526378689,
            0.07049391508525826,
            -0.31993618949586855,
            -0.4398956883062092,
            0.12041607430353134,
            -0.11025693663232602,
            0.7761063256006651,
            0.04926505328255045,
            0.4441271490930897,
            0.5786853984111081,
            -0.14057707273877676,
            0.3298918307569367,
            0.14509604731150127,
            0.5368509966734054,
            0.3714675704217046,
            0.32896454768496347,
            -0.2994152180639054,
            0.23383215846653352,
            -0.45350687084242397,
            0.6084911702221916,
            0.011703043920029545,
            0.34152110496173443,
            0.16130422979330034,
            -0.23730389379331684,
            0.2822010371766692,
            0.22401621560953522,
            0.11771375030402394,
            0.34024687633906875,
            -0.12924411569078642,
            0.5156298342875609,
            0.33334853512796797,
            0.0665570684805739,
            0.45007214918082383,
            0.4934244116877318,
            0.36611606139607716
        ],
        [
            0.42678158198633026,
