{
    "fast": [
        [
            0.4512317543295914,
            -0.0333781988014025,
            -0.05005073865044839,
            0.19862037885523337,
            0.2754759789203313,
            -0.35478650815089835,
            0.3057290056159443,
            0.26276016597317037,
            -0.2515241752408773,
            0.08619601770215517,
            -0.26733572607206096,
            0.01138457824996597,
            0.24134202704637098,
            0.36465805741169055,
            0.15440863117179165,
            0.20623818848859687,
            0.28577579675358394,
            -0.18849324017395627,
            -0.4065109126438554,
            -0.13638602868030267,
            0.3049632105349506,
            0.38187251303828423,
            -0.40673128855292556,
            0.35232965329151816,
            -0.3319574176099611,
            0.2528784788821314,
            -0.016685846427747876,
            -0.32122094485499186,
            0.08005636900408913,
            -0.12655464383896842,
            0.24786135333844872,
            -0.06541125747376653,
            -0.17336234100611692,
            0.027237930785634176,
            0.43327392369060996,
            -0.05853546168767446,
            0.19094152593055916,
            -0.3505196983137954,
            0.3402911440125942,
            0.12150448702904318,
            -0.12517877083440648,
            0.1573060544146796,
            -0.0186678306530962,
            -0.3750942413064186,
            0.3466521958695103,
            0.34715608801064,
            -0.1418540484715569,
            0.4341433710278786,
            0.26970792966056534,
            -0.13635284851090798,
            0.44006571535661315,
            0.21410071240321885,
            0.16364878054956555,
            0.13076595056591883,
            0.3314134554275157,
            0.18936281207022418,
            0.09824210210110788,
            -0.12289672405514608,
            0.19231933675018487,
            -0.13470846434405342,
            -0.3725042839685386,
            0.19038357222948704,
            0.02826521543702349,
            -0.025050213987614676,
            0.28512825202595166,
            -0.12118949741609657,
            0.1505642770890049,
            0.2285118944847311,
            -0.012191748236468914,
            0.4311917384815381,
            -0.09794610525720442,
            0.23471919205081607,
            0.4508134858324795,
            -0.15518523122335245,
            0.335418880280656,
            0.056764954002487586,
            0.4329628445603595,
            0.4199468298777358,
            0.17237567084412403,
            0.4643606654280861,
            0.36708662650595636,
            0.37639466678492334,
            -0.09161304149478898,
            -0.24994041271029235,
            0.15542346275459606,
            0.39550245239418275,
            0.31724175356454964,
            0.27008236942680497,
            -0.23426968124431982,
            0.08843351524640004,
            0.2063072558530694,
            0.05534042631777209,
            -0.008959807637374959,
            -0.18391042815979333,
            0.15931586098147218,
            -0.03013864270878067,
            0.15486682139147454,
            0.1717350490340329,
            -0.20069489248761996,
            0.2707289255311486
        ],
        [
            -0.0333781988014025,
            1.087913016179685,
            0.4342598593850171,
            -0.050149937524347044,
            0.382310962354363,
            0.2827687346816279,
            0.0006638646316685544,
            -0.7203964678951945,
            0.33264717801282656,
            0.7184565213818225,
            0.050711734160373556,
            -0.7557709543042754,
            -0.4585630687506683,
            -0.3635636319804677,
            0.14163621227011583,
            -0.674188221598016,
            0.34840112436939014,
            -0.33908700760494054,
            0.29288932648759636,
            0.6263740287425416,
            -0.5513345516996027,
            -0.6873728023350768,
            -0.02107193312606639,
            -0.5506837482773894,
            -0.1350583171750483,
            -0.568027385898486,
            0.8147027443549335,
            -0.006726305748097413,
            -0.07953015680726754,
            0.15002655668657874,
            -0.3221974366657977,
            0.9690828878444028,
            0.4276265505441051,
            0.11893335597456961,
            -0.12987410077002964,
            0.28524354969081345,
            0.4870846923348305,
            0.4141399868168327,
            -0.19354174564234108,
            -0.15100314189878766,
            0.46893162493191815,
            -0.15533957088379388,
            0.012041559432610151,
            0.7191074691734405,
            -0.08591657373738552,
            0.29907551009069117,
            0.170489787724575,
            -0.050445820281971476,
            -0.5364106476211353,
            0.6357182896560927,
            0.10266042481859697,
            -0.5935119044436288,
            0.2683131955313433,
            0.030219555569338804,
            -0.17860695874425714,
            -0.6303256465620141,
            -0.04153627769478927,
            -0.1001154489554603,
            -0.1792186576589121,
            -0.3657268890645522,
            0.22239063727585093,
            -0.6628253830462737,
            -0.3045772944554102,
            -0.47882168356489724,
            -0.11331767827987878,
            -0.23245122124300385,
            -0.15556154194323374,
            0.24188957939124703,
            0.8427512396785777,
            -0.047151874639381176,
            0.1859611780338385,
            -0.3923829817563559,
            -0.1874566277273787,
            -0.0665871030863618,
            -0.25006683515747336,
            -0.3317600195653523,
            -0.24865013672576297,
            -0.012080255246984913,
            -0.49597919596219725,
            -0.3262229880781862,
            -0.756596270020848,
            0.15859154798519975,
            -0.4980493488371435,
            -0.007899163090782443,
            -0.5759541135039645,
            0.24897410437858872,
            -0.3292543941473564,
            0.20056356630058675,
            0.44666683173593974,
            -0.3941277098755443,
            -0.029553141680123976,
            -0.27640645931896046,
            -0.6127262592103011,
            0.08157728278596142,
            -0.3248540328905198,
            -0.6462616148721753,
            0.055996691507962666,
            -0.3590726629714893,
            -0.33793223011923246,
            -0.24791159867925802
        ],
        [
            -0.05005073865044839,
            0.4342598593850171,
            1.5938440521441652,
            0.9580874586524456,
            0.24327887240579568,
            0.28950479936529255,
            -0.15456694753024883,
            -0.695142766857993,
            0.26275500628834436,
            1.4059067138578603,
            -0.3950508668752067,
            -0.7181979392898942,
            -0.7452990592760851,
            -0.3916984378525118,
            0.19358603027409216,
            -0.8652743990043263,
            0.4112728325883577,
            -0.16179388714352613,
            0.45204930824407774,
            -0.0421664400717867,
            -0.9507941936949534,
            -0.5156049793335425,
            -0.13748621769654404,
            -0.49994428319063694,
            -0.023111209028867048,
            -0.6644649368859264,
            0.45750564638529184,
            -0.09714103899496669,
            0.14935461856634943,
            -0.11209137900133832,
            -0.7894797563700601,
            0.398753504849564,
            0.2898148369317398,
            0.023708677878144513,
            -0.17500672004524642,
            0.15560163480004727,
            0.9822408255950296,
            0.37023495498245723,
            -0.27211133220847683,
            -0.2736043419994905,
            0.6466982944679381,
            0.2213140932771467,
            0.11310815236977585,
            1.0439683174302998,
            -0.056646450932468395,
            1.2444097500257616,
            -0.11511234690164225,
            0.2731731973269484,
            -0.370528534809272,
            -0.43532042525195186,
            0.817343874290506,
            -0.6733607806811043,
            0.18991893920758823,
            0.3343035823531445,
            0.5635694718416603,
            -0.7379977736158895,
            -0.5465191739371706,
            0.19621728008309625,
            -0.5924001466269824,
            -0.2991729515831533,
            0.7134167505294932,
            -0.564142043316635,
            0.08562253302963319,
            -0.6548099959308223,
            -0.5129604059619419,
            -0.012418177204767825,
            -0.2870570971776104,
            0.5876025536998916,
            0.5369817421364383,
            -0.042489869853828875,
            0.45171994035269775,
            -0.2919247175626814,
            0.2084718873359324,
            -0.3946952036709708,
            -0.5043805080625469,
            0.3371600233555119,
            -0.16712355816552285,
            0.20044595306151672,
            -0.7671544719543282,
            0.05121488528894574,
            -0.3120583670782741,
            0.4875863683827008,
            -0.2300751392299791,
            0.5206974669942537,
            -0.4108198237650893,
            0.15380628370856717,
            -0.361656444369473,
            0.11820630522980877,
            -0.07089291310062831,
            -0.2458194170873177,
            -0.5746341555519692,
            0.29747739698406966,
            -0.19503361851336365,
            0.1822179987432047,
            -0.046357993753115265,
            -0.3134871992144321,
            -0.30973176263037994,
            -0.21053186280464392,
            -0.647731497765716,
            -0.4380060370337829
        ],
        [
            0.19862037885523337,
            -0.050149937524347044,
            0.9580874586524456,
            1.5199316305137731,
            0.20403471635855594,
            -0.3273701918743281,
            -0.06842292419724814,
            0.07358346179086728,
            0.055758090260692734,
            1.0886864384081818,
            -0.24746596661590742,
            -0.22187893932305652,
            -0.048768584583975906,
            0.354521274434249,
            0.43903509090246606,
            -0.2899006902685904,
            0.2754356739938108,
            -0.260530987079005,
            0.07801896668902117,
            -0.45896227090865543,
            -0.14324856161496674,
            0.20787820467220852,
            -0.3025351889678884,
            0.1762446431171282,
            -0.07344285130984249,
            0.028340785857409,
            0.09705787182701903,
            -0.47408078025387235,
            0.10528658209239602,
            -0.6012666272201951,
            -0.3540386340356726,
            -0.056963121493557325,
            -0.4207408670637358,
            -0.020128436080706955,
            0.08858267436985306,
            -0.022647606650926366,
            1.1226695592415838,
            0.02442829908918684,
            -0.020382939439976995,
            -0.6381004992390815,
            0.4661391947675033,
            0.26433379023636144,
            0.2740861885761298,
            0.2927202281873227,
            -0.21080003502694178,
            1.2786336464862487,
            -0.5237466670860111,
            0.48644062378787484,
            0.09674213064174927,
            -0.6802523902288304,
            1.0161528360200187,
            -0.31630581178853406,
            -0.23161095282851604,
            0.36444744242440225,
            1.216844608046471,
            -0.010793709240304457,
            -0.024007398847573604,
            0.5083151710006929,
            0.06954642459291752,
            0.014642799774496286,
            0.005004487079878707,
            0.0035952527457553656,
            0.37583818803474767,
            -0.16790530773157541,
            0.047648289698603734,
            -0.3855927395948336,
            -0.09761983643973988,
            0.6968736055399846,
            0.38377166053320233,
            0.028168088247068134,
            0.36734432935196315,
            0.4070816315059776,
            0.3388519883089784,
            -0.08276217261757379,
            -0.06096886932580103,
            -0.08000903040071354,
            0.346311664830845,
            0.7883186265804719,
            0.03055527920183861,
            0.548921027232154,
            -0.03613800841775085,
            0.44620985657596,
            0.10354133080334649,
            0.07138248886494676,
            0.042101405295714614,
            0.4846953525819455,
            0.18947145881322122,
            0.4333708416544025,
            -0.29817105898799295,
            -0.1638196489611449,
            -0.4115910167981682,
            0.17390742705931397,
            -0.027092428195360833,
            -0.25941606707629644,
            0.44248790491516043,
            -0.26702231082768707,
            -0.12441116296362338,
            0.121709505191969,
            -0.5970338918181076,
            0.03627568244221601
        ],
        [
            0.2754759789203313,
            0.382310962354363,
            0.24327887240579568,
            0.20403471635855594,
            0.7294531467096057,
            -0.16526352622964108,
            0.4843962178668996,
            -0.27888317726301615,
            0.0701925407715726,
            0.38116342876658416,
            -0.2577818574927696,
            -0.4419935761389205,
            0.09841522988859278,
            0.07375796447250431,
            0.1791835515473327,
            -0.13235400618832288,
            0.542008198451042,
            -0.1360561089596418,
            -0.22402131645250414,
            0.0007247531545770381,
            -0.08253709338079294,
            -0.06387375149017248,
            -0.2785304860248667,
            -0.2652033329809036,
            -0.44141226209689877,
            -0.2376842601140622,
            0.11007085176134779,
            -0.43605881627865045,
            0.08630695186416623,
            -0.25621037123809715,
            -0.15983208521070122,
            0.1771091358680405,
            -0.000478127842253816,
            0.027053641345493467,
            0.401540585637393,
            -0.026609527336337046,
            0.26809351607056703,
            -0.22829366190567535,
            0.3079636679629701,
            -0.3818273024215621,
            0.19892166830534558,
            -0.3970735103786103,
            -0.09703156402333757,
            0.08578311797305457,
            0.4655767477385762,
            0.3035134463453473,
            -0.2353654083486406,
            0.3201977415297457,
            -0.11301616698292437,
            -0.048765784730427884,
            0.46242817848908907,
            0.055386836821505164,
            0.5933122461543079,
            0.12368315666841842,
            0.18705078405836986,
            -0.2802564103336478,
            0.014840872172513815,
            -0.3185930372092369,
            0.09467038763419122,
            -0.30669843605050146,
            -0.1628156677335514,
            -0.4539860486571562,
            -0.1962991991586257,
            -0.15612636011260256,
            0.00015215548353243535,
            -0.12063922505326138,
            0.052631364110849614,
            0.2224074079599282,
            0.16735169088288301,
            0.4233171037591363,
            0.07857952056475521,
            -0.2858144355391573,
            0.27923426297828197,
            -0.31503819312921333,
            0.028027970692082408,
            0.3272877636888966,
            0.23030319930452828,
            0.39905256287002244,
            0.021562188991856898,
            0.07341104732697919,
            -0.37324014272002143,
            0.5541306415916671,
            0.21675454010652231,
            -0.11176200147719727,
            -0.12674775575522668,
            0.06049225991206698,
            0.21839746844011718,
            0.09712565194345363,
            0.04025386964933505,
            0.1355019175255579,
            0.23062701875323366,
            0.1532499371078278,
            -0.3805916912139552,
            -0.1368342060053075,
            -0.3407198910439647,
            -0.13150730579592002,
            0.3416097653057522,
            -0.09359640873376095,
            -0.18979831876066938,
            0.026990521069796596
        ],
        [
            -0.35478650815089835,
            0.2827687346816279,
            0.28950479936529255,
            -0.3273701918743281,
            -0.16526352622964108,
            1.3594637152247604,
            -0.44569036274521284,
            -0.8014411469622477,
            -0.26445949679097724,
            0.1206567879047822,
            0.2590364085955762,
            -0.4129573832873265,
            -0.9490862702052035,
            -0.9373100773855599,
            -0.14109419777258514,
            -0.441924494352631,
            -0.19697475054884034,
            0.17080559667248746,
            0.7187679479404288,
            0.23239668695817717,
            -0.9177686966372413,
            -0.8377510689060146,
            0.05980497399512041,
            -0.7491472935704321,
            0.4113013057833641,
            -0.7299021211057491,
            0.20099064555379442,
            0.7467058199474381,
            0.06792931407834515,
            0.024572219156613846,
            -0.4562718605479025,
            0.6975758187307891,
            0.4719425599902454,
            0.016754899706470424,
            -0.6813843218028471,
            -0.0464181970037733,
            -0.19229756760608474,
            0.8527040687541034,
            -0.7489399789750353,
            -0.07489256904442058,
            0.559894138727859,
            -0.19538965891362894,
            0.01105720813532706,
            0.7572228510212468,
            0.011417656183361569,
            -0.25080819764547657,
            0.33793906892657527,
            -0.5575716710183374,
            -0.7124174610679579,
            0.5068173059551745,
            -0.6577406782680438,
            -0.7476630571298144,
            -0.02928951219062443,
            -0.46890829146659574,
            -0.8695807195342197,
            -0.770657109658082,
            -0.471830487826447,
            0.07605249048062034,
            -0.7285972699911154,
            -0.2516898365465127,
            0.7217553726875516,
            -0.7247797377201284,
            -0.13593581416892328,
            -0.46501546455269843,
            -0.4939952374072568,
            0.32939513393869835,
            -0.14799363287529085,
            -0.24755009919334187,
            0.17826314028057183,
            -0.43557354123276354,
            0.23096509906301846,
            -0.6289884538276778,
            -0.433156267052444,
            -0.1632902577496283,
            -0.7687584031980328,
            0.169078611423468,
            -0.9309827789134886,
            -0.9250201561750236,
            -0.8512781681155687,
            -0.8296345303941175,
            -0.22189291624892774,
            -0.48583510674629593,
            -0.16108870518400872,
            0.5316837608814334,
            -0.3634196114606092,
            -0.19095231026690804,
            -0.7936688637699689,
            -0.6033021497728324,
            0.143085884527184,
            -0.5169397410445233,
            -0.21553332342134585,
            0.05755437830571474,
            -0.22319908901255112,
            0.3206701264342095,
            -0.47745603356011157,
            -0.08372329993907317,
            -0.5216905548016175,
            -0.17283675974334298,
            -0.16280375354094023,
            -0.491161421856411
        ],
        [
            0.3057290056159443,
            0.0006638646316685544,
            -0.15456694753024883,
            -0.06842292419724814,
            0.4843962178668996,
            -0.44569036274521284,
            0.9043070836621685,
            -0.03282774710246031,
            0.2167822522497046,
            -0.1454642288728293,
            -0.4652735741458346,
            -0.13427929774520606,
            0.2803001877207442,
            0.17929425793127196,
            -0.09167713973101016,
            -0.021048628225390654,
            0.6004684043242657,
            -0.19854901199693564,
            -0.4448946523180316,
            -0.09797936982831697,
            0.16131122396542072,
            0.1744458650304491,
            -0.24789484538334772,
            -0.06566726764149618,
            -0.28881626817267103,
            0.07755375582113583,
            -0.14649939614110655,
            -0.4664472824595337,
            0.12197011580087358,
            0.007531497710392017,
            0.3112922567946986,
            -0.4812055562560599,
            -0.0020732123859115606,
            -0.0022832933208989247,
            0.6173027914991885,
            0.09770193224843667,
            -0.11610909007842055,
            -0.5498649221865156,
            0.39633360851246896,
            0.009952175705765974,
            -0.16127100693162644,
            -0.3451064893868204,
            -0.2810080683613908,
            -0.4756796797278534,
            0.8462607471049296,
            -0.009029742211272989,
            -0.21018698971741898,
            0.39397672865441136,
            0.1053106841116704,
            -0.10733018450477487,
            0.5084087257305467,
            0.38221964679182635,
            0.5864792811336748,
            0.2020371679188746,
            0.02598047570175984,
            -0.03261189257387242,
            0.13994506142672072,
            -0.49467288849578067,
            0.07374120198093011,
            -0.3383313844665714,
            -0.6843499887825637,
            -0.04731889159203954,
            -0.03865978671840042,
            0.044951264848680644,
            0.07397660999909951,
            -0.08669110330177596,
            0.12840627578123198,
            0.2815009259797971,
            -0.25702930553832515,
            0.666950711679267,
            -0.2970208703157301,
            -0.23058853962003187,
            0.3887641390493491,
            -0.4902213417580235,
            0.22496535686274108,
            0.17413252188801598,
            0.34026171394669696,
            0.3517460031327673,
            0.2569230141333147,
            0.30828668757761696,
            -0.05900782843078166,
            0.5159354259533825,
            0.21175471668168475,
            -0.1688113509949871,
            0.15111330421088245,
            -0.027663340989258038,
            0.18337301420002894,
            0.1737741772840848,
            0.12219419660586485,
            0.0944813841558663,
            0.35308356146196546,
            0.06187431739142521,
            -0.0714425009910738,
            -0.004625640024964668,
            -0.2635975910447197,
            -0.02703201169163121,
            0.4820049543013795,
            0.047296018525966245,
            -0.026366257453927,
            0.15426187917522072
        ],
        [
            0.26276016597317037,
            -0.7203964678951945,
            -0.695142766857993,
            0.07358346179086728,
            -0.27888317726301615,
            -0.8014411469622477,
            -0.03282774710246031,
            1.3487439105712662,
            -0.37587968067187144,
            -0.6116577874848567,
            0.23816481697183756,
            0.8931350470720175,
            0.9002380260522198,
            0.9549691536359171,
            0.06864223118626463,
            0.7665362892785816,
            -0.3513458090987818,
            -0.16307651257180075,
            -0.7638512979303699,
            -0.39852868721845225,
            1.1390059959581185,
            1.012719311527589,
            -0.12043422198443586,
            0.9139529124523912,
            -0.044373517600007406,
            1.0893546261894416,
            -0.5866379011096511,
            -0.3083739752116794,
            -0.03245667498281638,
            -0.1560552627927489,
            0.4926842005809235,
            -0.6555965451697643,
            -0.7161637239985832,
            -0.08792603728629941,
            0.4524642848773692,
            -0.3153578399469712,
            -0.07394221107516608,
            -0.8081170835922601,
            0.42539314933776934,
            0.4644212210287953,
            -0.7356743369499786,
            0.14596512580444812,
            0.0015833863622727576,
            -0.9171953087477576,
            0.034279993257182076,
            -0.06886904621397542,
            -0.24921148336707383,
            0.1652278979339254,
            0.7369679456247958,
            -0.6761941017107007,
            0.23884179427403815,
            0.857661455886006,
            -0.49641388875747655,
            0.15835176269396356,
            0.6920887207210954,
            1.1863732657318882,
            0.25070741858545387,
            -0.07704390070238604,
            0.6402952239803094,
            0.5411566151470467,
            -0.6344279611324602,
            1.2650135014980264,
            -0.07350199015230163,
            0.5669136566509613,
            0.7206554714594985,
            -0.0860920949045631,
            0.35773735062529466,
            -0.030532821190162842,
            -0.38048258077671937,
            0.47546156645588444,
            -0.21923513331432956,
            1.0782364954109025,
            0.20476478274986398,
            0.6540282494346087,
            0.5684475170204716,
            -0.31830554135737754,
            0.8249086966162054,
            0.5512604485277093,
            0.7851625381301321,
            0.8625583882198601,
            0.4914767647325061,
            -0.018532098251008457,
            0.036659578996208766,
            -0.6651158038133729,
            0.4539584317615268,
            0.39676587510395056,
            0.692247564061269,
            0.19949805840593035,
            -0.39456551945925544,
            0.5498078119664279,
            0.27776233218659935,
            -0.10890233418743442,
            0.33344611949967695,
            -0.301533894399438,
            0.5853908009297806,
            0.09974987090100504,
            0.0548910722729541,
            0.2682393713431515,
            0.2725426327661836,
            0.6080673539064305
        ],
        [
            -0.2515241752408773,
            0.33264717801282656,
            0.26275500628834436,
            0.055758090260692734,
            0.0701925407715726,
            -0.26445949679097724,
            0.2167822522497046,
            -0.37587968067187144,
            1.4479229042081694,
            0.24613264502617407,
            0.2285072010964059,
            -0.25037123849300996,
            0.05479886683136054,
            -0.12161109192896019,
            -0.025629171151281726,
            -0.6353677578489435,
            0.17052749471568868,
            0.25194955639350913,
            0.536869203760412,
            0.29841761062627764,
            -0.2655108197672771,
            -0.3635765101602244,
            0.5763159934406257,
            -0.33501952219445097,
            0.2803796904302182,
            -0.136321826273762,
            0.5083245375937725,
            -0.09961037035247222,
            0.04910286016946047,
            0.29070813897301706,
            -0.18066894261487296,
            -0.087356524150695,
            0.22620290985551378,
            0.02847736292255258,
            -0.23952374520691344,
            0.684855203970808,
            0.21063192596851382,
            0.26898677625799366,
            -0.35555833256389374,
            -0.25651466528234884,
            0.3661086453229642,
            -0.0687337230924115,
            0.19318633032899207,
            0.5897523706970579,
            0.3791715647030092,
            -0.09882651426946375,
            0.11219036757455601,
            0.00277910617036898,
            -0.10643533986127997,
            -0.1649901604524947,
            0.13107469977093072,
            -0.2999309669395055,
            0.0017561906178177424,
            0.260603306655676,
            0.190081332741594,
            -0.20566267265539173,
            -0.10463129638657742,
            0.08415421400316281,
            0.1971559777342374,
            0.0821558014513078,
            0.011834793153187318,
            -0.19314803688419516,
            0.17062801500522579,
            0.4140521576452147,
            -0.2319589688918337,
            -0.15790168340293959,
            -0.05520036782681331,
            -0.08874250137184601,
            0.2356436477956401,
            -0.30246195625908173,
            0.0830041063789187,
            -0.4371060319600551,
            -0.22796212959993137,
            -0.023002604546276326,
            -0.27440194311652094,
            -0.043484067589118824,
            -0.3434304243662602,
            -0.04972631983938269,
            -0.1053082407341671,
            -0.25684348138773394,
            -0.6503461290637896,
            -0.14118172564353332,
            -0.12014122810920835,
            0.3033804340343061,
            -0.16569490811649978,
            -0.08521303879861013,
            -0.24945186719462653,
            0.2617036611635633,
            0.3453717996922548,
            -0.30604303270547356,
            -0.24718252432176893,
            -0.3453273330437114,
            -0.18802379936484276,
            0.03726912174724422,
            -0.08362079186060818,
            -0.5347198415496843,
            0.30256432223233054,
            -0.07207068003508817,
            0.028877141465119747,
            -0.09040883167673602
        ],
        [
            0.08619601770215517,
            0.7184565213818225,
            1.4059067138578603,
            1.0886864384081818,
            0.38116342876658416,
            0.1206567879047822,
            -0.1454642288728293,
            -0.6116577874848567,
            0.24613264502617407,
            1.5680985925048194,
            -0.19903700563076984,
            -0.7610437387363961,
            -0.5522823948103797,
            -0.1222621318804541,
            0.4242733479545369,
            -0.9671692937214608,
            0.524071174707901,
            -0.3754620432301251,
            0.32237139116248986,
            -0.0014384072547534079,
            -0.7157539105534612,
            -0.4002827963285351,
            -0.1891456151254127,
            -0.3732382799873687,
            -0.09347971446588123,
            -0.545322918489652,
            0.6454665662763867,
            -0.3489251450659693,
            0.011726983504825159,
            -0.3084514029154195,
            -0.6489201616139993,
            0.5768416342555928,
            0.12627521858177831,
            0.05570755933711041,
            -0.014893692058231737,
            0.20730550391445435,
            1.3053033710803454,
            0.34729012719558316,
            -0.15270419711468294,
            -0.39947209408969203,
            0.7130846450941644,
            0.21322724044695246,
            0.18647085087677526,
            0.9398356920907004,
            -0.2772336102157021,
            1.415281323091953,
            -0.18491251332919897,
            0.3222806540902923,
            -0.42074092488384357,
            -0.2428872562871724,
            0.9286733138907031,
            -0.7098470938797179,
            0.21493583264583438,
            0.32349095289378926,
            0.7601939102755839,
            -0.632772861433172,
            -0.2715867731923968,
            0.37606329954209355,
            -0.33989708814469943,
            -0.32477477582433223,
            0.37546195701282065,
            -0.5443227706832259,
            0.08846950152752142,
            -0.5971766298328485,
            -0.22640902632753884,
            -0.28434221312187336,
            -0.19812422948850672,
            0.8057109157378356,
            0.7935158610046024,
            0.05789990535946631,
            0.5088038200123668,
            -0.045684846741524156,
            0.2135179904572407,
            -0.24054406919250126,
            -0.3109375368307561,
            -0.09870910282277762,
            0.07788634954285056,
            0.5442472972024434,
            -0.5983514629971018,
            0.19767276701660033,
            -0.49740123466898184,
            0.5950087898323219,
            -0.32318962616802127,
            0.20402725092341717,
            -0.446334149578684,
            0.4955094335760666,
            -0.20209406457941304,
            0.3924073875043761,
            0.015034887636952288,
            -0.3853367470564348,
            -0.3812352199886932,
            0.20040313272743976,
            -0.34772807181884946,
            -0.058996675817014475,
            0.16287403144239232,
            -0.6198817374992842,
            -0.12290071418670132,
            -0.1921994215539796,
            -0.6547664454166137,
            -0.26725100957507686
        ],
        [
            -0.26733572607206096,
            0.050711734160373556,
            -0.3950508668752067,
            -0.24746596661590742,
            -0.2577818574927696,
            0.2590364085955762,
            -0.4652735741458346,
            0.23816481697183756,
            0.2285072010964059,
            -0.19903700563076984,
            1.1561144564755033,
            0.23148892311200253,
            0.3743343657106734,
            0.35184317492050576,
            0.20628014189006896,
            -0.087547551246691,
            -0.40007750096940803,
            -0.1383641023992479,
            0.19392985348951083,
            -0.02937273607378611,
            0.1323354277960441,
            0.09779395621627278,
            0.7581197273399035,
            -0.039970905505090026,
            0.2808110039879967,
            0.2959521065904644,
            0.057903647666355196,
            -0.00749672254955794,
            -0.15225443727846194,
            -0.2097936585926037,
            -0.1936516652671696,
            0.08946504291675512,
            -0.32061596848631935,
            -0.0531345921729223,
            -0.2214343383775887,
            0.13302476258021018,
            0.16647029224987248,
            0.13513608727563212,
            -0.26781934846516314,
            0.11837631063013067,
            0.09734893935026184,
            -0.19995330845683923,
            0.2864978122561692,
            0.3345778046533962,
            -0.47183602790671414,
            -0.29660684730599507,
            0.2064742819858423,
            -0.5123747175705555,
            -0.1671571766494601,
            -0.2059207687436555,
            -0.3993636471267468,
            0.08208685440981843,
            -0.34547571577898756,
            -0.08018882703364275,
            0.05064873243806002,
            0.2907122742267719,
            0.07289382233432475,
            0.17100903336292148,
            0.4930716684240745,
            0.471648218673454,
            0.030018245119860586,
            0.40474818846705174,
            -0.26337075190014525,
            0.6265674241796357,
            0.048052486122136195,
            0.09057343727569864,
            0.32044501836732503,
            -0.22522003824449877,
            0.1701251261910213,
            -0.2546192354058367,
            0.2987751199537881,
            0.026156233390412967,
            -0.43434923338018117,
            0.8462113044366988,
            -0.16329682181764096,
            -0.5432433255075058,
            -0.04287540329586807,
            0.10030772658870346,
            0.26024610449813657,
            -0.1490858020888764,
            -0.41621606174035464,
            -0.4679228478797307,
            0.09284569207070725,
            -0.20450419936960434,
            0.01576135435299688,
            0.009546753031854139,
            0.13518237796358742,
            -0.11232202904901413,
            -0.03576533822885823,
            0.01784947656800692,
            0.2841506027978579,
            -0.10666013188853476,
            -0.3028210312636321,
            -0.21622414870436424,
            0.19901273164237984,
            -0.4397175935773405,
            0.10456400751970003,
            -0.32635950540128617,
            0.5157481130059514,
            0.21804502933850284
        ],
        [
            0.01138457824996597,
            -0.7557709543042754,
            -0.7181979392898942,
            -0.22187893932305652,
            -0.4419935761389205,
            -0.4129573832873265,
            -0.13427929774520606,
            0.8931350470720175,
            -0.25037123849300996,
            -0.7610437387363961,
            0.23148892311200253,
            0.9470282468764877,
            0.6262449867814238,
            0.5283395549142246,
            -0.08472436676046514,
            0.5168511605785667,
            -0.3378347221479314,
            0.23126676102232382,
            -0.46295187622598166,
            -0.2935576370827909,
            0.8858991665205191,
            0.7580238267165936,
            0.24178054540221267,
            0.7580155972669456,
            0.17330166527110483,
            0.7841508806531488,
            -0.560945852128082,
            -0.024163678661908036,
            -0.14529885038858692,
            -0.0234346090615917,
            0.5077968555794565,
            -0.6368889053741453,
            -0.366018089621092,
            -0.07217746746792959,
            0.16794525185585235,
            -0.10977476176780882,
            -0.38178748858650063,
            -0.47033959481353055,
            0.2159476859555883,
            0.20138380645804868,
            -0.6621542707784311,
            0.18892536311541513,
            0.04815744432885293,
            -0.7710314752679102,
            -0.039954607955827684,
            -0.35957317995954013,
            -0.06367186380078936,
            -0.028530768788616934,
            0.5774150341491294,
            -0.2626686914298525,
            -0.13743885924135543,
            0.6267107190915406,
            -0.3918579964567574,
            -0.006565459536145773,
            0.08643385012321804,
            0.8917134265382998,
            0.2676097362444529,
            0.08205567374517574,
            0.40194150318837857,
            0.503458093912861,
            -0.3733409201100458,
            0.8534590939593463,
            0.18389385291850166,
            0.6331126023621126,
            0.4292930380684434,
            0.08679090531457312,
            0.15399448161100848,
            -0.24741912518263584,
            -0.46752539428696077,
            0.11401400654837016,
            -0.2023559838303245,
            0.7720693864576206,
            0.03992552946933275,
            0.4094912695162815,
            0.4845704683766889,
            -0.13272238041570156,
            0.365015417652822,
            0.1508456083181754,
            0.5794384070028833,
            0.4122520077706603,
            0.3402305914439682,
            -0.2742065384255392,
            0.19792413813174314,
            -0.3779789529685399,
            0.4827123114457847,
            0.02128179848454547,
            0.38638321452876306,
            0.12734678716200137,
            -0.2570952158279183,
            0.2952095654074719,
            0.20986722486417642,
            0.08394282388283647,
            0.3990114648253148,
            -0.15090998833329258,
            0.47406328326816005,
            0.30980948493774174,
            0.0709706243801374,
            0.4357505448382606,
            0.48560063296855405,
            0.3665057138396325
        ],
        [
            0.24134202704637098,
