{
    "fast": [
        [
            1.3163209203860082,
            0.1997713092547278,
            0.0666459802099056,
            -0.4954468314554925,
            -0.6050940964077347,
            -0.2744041626690719,
            -0.5050600459477076,
            -0.2599714123152539,
            -0.16360712064797797,
            0.41705712829189134,
            -0.35066100368538267,
            0.28462113605741035,
            -0.48040663338893214,
            -0.3576166088571768,
            -0.5430532463191765,
            -0.05869105226269388,
            0.4968241115720994,
            -0.10731409488761329,
            -0.17590915129445525,
            -0.1534675545394583,
            -0.009431136389414407,
            0.2323146477062088,
            -0.26535277538591484,
            0.09283952772205127,
            0.439016590258915,
            0.2601268552016673,
            -0.3697673320389849,
            -0.10618781375782525,
            -0.3545801946844149,
            -0.19701897049831246,
            -0.4891823481293362,
            0.3034623184957656,
            0.10470805319626153,
            0.08558185694641507,
            -0.15536890096353234,
            -0.44934101874767757,
            -0.4261711663738374,
            -0.048618933416055075,
            -0.13274490807715308,
            -0.33880858826478627,
            -0.23256964038720146,
            0.19708836301172214,
            -0.3165050249357325,
            -0.07669032884015799,
            0.019900427542259853,
            -0.24157828102643214,
            0.23005552136960392,
            -0.1801245601434353,
            0.2944243290000882,
            0.29910311078295604,
            -0.5724991134203152,
            -0.5359799739316662,
            0.10475205954345894,
            -0.13611612401957568,
            0.3727127322599639,
            0.14069036028759513,
            -0.38976240158983083,
            0.23030605891497274,
            -0.17802559409601013,
            0.15551426866602294,
            -0.3199460883234499,
            -0.34718478536995967,
            -0.15128886839759528,
            -0.5209295528689035,
            -0.31413853246887125,
            0.018736719395016654,
            -0.4219411246361268,
            0.0012283936404393879,
            -0.6011516085316579,
            -0.47501866651607066,
            0.012892956875587152,
            0.6700621614738962,
            -0.41127242486234766,
            0.2545254388870972,
            -0.24291758960986332,
            -0.17856205282187795,
            0.10562137374649239,
            -0.12749538053176787,
            0.19662288227823913,
            0.3038092361341097,
            -0.41267805920266776,
            -0.3500309934182634,
            -0.5286181937193076,
            0.3589494293627246,
            -0.4238808117593449,
            -0.11445677105361618,
            0.09975362962709224,
            -0.25429787987605873,
            0.28910071295386863,
            -0.26345888274454354,
            -0.17467821618948703,
            -0.23037870101479718,
            -0.36945520153281153,
            0.1710680305691912,
            -0.47269322872482683,
            0.7499346327574178,
            -0.5396796930789177,
            0.2234177110471338,
            -0.0487049772614764,
            -0.2132074687660552
        ],
        [
            0.1997713092547278,
            1.2516090621998726,
            -0.2643803261334212,
            0.03949343405527374,
            -0.21394747664267366,
            0.05725570974065356,
            0.06635859005214942,
            0.157667575841837,
            0.4275874562948257,
            -0.2989184003601677,
            -0.05012481431372314,
            -0.014544347538440677,
            0.09608086643011264,
            0.21083023385447985,
            -0.057024205541813394,
            0.04022174494478516,
            -0.04277620792927793,
            -0.05822577120598498,
            -0.029591565977514687,
            -0.015084175335191859,
            0.06554926759355141,
            0.1107450796719738,
            0.010262866916485687,
            0.00017691418181856364,
            -0.3775825635011367,
            -0.3587154211915219,
            0.21378710365681586,
            0.22685720332080905,
            0.23938705020817788,
            0.06806417032910604,
            0.20408443729238715,
            -0.3059819469692725,
            -0.29148414009125534,
            -0.18510467828635632,
            -0.03629607083745966,
            0.2920486559454718,
            -0.03856549190937729,
            -0.4852269372557244,
            -0.38013772742275204,
            0.1349599206109996,
            0.36803179019251187,
            -0.6937382353108289,
            0.03414683807929913,
            -0.14345698227002124,
            -0.12537831215433337,
            -0.0734699549615155,
            -0.4166172506736836,
            -0.3320740482493088,
            -0.3340668058335125,
            0.11727591918593956,
            0.30644851024766895,
            0.1583562290480285,
            -0.3006612925220513,
            0.11935334863730801,
            -0.12019072000986906,
            -0.37979182882279733,
            -0.4927996858072721,
            0.6769942900577175,
            0.09581827758248149,
            0.21409556940896712,
            -0.20385576999525293,
            0.26359060686148467,
            0.10875357851988231,
            0.0398870169601856,
            0.3635015456616749,
            0.26717629943772164,
            0.17008257888619518,
            -0.5244713545984927,
            0.3277485971439897,
            0.11029525709287633,
            -0.38795406206718824,
            -0.12195871681716494,
            -0.23371123689076348,
            -0.1607822889050698,
            0.08288313732825413,
            0.09162333948621897,
            0.05093385825337871,
            0.1896344900208839,
            -0.25900813612956414,
            -0.3444045593761084,
            0.010232348962389498,
            -0.06554084082719998,
            0.14058673954239348,
            -0.3664043001639083,
            0.31989675998825184,
            0.12547732840133527,
            -0.16572268517074742,
            -0.14508258150590314,
            -0.11197984607758169,
            -0.19218436538073402,
            -0.20925125171295558,
            -0.4128427699108491,
            0.5117975761093801,
            -0.09995404329578995,
            0.14690702990443238,
            0.010361775697898373,
            0.18350428035138,
            0.060195903897310936,
            0.5611145103038389,
            0.08883932117392486
        ],
        [
            0.0666459802099056,
            -0.2643803261334212,
            1.6267085875402607,
            -0.5177314958941521,
            1.1622396679276228,
            0.6183037622831109,
            -0.08461794630965341,
            -0.2934259586438468,
            0.4243739070263179,
            -0.1461100091835266,
            0.0745824477447234,
            0.14368105345373192,
            -0.011966850404125581,
            0.8503001834198423,
            0.17935009005122768,
            0.4372153169634155,
            -0.42032884515614793,
            -0.19031793354341164,
            0.5754841011768886,
            0.07829989911522574,
            -0.42745635193551723,
            -0.21330749918176017,
            1.3719719180232697,
            0.31613765267207294,
            1.359843990148388,
            1.4765460532284027,
            0.10235900877528935,
            -0.16413682867208698,
            0.24357085125719677,
            0.0339147653188914,
            0.31330035863424366,
            0.17506384528539093,
            -0.14877901260730017,
            0.2110037753753321,
            0.9772923331046256,
            -0.001596689760582861,
            0.0992365971506873,
            0.0400200569142576,
            1.4204145931939824,
            0.05465276417294956,
            0.08575906566233772,
            1.296405805989749,
            0.04469332074262183,
            1.2943305679237966,
            -0.2082158117650964,
            0.9020810196997996,
            1.4797510502977747,
            0.4270710134293665,
            1.3152779350821697,
            -0.008472993252763779,
            0.09136508186301923,
            0.10072977383103471,
            -0.13462431963873997,
            0.8235907412497778,
            1.533372396551432,
            -0.5796840854761522,
            0.3484705071723001,
            0.039692208979854954,
            -0.4058435531808796,
            -0.6810846797576261,
            -0.24522303446827545,
            0.06088018858789944,
            0.23758873923774948,
            0.6024338304618293,
            0.15595871925939267,
            1.3323407454035907,
            0.2613414140186897,
            -0.35442416150995376,
            0.5310578837366859,
            -0.618732128441537,
            1.2150246419338364,
            -0.47244264091366267,
            0.9505961542091489,
            0.6678202192655374,
            0.4233104062112578,
            0.18104788626362436,
            0.4133639786309393,
            -0.1770893440180757,
            -0.07170262447188203,
            -0.09832670251699863,
            0.6662515955371034,
            0.35503636108361597,
            0.8200119317521931,
            1.4931528722425806,
            -0.14785643596069864,
            0.034631782716838824,
            -0.4645981432842415,
            0.32365175188504036,
            0.16928403429043368,
            1.1041610445229315,
            0.26431169846987346,
            -0.1255171904547855,
            1.1363679101342263,
            0.6530746391118778,
            -0.09710987448200134,
            0.2753063902531584,
            0.36587243872855046,
            1.4279859810682922,
            1.0582415637054416,
            0.27839259849646525
        ],
        [
            -0.4954468314554925,
            0.03949343405527374,
            -0.5177314958941521,
            1.500982398930907,
            -0.06201132769455123,
            0.14612359760468838,
            0.46762873450422127,
            0.4642305255656328,
            0.13414167927059886,
            -0.29261255602569314,
            0.5185782460763122,
            -0.06885569902096975,
            0.5738021572344716,
            0.16223155021222482,
            0.41003727177866983,
            0.16122982556064916,
            -0.19081780952813007,
            0.5715950334335917,
            0.060918915854586884,
            0.312590884670441,
            0.9507951131672311,
            -0.2811687480874735,
            -0.48015411003398584,
            -0.018398294385148124,
            -0.6961585280296896,
            -0.588694434862737,
            0.12673151331766866,
            0.38143971477203215,
            0.2646214835648682,
            0.5825301192219533,
            0.41683487426268084,
            -0.802610568967006,
            0.5621370885384742,
            -0.06552032081878427,
            -0.26541910784068834,
            0.41750012184313456,
            0.33696736702790137,
            0.2545924503595759,
            -0.6402195490028809,
            0.6026738881449343,
            0.2642088995242717,
            0.004975081381220871,
            0.43179269195165015,
            -0.35905317345387366,
            -0.024669937563944696,
            0.05606897441393921,
            -0.5916423415189126,
            0.5093467155922616,
            -0.8073904407340217,
            0.08081952520920115,
            0.45629501722872584,
            0.42082890032596487,
            -0.7618682558468629,
            -0.05315782151795168,
            -0.7567917541893321,
            0.05209467768029166,
            -0.13467970365579432,
            -0.0838589117388343,
            0.5348196205286303,
            0.6356543690506989,
            0.11931095360624534,
            0.28020760305090525,
            0.14076715833415993,
            0.2867253387529784,
            0.437310396299785,
            -0.495642864944954,
            0.3566510317898813,
            -0.1078795068409851,
            0.3260263484514068,
            0.18268767884593912,
            -0.27771228095537137,
            -0.18278004888670296,
            0.19678883862206978,
            -0.2998765572100625,
            0.41702837389403336,
            -0.3535606146563388,
            0.047139117787172974,
            0.31381225273710034,
            0.09190995635256732,
            -0.6082555164949304,
            0.0056624708877895434,
            0.4313306058095385,
            0.09780469164710875,
            -0.5658663955395064,
            0.2446553365513686,
            -0.04865068757758326,
            -0.046662574244750864,
            0.27805487420520014,
            -0.1797749201569318,
            -0.44125454017948307,
            0.5948599359287133,
            0.24240044918050707,
            -0.42377784206764996,
            -0.3927223682816038,
            0.6096213869541232,
            -0.08504326549652336,
            0.2716771426691781,
            -0.5453206298554187,
            -0.2693387734875292,
            0.5172712483920168
        ],
        [
            -0.6050940964077347,
            -0.21394747664267366,
            1.1622396679276228,
            -0.06201132769455123,
            1.5449752722319463,
            0.8046848175891489,
            0.6981118805060302,
            0.11858399199201439,
            0.5356027246556107,
            -0.3510836950791933,
            0.45373469302330127,
            0.09898933927090649,
            0.6215745605554249,
            1.0345642793900482,
            0.7507317105651108,
            0.5638712288998567,
            -0.7892347940193669,
            0.20449416463778194,
            0.9013279524734428,
            0.16919998863541164,
            -0.40191781006498883,
            -0.27847418800679485,
            1.4428722413656947,
            0.4163359772773258,
            0.61395417973846,
            0.8772442875118933,
            0.7087734726593367,
            0.05576660105753753,
            0.7193379539613283,
            0.4883352390389272,
            0.7857724641248237,
            -0.17203599833491612,
            -0.25039138724108895,
            0.18931891917994956,
            0.9739241289211388,
            0.4485138592024416,
            0.3961693010290853,
            0.2445558889140774,
            1.1631064821357773,
            0.53601194636058,
            0.39955385007783406,
            0.8294098333067422,
            0.5649239791392539,
            1.0455404415342004,
            -0.33887204027578743,
            0.9743424661515167,
            0.9115982452804693,
            0.33240698783523276,
            0.8009222784558683,
            -0.23296534237083252,
            0.6435960000435093,
            0.6221107070683651,
            -0.384316164410664,
            0.8606921219440713,
            0.9748121067231383,
            -0.606195597883187,
            0.4253672510388724,
            -0.037612086372196256,
            -0.21064365512935043,
            -0.4954372369126859,
            -0.2496818524026343,
            0.6673355731318227,
            0.639729327014654,
            1.0624201930156256,
            0.5059479147203209,
            1.0846689855549283,
            0.8007335534471417,
            -0.5565170725601585,
            1.0050879308714684,
            -0.23173094715329484,
            1.1397378129982925,
            -0.8891833592893402,
            1.0154950574664747,
            0.45579370556379395,
            0.8469175430556034,
            0.15094043297440296,
            0.5579824448062566,
            -0.14690990974764773,
            -0.27266182063213684,
            -0.28479124370595266,
            0.9915271551904449,
            0.5680020802981568,
            1.1692229054966852,
            0.803688285525373,
            0.40736781103316033,
            -0.17210727174823734,
            -0.7274380584908041,
            0.5341081992325721,
            -0.13938828652355664,
            0.971062500312086,
            0.4439510614672132,
            -0.12273639820447185,
            1.1253429103860906,
            0.21535667689144644,
            0.5513013317374402,
            -0.08723243677727546,
            0.984731686254177,
            0.9770849524173377,
            0.9332924923533523,
            0.584406057384656
        ],
        [
            -0.2744041626690719,
            0.05725570974065356,
            0.6183037622831109,
            0.14612359760468838,
            0.8046848175891489,
            1.0328218861184184,
            0.6312193506558752,
            0.4668760143080504,
            0.9357670043041758,
            -0.6992493487328795,
            0.6034829404219314,
            0.6152069853123674,
            0.8156642034224293,
            0.9752816486576753,
            0.6004656175401487,
            0.6682896487471761,
            -0.7185489015466887,
            0.5683048409882353,
            0.6712292291258832,
            0.6642653554705247,
            -0.3993878999127388,
            -0.3003234717277621,
            0.7872715751796312,
            0.6185794586008682,
            0.08151488054198097,
            0.2487884804766981,
            0.5097172995442482,
            0.46570200959896013,
            1.0005202814607383,
            0.7006239922489901,
            0.9230064635079545,
            -0.19218314466264802,
            -0.47474861037850996,
            0.24023772966087495,
            0.837968616359695,
            0.7644160905308454,
            0.9647131765147919,
            0.3207550214221747,
            0.3411221489202999,
            0.8592328815515352,
            0.5838523504324086,
            0.6508038309327725,
            0.7387874158370346,
            0.626868346397089,
            -0.2330157329395709,
            0.8451771311516212,
            0.38900710520020343,
            0.7731179829840975,
            0.18153860061178215,
            -0.038305951052875424,
            0.5903557824885012,
            0.6170449087997678,
            -0.4273999847655945,
            0.7232732743891938,
            0.5597164623060997,
            -0.5009623476823512,
            0.4057683397040178,
            0.1390265768088685,
            -0.21155791530969661,
            -0.28106943023711756,
            -0.2761493828079804,
            0.7182127210149154,
            0.6643696827334103,
            1.0442540752547798,
            0.8924837038900024,
            0.833481091147008,
            0.8966552790411257,
            -0.5630674193451648,
            0.9794689424184456,
            -0.023129549835867735,
            0.5829991384905787,
            -0.8555947806458926,
            0.9029499222960559,
            0.4604657027870128,
            0.7292150131740673,
            0.04124539203485393,
            0.8618600137881209,
            0.489016463186231,
            0.5971612761456763,
            -0.5570523748680377,
            0.5886104488844435,
            0.6871220842669754,
            0.9218557975309304,
            0.3001252959498907,
            0.7186714853822576,
            0.12102610288281818,
            -0.8465702243037262,
            0.36120278021029717,
            -0.33651719354220816,
            0.4237682697543304,
            0.646259552346486,
            -0.06719846481938345,
            0.7701231158527592,
            0.028152536664261648,
            0.7286179933631722,
            -0.09192895943219821,
            0.7832677897488817,
            0.7748907920322319,
            0.8716216376320316,
            0.7755533477056681
        ],
        [
            -0.5050600459477076,
            0.06635859005214942,
            -0.08461794630965341,
            0.46762873450422127,
            0.6981118805060302,
            0.6312193506558752,
            1.1971480268754806,
            0.6634111147808592,
            0.560691912709083,
            -0.7215333619867123,
            0.8422295584607701,
            0.40699199219122456,
            1.0630172522997943,
            0.5869846759622439,
            0.9950112584446439,
            0.5437998058069795,
            -0.6076028847728028,
            0.7967752720874307,
            0.7877489915695706,
            0.47333247429596054,
            -0.21863983543961857,
            -0.3399097417189542,
            0.44711739622196706,
            0.6346688777700408,
            -0.7243643388073311,
            -0.4489724361669368,
            0.9456145954062385,
            0.47227722720693044,
            0.9835932364605631,
            0.8265592952316811,
            0.8861590549811023,
            -0.5199930717330764,
            -0.3540803867277737,
            0.15764935497476756,
            0.30635596484717176,
            0.7801278769507476,
            0.656029487115156,
            0.41322874646691843,
            -0.029827312638999674,
            0.9281517744331932,
            0.586699123232684,
            0.019061579708518458,
            0.9655061586525145,
            0.17757521023455422,
            -0.3779337209894933,
            0.6292946735276668,
            -0.2955818082709981,
            0.4108954094132641,
            -0.36358918087514275,
            -0.0936606766330624,
            0.851717067537886,
            0.8140883474237578,
            -0.6579005385977865,
            0.5324722514191547,
            -0.12121372061206827,
            -0.3407351216216816,
            0.1435602606251345,
            0.030807729214265004,
            0.11737748358202817,
            0.09365218205868246,
            -0.1440829632583857,
            1.0373016847904313,
            0.8352096244184997,
            0.9419093582122967,
            0.7847743702080289,
            0.09484006142307853,
            1.0195341643078535,
            -0.5136628931901864,
            0.9154704370588147,
            0.15331421986382351,
            0.24989862061191878,
            -0.7786571292130425,
            0.46616918053028716,
            0.2683273584143963,
            0.9399741347817506,
            -0.14708266276568957,
            0.5959307369037622,
            0.3224148386140298,
            0.11491429988435613,
            -0.5118263844695009,
            0.7341843303949885,
            0.520633151073236,
            0.7646294211805084,
            -0.4597031380329293,
            0.7957793383423741,
            -0.08556187129921375,
            -0.7215253110551854,
            0.4654535409446064,
            -0.4930533163994893,
            0.10589388771526959,
            0.6514328931414597,
            -0.019581008226222246,
            0.2720056419413563,
            -0.3979351035552046,
            1.0066504561794136,
            0.028459167387946502,
            1.086686780376478,
            -0.12859880087821587,
            0.35412132280893516,
            0.7943279114855283
        ],
        [
            -0.2599714123152539,
            0.157667575841837,
            -0.2934259586438468,
            0.4642305255656328,
            0.11858399199201439,
            0.4668760143080504,
            0.6634111147808592,
            0.6499292469743192,
            0.5137169027411899,
            -0.6456255132567107,
            0.5483245067529287,
            0.36437440721423814,
            0.6994188237265713,
            0.316007985185656,
            0.48096563639503287,
            0.3260636417496944,
            -0.4826463546619976,
            0.5597294257677602,
            0.3592035615353471,
            0.4645836706157963,
            -0.02616464685759931,
            -0.22477119702337714,
            -0.018259098674249057,
            0.380800514919782,
            -0.7308581621063528,
            -0.6330266276689988,
            0.5419428906570447,
            0.4433910829878064,
            0.7394450615036012,
            0.5209741445385326,
            0.5604395452699706,
            -0.33847398508852733,
            -0.18820840554801957,
            0.14535894660708176,
            -0.056073987123644836,
            0.5925780688453143,
            0.6803150792398681,
            0.4010323491403699,
            -0.3371571828469433,
            0.6530294145127813,
            0.48070980640704825,
            -0.15699483361013356,
            0.5596741861486002,
            -0.09662691536756102,
            -0.30838221523239473,
            0.3150807954309591,
            -0.44707349889417347,
            0.4529592701292409,
            -0.5514508740009373,
            -0.005961901670340368,
            0.5421713319236338,
            0.5089588027776637,
            -0.40684329663310675,
            0.25733328119007837,
            -0.2597909597675258,
            -0.1014148253598857,
            -0.008325605687577096,
            0.057848388910231995,
            -0.03411145190216696,
            -0.021012687737841373,
            0.06026167611582712,
            0.7069864353946439,
            0.47081738344192486,
            0.5530310990096355,
            0.5949802150371956,
            -0.0773659091441267,
            0.684084689562457,
            -0.34003320351978383,
            0.5140344773646001,
            0.24516811377187703,
            -0.15600712809067985,
            -0.48563239787389556,
            0.1555701960785726,
            0.14546833410695023,
            0.5459201457904443,
            -0.10786784966627547,
            0.3840314001687345,
            0.5585702585145418,
            0.509224305642015,
            -0.3368126477041387,
            0.29479594031483136,
            0.31394926627817205,
            0.3546063689899673,
            -0.5591820423637532,
            0.5837459972313437,
            0.0741310237490612,
            -0.5240752977967551,
            0.22076929440535367,
            -0.41018185389161027,
            -0.14881076513732158,
            0.4486341385143837,
            -0.028697093570703224,
            0.032926159548601966,
            -0.34245941034223726,
            0.6574745030180913,
            -0.1295389483007743,
            0.6166502306073586,
            -0.25494460247930956,
            0.18234414633146126,
            0.536960832897506
        ],
        [
            -0.16360712064797797,
            0.4275874562948257,
            0.4243739070263179,
            0.13414167927059886,
            0.5356027246556107,
            0.9357670043041758,
            0.560691912709083,
            0.5137169027411899,
            1.1637811924114576,
            -0.6761794503756356,
            0.5406897926419622,
            0.5364662839796929,
            0.7618753754285414,
            0.8259342060570756,
            0.39621753163247875,
            0.6553035962967586,
            -0.6727205026976728,
            0.47103824587110005,
            0.5747290523581337,
            0.6447034296028188,
            -0.3718002236995304,
            -0.24811098576245633,
            0.6604168816806455,
            0.5466094837652478,
            -0.15506591770322325,
            -0.0023094567491674066,
            0.5144938789451972,
            0.5141693784156461,
            1.0102698711731066,
            0.6267093854529503,
            0.8788050454600619,
            -0.29220396160342754,
            -0.5899881608337786,
            0.17789084464891097,
            0.6975741043257838,
            0.7621384385914827,
            0.9398405912249567,
            0.13281047570993676,
            0.1689201819414388,
            0.8138490049402923,
            0.5584918241103166,
            0.3942157473335376,
            0.6846844070776837,
            0.5817212948632499,
            -0.26932560097599995,
            0.6889352791307415,
            0.16366119543523375,
            0.7614962224902724,
            0.03171787008731924,
            -0.051729909228153265,
            0.58337486268352,
            0.5572929201411827,
            -0.6014728014637412,
            0.648662792680161,
            0.42483749968329726,
            -0.6867141528967602,
            0.07657460562024992,
            0.18828966547137638,
            -0.0792458499243783,
            -0.1252578295789726,
            -0.44562678083696305,
            0.7105204310588837,
            0.6363936958928565,
            0.9463282697783191,
            0.9375220689261649,
            0.8616159534797947,
            0.8646818114267664,
            -0.6305776948600113,
            0.9848692017039072,
            -0.14997204941149642,
            0.40654020810074376,
            -0.7386938280237421,
            0.6277786352668496,
            0.5131862317442352,
            0.7168523402554138,
            0.06106905285937234,
            0.7999554919218584,
            0.615782841645484,
            0.7067361816457924,
            -0.6885794512726311,
            0.4583466415033588,
            0.5734720705241694,
            0.8487435109867002,
            0.0619846453556519,
            0.6474311595305606,
            0.48182117162319255,
            -0.7993575302476007,
            0.21346038211377794,
            -0.3873077791144346,
            0.3104767326530066,
            0.5184366005278978,
            -0.25764615789681367,
            0.8448293264249459,
            -0.17277898266694597,
            0.6238624397674122,
            -0.08030977195679263,
            0.7556808748721637,
            0.6646630495421809,
            1.0360566633205086,
            0.7770367666970175
        ],
        [
            0.41705712829189134,
            -0.2989184003601677,
            -0.1461100091835266,
            -0.29261255602569314,
            -0.3510836950791933,
            -0.6992493487328795,
            -0.7215333619867123,
            -0.6456255132567107,
            -0.6761794503756356,
            1.453414123576539,
            -0.8010913025667378,
            -0.6526797926728327,
            -0.7879355837694016,
            -0.6771313139444969,
            -0.7662791045353876,
            -0.4387341349505008,
            0.4439965444998221,
            -0.5318101617146858,
            -0.5269932055817697,
            -0.7080178904975062,
            0.3039730410277331,
            0.5125368345712491,
            -0.3017144220631692,
            -0.7272653469519805,
            0.5630763450978495,
            0.343822737827422,
            -0.6589805447172368,
            -0.5098381959816474,
            -0.8925065572686072,
            -0.4464490660440827,
            -0.7264397883215251,
            0.3041808211550859,
            0.3305329946607948,
            -0.17685392681900772,
            -0.1804938348978541,
            -0.7582234648436416,
            -0.8133478586833078,
            -0.18637783801659774,
            0.08213112873546252,
            -0.7276718403561864,
            -0.6441683523138285,
            -0.14613359991964234,
            -0.6251078236327586,
            -0.293158271125738,
            0.22716852859958062,
            -0.7917439255440697,
            0.16400380627374633,
            -0.665358944440852,
            0.3562412366420767,
            -0.15170272665750378,
            -0.7874237834124833,
            -0.680888140103157,
            0.3680796768756026,
            -0.6437464582929878,
            -0.13258815630312543,
            0.21093588060289772,
            -0.3319636473850769,
            -0.37200861641544825,
            0.10398850315220082,
            0.3941443045521866,
            -0.06435823297075279,
            -0.8471353825501036,
            -0.5291289214704289,
            -0.7573105726287966,
            -0.7879234921320895,
            -0.12840498530750144,
            -0.8117510306188531,
            0.39573623462019336,
            -0.7591085012112658,
            -0.14029516431508854,
            0.049858278608890964,
            0.9495320568829441,
            -0.5072940030694494,
            -0.24906653307567786,
            -0.8221102041659631,
            0.06017064585911742,
            -0.29671753937051204,
            -0.8126956274739647,
            -0.49348796071354406,
            0.46979567528301636,
            -0.6553469297233885,
            -0.5174553715408076,
            -0.6775527300581354,
            0.20399185939370865,
            -0.6007662262637604,
            -0.11969207127738428,
            0.7246684339946935,
            -0.3662677508273038,
            0.6127513647563134,
            -0.19049185478562497,
            -0.6495470039697395,
            0.053954400607776544,
            -0.4651555606766636,
            -0.025612115611796837,
            -0.7350095072260946,
            -0.15157592580460766,
            -0.8473767281529113,
            -0.08890303551614247,
            -0.6026920460008075,
            -0.7162973817659076
        ],
        [
            -0.35066100368538267,
            -0.05012481431372314,
            0.0745824477447234,
            0.5185782460763122,
            0.45373469302330127,
            0.6034829404219314,
            0.8422295584607701,
            0.5483245067529287,
            0.5406897926419622,
            -0.8010913025667378,
            0.8321771594960513,
            0.563220582255206,
            0.8637185542771149,
            0.5306716893916241,
            0.8489878743023316,
            0.43216652619102636,
            -0.44447741466697543,
            0.5992921523809877,
            0.5475862503574408,
            0.6082753941707847,
            -0.1668948156153413,
            -0.4859325014645598,
            0.24232529766621455,
            0.6579884528715041,
            -0.46634485696245326,
            -0.24900153083791615,
            0.6206865581467358,
            0.4045222155851046,
            0.7688718128856955,
            0.6802111415166445,
            0.7437835935265937,
            -0.5136482107816986,
            -0.3431890327427212,
            0.22962655864132364,
            0.23483514024768798,
            0.639440538674274,
            0.6653450272030959,
            0.34068333857427247,
            -0.03528577374552724,
            0.8063063191503379,
            0.4526518204238433,
            0.3084675298792926,
            0.7469407462306978,
            0.29199404730949347,
            -0.26143744333491864,
            0.6649916728322454,
            -0.12716364717514642,
            0.6381834379554964,
            -0.2546174522283475,
            0.023396256091459462,
            0.6520976222383273,
            0.6294926481377486,
            -0.6331657419072678,
            0.49177204719009476,
            -0.03093640108343932,
            -0.29589572960706095,
            0.08442291352809926,
            0.10964812689142883,
            0.07143485860558926,
            0.06935060130845808,
            -0.09735283971608111,
            0.7487360806119449,
            0.5928054368110229,
            0.7800866335009456,
            0.6975014549204602,
            0.01169623239811543,
            0.8062755346283267,
            -0.36262254511863945,
            0.733114889461594,
            0.06889411890858523,
            0.1448962287375809,
            -0.6091255312867017,
            0.5754314908903014,
            0.27063113282982154,
            0.7712264108388849,
            -0.26056466296275377,
            0.4203457241314672,
            0.47936945255154645,
            0.4335931606392138,
            -0.5864855447727351,
            0.6194209942837076,
            0.5233952514624907,
            0.5917470725441863,
            -0.2180428033069384,
            0.5792460362491008,
            0.18159457555796396,
            -0.5501501101141792,
            0.4507337255627373,
            -0.440882833053439,
            0.143175424150235,
            0.7584412297538036,
            0.01202479150230334,
            0.13715977435896717,
            -0.27644144666944837,
            0.7951338637430354,
            0.2118140279779182,
            0.7841776078338272,
            -0.06651973562031155,
            0.2906145367929458,
            0.7276644034484309
        ],
        [
            0.28462113605741035,
            -0.014544347538440677,
            0.14368105345373192,
            -0.06885569902096975,
            0.09898933927090649,
            0.6152069853123674,
            0.40699199219122456,
            0.36437440721423814,
            0.5364662839796929,
            -0.6526797926728327,
            0.563220582255206,
            1.1540281105122256,
            0.581197522034895,
            0.5205892269823057,
            0.5196110814943633,
            0.40666381909078675,
            -0.08986913436466952,
            0.5368413943117185,
            0.4280704018994661,
            0.6327505668310235,
            -0.3634608947752554,
            -0.35921934648783893,
            0.13593530583031002,
            0.7776501613575403,
            -0.11532737600585423,
            0.00030662245521925394,
            0.34922060672409644,
            0.4830492958839506,
            0.647711661174032,
            0.48912503422113696,
            0.529975965362214,
            -0.013319339048744145,
            -0.4593148943881334,
            0.27981541820341926,
            0.28388990203109643,
            0.4182851567102177,
            0.6657247665196984,
            0.3153939207921715,
            -0.11146645889003061,
            0.6517110971590553,
            0.3781573526794307,
            0.5211532801609128,
            0.5118983291827828,
            0.2282785508735472,
            0.1366707172291679,
            0.4761851173920211,
            0.0774585547066035,
            0.5446542314836271,
            0.05632751651165934,
            0.21516492916177649,
            0.2999838128140592,
            0.313761915452398,
            -0.30648006831386765,
            0.3470444860608205,
            0.2563296812585405,
            -0.08253287599053025,
            0.3095433744753738,
            0.40192485546579537,
            -0.09380449794581334,
            0.04467306824928009,
            -0.5723943882583753,
            0.5557118243982236,
            0.4875665184800115,
            0.5062872651178889,
            0.6080000315726437,
            0.17314530776080955,
            0.5914099012099643,
            -0.37333761992404285,
            0.4091069136703957,
            -0.08184793176500123,
            0.14194773389521403,
            -0.15489319680213917,
            0.3991175006382484,
            0.44697994778851585,
            0.6174837477660834,
            -0.1686830636579711,
            0.5383748454942061,
            0.508411521376506,
            0.6826797389337921,
            -0.44514125664333476,
            0.3442751341767476,
            0.34510226445142256,
            0.3845134761517301,
            0.01245548667214048,
            0.6483708287366349,
            0.22338615290569674,
            -0.5882801097704753,
            0.18653226045021729,
            -0.41250031439737367,
            0.06296406178730325,
            0.5711063168339339,
            -0.13645189280589295,
            -0.011916237116279756,
            -0.18686194406745624,
            0.5494022038482322,
            0.5732776665620739,
            0.39492044351747446,
            0.29015598829552974,
            0.26849438297606054,
            0.5901313615638326
        ],
        [
            -0.48040663338893214,
            0.09608086643011264,
            -0.011966850404125581,
            0.5738021572344716,
            0.6215745605554249,
            0.8156642034224293,
            1.0630172522997943,
            0.6994188237265713,
            0.7618753754285414,
            -0.7879355837694016,
            0.8637185542771149,
            0.581197522034895,
