{
    "pos": [
        [
            0.7574867423597604,
            0.4735819152516237,
            -0.08744975721123656,
            0.17157000461985586,
            -0.2551373911463938,
            0.6951846638842184,
            -0.1690626083132692,
            0.41729767726421285,
            -0.029032189150180014,
            0.4426649932073283,
            0.180155810487749,
            0.5176928290559869,
            0.5286034215714837,
            0.2685406319762671,
            0.03362913556390735,
            0.5271975136851426,
            -0.08654669310603934,
            0.4712242927151719,
            0.6378691497309267,
            0.2080443913151521,
            0.22470312202551754,
            0.3902466080716924,
            0.17054100615781956,
            0.6108639019085075,
            0.2218113222902425,
            0.0666983035428497,
            0.11844810779706887,
            0.17683071339695436,
            -0.30485122270654824,
            0.4731776155509755,
            0.2036784175011237,
            0.0073725309668360725,
            0.32444808763753374,
            0.4961665980190814,
            0.35464591408826707,
            0.6344180209327793,
            -0.22379802961096784,
            -0.21591100509486008,
            -0.07674838625248229,
            0.3309898374400577,
            -0.33070704944954366,
            -0.04966175226916815,
            -0.4198997953436732,
            -0.2659274300461204,
            0.4477389874409811,
            0.14560033608328535,
            0.05964932498641018,
            0.4486397548805484,
            0.6120715884142408,
            0.31797543626378,
            0.1371025461389489,
            0.25343299924148366,
            0.5612166630562144,
            0.6845478472591752,
            -0.18468790882413383,
            0.3540239756763489,
            0.5061036846210845,
            0.06568880028402566,
            -0.04206995792078733,
            -0.06289087428315447,
            0.3312433858778527,
            0.49711695160040176,
            0.05324029779900373,
            0.6305536462376492,
            0.05517747176769957,
            0.08060204442611138,
            0.6254502535022686,
            0.37525010800539704,
            0.5537485474679698,
            0.6445004705930467,
            0.6078180074729288,
            0.08665913368686665,
            -0.18826451594100338,
            -0.3924522401669112,
            -0.40100392858929373,
            0.398767526218723,
            -0.2103809755565499,
            -0.2663187728580011,
            0.2420378277044011,
            0.22893008883259608,
            0.6059312145395338,
            0.293740884228279,
            0.596245073995794,
            0.09531797865075423,
            0.5434285422040259,
            -0.07093767790473933,
            0.21121259392473943,
            0.20519302120231547,
            -0.010293350045696792,
            -0.5585873442848891,
            0.13313431281300755,
            0.46511331645807374,
            0.17295758372112338,
            0.1739837290668583,
            0.27679108375375544,
            0.3736011899456453,
            0.17637105309739656,
            0.6067638292662302,
            0.6149181367227905,
            0.6543761680173514
        ],
        [
            0.4735819152516237,
            0.6220860158496717,
            0.0001492082416829724,
            0.1633000777235914,
            -0.05097957515974539,
            0.3907078833841663,
            -0.018830193016042555,
            0.2821244043227533,
            0.24005467596829427,
            0.1887977877103557,
            0.3035608883405296,
            0.4040017704176744,
            0.3155851508244407,
            -0.07470044776214128,
            -0.08239858158172975,
            0.3048193625750374,
            -0.09229378657770365,
            0.33621385893038436,
            0.5541781963881431,
            0.2799487493114364,
            0.022660645832462026,
            0.06033377903890274,
            -0.10167965028738497,
            0.292342001772716,
            -0.077250092551861,
            0.056620119558020855,
            -0.02940646460653364,
            -0.07343831983689185,
            -0.1807644816962828,
            0.1696181579772688,
            0.02833867884566656,
            0.07632491325035584,
            -0.02643183833042274,
            0.3631686800649856,
            0.2292048390196613,
            0.3950403606292957,
            -0.11960058994132051,
            -0.3332128615234383,
            -0.10744905123500596,
            0.1060553517402359,
            -0.05259353300592874,
            -0.10180866713311573,
            -0.28558381157825663,
            -0.161732593945507,
            0.2583499760524719,
            0.020295393515110383,
            0.17957453743799665,
            0.2969644070206843,
            0.27827029335512804,
            0.20497501403871554,
            0.037020953418711054,
            0.16118895581787399,
            0.32616504959224885,
            0.43728401289115343,
            -0.20485044127950683,
            0.11454560692884894,
            0.20449319079561334,
            0.09049038569176916,
            -0.07420903648839701,
            0.05306970812979562,
            0.15509149173225642,
            0.4211233452259457,
            0.011610063858872652,
            0.3970197768829308,
            -0.031750281079835324,
            -0.013111421521928021,
            0.46288003936901667,
            0.03766862038129442,
            0.445196433419174,
            0.4262576000280177,
            0.31951282528684943,
            -0.13601019498797567,
            -0.15468355668036024,
            -0.31088726087162943,
            -0.3232438880959489,
            0.33922195222309115,
            0.03298322290224538,
            -0.2117864667407534,
            0.25646393630643466,
            0.09798931483150679,
            0.388425044740744,
            0.17788545663244526,
            0.31160694575666775,
            0.15126924165447525,
            0.2779782300862776,
            -0.10096315102197245,
            0.28971887420812664,
            0.0002364322760661465,
            -0.19040944369138224,
            -0.1353920551610702,
            0.28882800416001025,
            0.20797222888092376,
            -0.000990048259141141,
            0.08508758689111133,
            0.1599953190660171,
            0.3940616205568088,
            0.4358691323737717,
            0.30857156129763225,
            0.351145803959871,
            0.3456230710765796
        ],
        [
            -0.08744975721123656,
            0.0001492082416829724,
            0.6797468057426289,
            0.060204192887285936,
            -0.05592367214415811,
            -0.2687808527857648,
            0.11891366218622093,
            0.10266259451127471,
            0.30001667499445484,
            -0.12116320394418913,
            0.49042990742109693,
            -0.013099725384303689,
            -0.07891202060889553,
            -0.058206286974266476,
            -0.1892323129689654,
            -0.29327865751871723,
            -0.025961565604108942,
            -0.3244720608239823,
            0.3777538766164101,
            0.030425861430402913,
            -0.10743283220702549,
            -0.2767869175051063,
            0.19831988573488876,
            -0.1676343613950671,
            0.07225696414175245,
            0.01703146315999402,
            0.003532707641840961,
            0.07109045338183725,
            0.22706262135176855,
            0.331258184701961,
            0.2741448090199431,
            0.07079887558639486,
            0.05327782649644521,
            0.06601656231357217,
            -0.1484996187726824,
            -0.201659244219882,
            0.17866735779490645,
            0.09098967416845144,
            0.12161558147474631,
            0.012024779660374572,
            0.11094679827286448,
            -0.015494967188879707,
            0.17345754194986288,
            0.10107509506147155,
            -0.03482028228341033,
            0.07640658455787708,
            0.3515625791082506,
            -0.05547081648275751,
            -0.1605929944942004,
            -0.2369057421320658,
            0.14617096989949752,
            0.09502182778484695,
            -0.22643616496458843,
            -0.1713351861119293,
            -0.004183718719050863,
            -0.14007467408815016,
            -0.18985114915499765,
            -0.045755390541269,
            0.02778948340161071,
            0.14212956976569321,
            -0.15383259594711224,
            -0.07873509139632238,
            -0.020866378639500877,
            -0.18483805142257645,
            0.12831797051058072,
            0.11655142863826772,
            -0.12507545339491236,
            -0.06967005066793064,
            0.014368395614169183,
            -0.07740337806713975,
            -0.08665878835343119,
            -0.2154702670481569,
            0.041218647705704534,
            0.007089500217910239,
            0.009695275608047548,
            -0.06701747607660685,
            0.14971821881227956,
            0.09938462358447098,
            -0.05357509207630876,
            0.35889267523702506,
            -0.18012886635674563,
            -0.012919064601552174,
            -0.22289634065692493,
            0.34253412120178456,
            -0.19313613188539205,
            0.1463494465183316,
            0.1639179962631757,
            -0.07396829240051275,
            0.01915517894854741,
            0.12273559888787133,
            -0.1301169320696351,
            -0.5130852021248229,
            -0.244974779475479,
            0.037684396586405676,
            -0.052613212360730376,
            0.23588167152564782,
            0.5251952027117753,
            0.022370358931784108,
            -0.31953759015832256,
            -0.120659353689861
        ],
        [
            0.17157000461985586,
            0.1633000777235914,
            0.060204192887285936,
            0.6446183339830216,
            -0.18785677822985247,
            0.22330208685298267,
            0.05036354478110946,
            -0.022294758426646313,
            0.2400613127173589,
            -0.0037385796998671205,
            0.4117849404505334,
            0.203026471378024,
            0.3490498338137517,
            -0.27424371771175154,
            -0.3014199711393761,
            0.19933508657408755,
            -0.25124134932142744,
            0.2082941255048576,
            0.20220600478895048,
            0.24114421400721409,
            0.08480917096752238,
            -0.14989029418548208,
            -0.34771226755637513,
            0.36826492378995673,
            -0.24996319642907405,
            -0.08096681871497255,
            -0.16482521143692225,
            -0.32104217690113246,
            -0.017996429081860194,
            0.2748249146817959,
            -0.09301803536333435,
            0.11544630227572712,
            -0.3490850463799184,
            0.13455071080127642,
            0.293203599080781,
            0.18171642303792837,
            -0.01655832995637781,
            -0.3668831991783622,
            -0.14186919616191174,
            -0.16896443464947702,
            -0.21572994750542532,
            0.1518171892052665,
            -0.24080761841437692,
            0.09028776341483816,
            0.13702796046849638,
            -0.1180275777020583,
            0.10412563435674647,
            0.2396031920048019,
            0.07174538246802802,
            -0.14982055973413094,
            -0.009406156802191158,
            0.2005436290581789,
            0.11226247406179457,
            0.23801620695769304,
            0.03187474132945908,
            -0.0760712544565234,
            -0.0816625878557269,
            -0.20522411409720448,
            -0.09145168073318548,
            -0.13154855846034336,
            0.07571817875394712,
            0.30390821787061606,
            0.051322864519114636,
            0.35362993440309654,
            0.09966198208057087,
            0.11643334886074312,
            0.22497507500740896,
            -0.1786394081283058,
            0.07319732227938666,
            0.23803936354679472,
            -0.0035782803677409385,
            0.2261219231794736,
            -0.13839673766045932,
            -0.11565719068547409,
            -0.06560853461643908,
            0.1744369695179661,
            0.12085365959412063,
            -0.16659411455286982,
            0.27977898769423065,
            0.14162517229022423,
            0.14355031542478902,
            0.09736434630309897,
            0.2663920630068267,
            0.12838423723853637,
            0.13816724635122662,
            0.2185387088190187,
            -0.015480469453935233,
            -0.2040780803386761,
            -0.27708874750400225,
            -0.1442372748674562,
            0.3760215690452258,
            0.09152123767384308,
            -0.10311583649599244,
            -0.13599542943128826,
            -0.04265893269505003,
            0.41742547599390056,
            0.20864692641551416,
            0.11119590838308971,
            0.13274113320270442,
            0.2557701878507634
        ],
        [
            -0.2551373911463938,
            -0.05097957515974539,
            -0.05592367214415811,
            -0.18785677822985247,
            0.46921721775035097,
            -0.25921783924307457,
            0.19665267926259145,
            -0.02127913097946837,
            0.005249481575593672,
            -0.31257655932852724,
            -0.08168317061244502,
            -0.1302568371361765,
            -0.25692604749985476,
            -0.26897376276901896,
            -0.08319923858016268,
            -0.1574132873116944,
            0.030143081186858833,
            0.03984482254910777,
            -0.3287797564731386,
            -0.1742467113477579,
            -0.01846287455070558,
            -0.030760519410264683,
            0.05189709446990309,
            -0.2129399900107622,
            -0.2813940191375827,
            0.08138714182973604,
            -0.010142686378124854,
            0.04662914826303008,
            0.18354591378322715,
            -0.47157235213811066,
            -0.06771402588542158,
            -0.06856876282978819,
            -0.007828038138427787,
            -0.22176671703319278,
            -0.15943363586903725,
            -0.20086667192567959,
            0.14011174059329018,
            0.136061464905293,
            0.07786827246015428,
            -0.19579767453517913,
            0.3962394176696871,
            0.00411954450236392,
            0.12207793478655286,
            0.15640624036732043,
            -0.07188800210378926,
            -0.3019362712460357,
            0.10745928262526651,
            -0.11475593007160508,
            -0.06666588134622146,
            0.04625585352418475,
            -0.27223505794230035,
            -0.3573665271462496,
            -0.07204501414463596,
            -0.239045054763639,
            -0.07510137080425462,
            -0.13479778131445025,
            -0.2829545843770268,
            0.173358110993334,
            0.03558409874160989,
            0.2395181614622227,
            -0.06650060299777937,
            -0.06671297476430736,
            0.008541419602240802,
            -0.21865362818763562,
            -0.0944630509127316,
            -0.11189975793840556,
            -0.12572267372953355,
            0.03811021479310888,
            -0.06908160914882375,
            -0.22941815729844395,
            -0.3095978420506459,
            -0.07312790611338064,
            0.030421932264649995,
            0.12641084945646935,
            -0.2794474952676892,
            0.019205010184076613,
            0.10725524158296926,
            0.31478085812071316,
            -0.32203525862819915,
            -0.3489042740178189,
            -0.18750827081620816,
            -0.11541925343743775,
            -0.10795591149532026,
            -0.11255206557012992,
            -0.1794635781635719,
            0.011921482956760793,
            0.11596671267423146,
            -0.1675037742523677,
            -0.1310147167699348,
            0.22494030401930956,
            -0.025914923969927655,
            -0.19602160523863218,
            0.13395913260076986,
            0.021440338899861976,
            -0.00932017354271484,
            -0.2678809580617676,
            0.07253458736118171,
            -0.22523253997885231,
            -0.16510238596850269,
            -0.18915499661968851
        ],
        [
            0.6951846638842184,
            0.3907078833841663,
            -0.2687808527857648,
            0.22330208685298267,
            -0.25921783924307457,
            1.1045153518140827,
            0.031126910069799358,
            0.3220084481260698,
            -0.029545186540428862,
            0.5540239609789884,
            0.11977405913532531,
            0.6024493062732356,
            0.8332137011778109,
            0.2758152811554174,
            0.03457189273022971,
            0.5262957540665832,
            -0.12133209044613072,
            0.6100906810950047,
            0.5861747177730441,
            0.2989517645189286,
            0.22701176959732955,
            0.4144221943580194,
            -0.1661550048581366,
            0.7297624400543671,
            0.10138154722513373,
            0.15810353102270872,
            0.11796357823156065,
            -0.07714775950763052,
            -0.26537540745765525,
            0.42633598620029295,
            0.29528970755815404,
            -0.12114622210043406,
            0.01280663711355498,
            0.38328684680323755,
            0.5589596465500913,
            0.6871807902124429,
            -0.22483639340787556,
            -0.32234054966414005,
            0.003673301093054678,
            0.21306674978424034,
            -0.3873857590083333,
            -0.13139290961812625,
            -0.38866862104044203,
            -0.28827497455939755,
            0.6097637060428815,
            0.2354802686261014,
            -6.718552666046052e-05,
            0.4896882334633827,
            0.5136164507251283,
            0.34724035900738487,
            0.24294126887571307,
            0.5981778461931562,
            0.6038576932741008,
            0.7463445315474009,
            -0.1949853844454925,
            0.24674086540975115,
            0.6172362805352031,
            -0.008465896100758274,
            -0.0680258184845132,
            -0.03597727294246665,
            0.3381687567274412,
            0.7737850690716722,
            0.17506583570015383,
            0.7495273455547299,
            0.06292765407905682,
            0.08732009184692782,
            0.7795954846325279,
            0.26461311919744285,
            0.5642871584947551,
            0.6638923094857245,
            0.7553881570695825,
            0.06429205227974336,
            -0.39289378864119945,
            -0.5032061679619841,
            -0.09745961368160702,
            0.5117508804249419,
            -0.2223433369614627,
            -0.11887190834662752,
            0.33694204030983615,
            0.09736539819828996,
            0.6530101988053678,
            0.24817575180070314,
            0.5339378704464671,
            0.25552032178497075,
            0.6655521368792902,
            -0.10790388302068608,
            0.3751512492925818,
            0.2502947306017624,
            0.00306374506416624,
            -0.5447690439713446,
            0.03525067660247426,
            0.6946745499069661,
            0.18527176201213724,
            0.21641627724611393,
            0.4117189469817891,
            0.26067971185436645,
            0.26042361385406304,
            0.6122396034864335,
            0.665104333347251,
            0.7768851807493001
        ],
        [
            -0.1690626083132692,
            -0.018830193016042555,
            0.11891366218622093,
            0.05036354478110946,
            0.19665267926259145,
            0.031126910069799358,
            0.7613680522664608,
            -0.1166699008284507,
            0.4504544789933799,
            -0.24372186243250324,
            0.06078531789712883,
            0.1204459269449129,
            0.25924076552016956,
            -0.6720311815920365,
            -0.3795479429271623,
            -0.013887696236907492,
            -0.09998457918847799,
            -0.0007958483087597715,
            -0.10999950434224733,
            0.050935757122881474,
            -0.33958639844948124,
            -0.16013590888977458,
            -0.24267392286536396,
            0.004636270651327896,
            -0.39016405800415466,
            -0.18972769998976236,
            -0.19849776863686636,
            -0.2655159235971024,
            0.11246335810995199,
            -0.11180542822634855,
            -0.16101287287296184,
            -0.019394124997234596,
            -0.3112642210925762,
            -0.15954901282004502,
            0.0444014540891643,
            -0.1852953193193595,
            0.07498644898314251,
            -0.1702880820713967,
            -0.06768237870169577,
            -0.3084989483635101,
            0.16354135652296717,
            -0.0798036965846784,
            0.04388941498181443,
            0.20915511986761776,
            0.01414603248510317,
            -0.21611399535588213,
            0.2698507169902021,
            -0.25934614169417264,
            -0.2655642530876801,
            -0.2147292836768956,
            -0.075092022271649,
            0.12828623705541745,
            -0.22810535483086875,
            -0.2296532118890495,
            0.13455529175471934,
            -0.2496681351009959,
            -0.643721641757974,
            -0.11000882304411481,
            0.02848946495829864,
            0.0582875852556727,
            -0.13710690348720023,
            0.23509919148818217,
            0.08080155393014005,
            -0.059894238880000075,
            -0.16236981081531363,
            -0.18291192326040612,
            0.0571750497802196,
            -0.1978728258726307,
            -0.04546920889718701,
            -0.08285282810005842,
            -0.2251823183233951,
            -0.26594288757845946,
            -0.05098341244596,
            0.034480192072089244,
            -0.05340071858426465,
            0.010058998098723957,
            0.2434366464806104,
            0.20461408305703885,
            -0.09344973504245202,
            -0.0049647871599716046,
            -0.05252820048824842,
            -0.09791800998515698,
            -0.2283829830304321,
            0.17080695652930739,
            -0.24307428779212278,
            -0.20896726930017204,
            0.26001924417592526,
            -0.30063645527031196,
            -0.3070871116236092,
            -0.045273761716366344,
            0.2481390164742294,
            -0.06396044610788121,
            -0.3870279456476389,
            -0.1015291522210427,
            0.025476480602557007,
            -0.0717470997776418,
            0.4909808447611233,
            -0.017425178604199402,
            -0.1052056787138114,
            -0.2556679774922691
        ],
        [
            0.41729767726421285,
            0.2821244043227533,
            0.10266259451127471,
            -0.022294758426646313,
            -0.02127913097946837,
            0.3220084481260698,
            -0.1166699008284507,
            0.7422886400201508,
            -0.16429830540364496,
            0.18285957494795593,
            0.4226137579786528,
            0.15620297547378678,
            0.08147630616449622,
            0.16700227629503903,
            0.07716174399961749,
            0.09935009015215734,
            -0.07963975372194879,
            0.20667447859129184,
            0.4517241390455856,
            -0.06215645916591073,
            0.059433196593851996,
            0.4181240459176646,
            0.8349315260657031,
            0.21305354470801227,
            0.021359968440908605,
            0.009341370821632796,
            0.016304510020025767,
            0.6524300895434811,
            -0.24524455958325447,
            0.15548842832487283,
            -0.011761256915514056,
            -0.11649755738637751,
            0.8702814211473583,
            0.4192571180511462,
            0.03742243299007334,
            0.31676097177499046,
            -0.0365653830586695,
            0.270756991002928,
            -0.10175677308381303,
            0.6424773709676164,
            -0.04852405905460926,
            -0.04658905615384692,
            -0.33299535257359997,
            -0.06720165312167542,
            0.2505827973895806,
            -0.04606258168820562,
            0.11452060647135655,
            0.23724464648928892,
            0.5587982470222057,
            0.17787620732376863,
            -0.21895355503301317,
            -0.10135923997893397,
            0.40725043154530827,
            0.33293804499379936,
            -0.15715867864148647,
            0.20692370248530373,
            0.17621311122066893,
            0.17518166525346232,
            0.05903532587761503,
            0.14642750616284747,
            0.08724559694343237,
            0.20815568780903834,
            -0.05091520648104698,
            0.19235366135613188,
            0.008685392348259059,
            0.021362268469296366,
            0.30895573321868536,
            0.3163280396030138,
            0.43270901393782146,
            0.21768817490388057,
            0.3875862402503998,
            0.017219370754718428,
            0.019084258853006485,
            -0.15546124830551186,
            -0.3506767282603653,
            0.2669495724650479,
            -0.07246837619215982,
            -0.17360892797128696,
            -0.21543878540251007,
            -0.06177970422384002,
            0.2011983126051392,
            0.06633845043939182,
            0.22285922436373143,
            0.052734679054258916,
            0.2926107404892116,
            -0.089717485558089,
            0.2483351634775932,
            0.1191738203890125,
            -0.18863679647654116,
            -0.058755763961803834,
            -0.058998127296573055,
            0.23680941746875062,
            -0.008925161675492456,
            0.18461818390517518,
            0.13771603224249296,
            0.323370042373345,
            0.3615334767014776,
            0.22664617578124902,
            0.3387588025454401,
            0.2842880155738972
        ],
        [
            -0.029032189150180014,
            0.24005467596829427,
            0.30001667499445484,
            0.2400613127173589,
            0.005249481575593672,
            -0.029545186540428862,
            0.4504544789933799,
            -0.16429830540364496,
            1.2169420515658491,
            -0.10378085884837487,
            0.7859113059972449,
            0.14400947564680935,
            0.37603176780836584,
            -0.5976904106000799,
            -0.6419842916441576,
            -0.14819098322468688,
            -0.13586006585776988,
            -0.0832661961057415,
            0.15131860127918792,
            0.2593897213821055,
            -0.47656070947776435,
            -0.4353315978807021,
            -0.41736107832094926,
            -0.10968108432593177,
            -0.4729580264568359,
            -0.14065666949166208,
            -0.25947972799128916,
            -0.45520504668815565,
            0.25195442401921136,
            0.1504780354966537,
            -0.21076840873833813,
            0.2142551428759279,
            -0.5023009282470142,
            -0.003447540162811889,
            0.12626599664210278,
            -0.18331529609221228,
            0.06610012339052308,
            -0.3061717605767688,
            0.009706468869953988,
            -0.3795657625268968,
            0.14539378570156236,
            -0.06359326879015967,
            0.027284781185425364,
            0.006384277238910706,
            -0.2021573613102509,
            0.11316185223347092,
            0.6175260394129934,
            -0.13443572011819227,
            -0.22036103260319725,
            -0.38729399630027317,
            0.2874358283805376,
            0.34063803516478236,
            -0.23413089767489542,
            -0.06927977549417003,
            0.1771033666094112,
            -0.2972961494610858,
            -0.5734586779332586,
            -0.15103330210395582,
            0.07503937238065823,
            0.29402853501746273,
            -0.18777562536341294,
            0.27708749493284734,
            -0.06920051668747504,
            -0.018314509716180035,
            -0.16849918120703852,
            -0.1717685392641667,
            -0.053208057200120465,
            -0.42231550022704406,
            0.1673950610626115,
            0.04322658299806047,
            -0.2641537927224131,
            -0.5633719277433864,
            -0.08541523233430418,
            -0.014348143835926792,
            0.01921174623974758,
            0.015007852941916842,
            0.28165212537008477,
            -0.007456267456725769,
            0.0034685549331204845,
            0.7067817478371986,
            0.043310655150715645,
            -0.1180775353373813,
            -0.22203731778738434,
            0.5294697706631412,
            -0.13563824596266952,
            0.11498684043793247,
            0.4057644097608696,
            -0.5075865956456184,
            -0.3797035175072707,
            0.024794037753830395,
            0.372859183301984,
            -0.2958853957810154,
            -0.5285673747250313,
            -0.162470847144628,
            0.03903091937688195,
            0.11143814818487932,
            0.6043059397870184,
            0.15528548221476376,
            -0.193865572779586,
            -0.22727733852735665
        ],
        [
            0.4426649932073283,
            0.1887977877103557,
            -0.12116320394418913,
            -0.0037385796998671205,
            -0.31257655932852724,
            0.5540239609789884,
            -0.24372186243250324,
            0.18285957494795593,
            -0.10378085884837487,
            0.5856484971608038,
            -0.06263433829664102,
            0.20043774408178455,
            0.36091441963649273,
            0.6653984770585142,
            0.295167581973192,
            0.2541632039400906,
            -0.020831002878208407,
            0.15983453718536506,
            0.35334454039927665,
            0.08485784825597337,
            0.18438333712668598,
            0.4020016498830812,
            0.1804473331536856,
            0.32140355801566983,
            0.37760024327134917,
            0.20010450055410448,
            0.25997402515302986,
            0.20671607677720708,
            -0.23645480034508087,
            0.19485134977694415,
            0.23537488043062943,
            -0.1170591425801836,
            0.30761294592546057,
            0.24536036782556989,
            0.2145139770931925,
            0.3908347283900849,
            -0.19294127368035477,
            -0.020233706743426744,
            0.04003760948508311,
            0.37674802552945,
            -0.29491811230114345,
            -0.07222513378896546,
            -0.1685424315960299,
            -0.28577722494124436,
            0.215857359161877,
            0.38672372732283417,
            -0.23981606531628777,
            0.3176591924407152,
            0.36392628195878807,
            0.27569428700463516,
            0.2995455847255383,
            0.41516448224009256,
            0.2854916662295084,
            0.44699412662278926,
            -0.11393362275772288,
            0.34458955830584986,
            0.6652955872789061,
            -0.003071151315051782,
            0.024338129489301835,
            -0.02592782817177094,
            0.23070459821408573,
            0.24847471988249065,
            -0.019814458294627385,
            0.35701426721485957,
            0.06155329533688248,
            0.07927908075358073,
            0.3337197399434087,
            0.31507127107125293,
            0.2613015068518738,
            0.351402789062182,
            0.556502329275719,
            -0.17536839201891455,
            -0.09429768184044343,
            -0.18536249291353557,
            0.1311655655782485,
            0.15007179267880047,
            -0.1873272652128749,
            -0.2043823016749902,
            0.33925206011765335,
            0.18723101591991886,
            0.4225462667911028,
            0.15103619309250801,
            0.30900503578114397,
            0.004599342743494761,
            0.4113052184435492,
            0.018615610437891113,
            0.2431010019436923,
            0.3983938579191461,
            0.28835196066896956,
            -0.38880278237055593,
            -0.03760726958339256,
            0.43450550146800176,
            0.21446363899269918,
            0.2097937388516386,
            0.2906993266611043,
            0.26306146212899406,
            -0.21366626613703307,
            0.3895665351876455,
            0.449215152722825,
            0.456848143196227
        ],
        [
            0.180155810487749,
            0.3035608883405296,
            0.49042990742109693,
            0.4117849404505334,
            -0.08168317061244502,
            0.11977405913532531,
            0.06078531789712883,
            0.4226137579786528,
            0.7859113059972449,
            -0.06263433829664102,
            2.039964404068467,
            0.10316483328382817,
            0.13069954303985054,
            -0.1530677967559229,
            -0.4715046837867914,
            -0.3201247549433534,
            -0.3181361818079653,
            -0.09975465960040966,
            0.6718132145700275,
            -0.08390829119262413,
            -0.252863044644891,
            -0.2800671093091584,
            0.12849505172282819,
            0.01858183756646393,
            -0.4717618613820403,
            0.02626635486032245,
            -0.13222334094174226,
            0.036019916951065586,
            0.2573611104370942,
            0.3055165287730399,
            -0.0046914042245842094,
            0.19465162063653701,
            0.05498540005917717,
            0.33468886522384006,
            0.06453640778877939,
            0.0647648761992334,
            0.187734225678434,
            0.048184935019433335,
            0.09977865918334322,
            0.16005161061120635,
            0.13853654867729723,
            0.23594606669671145,
            -0.08090648715032199,
            -0.24233139238047255,
            -0.02637778033738084,
            -0.0526382916850516,
            0.9852829704309047,
            0.10566490029954972,
            0.1000586821859722,
            -0.33948140592202797,
            -0.05415479848039479,
            0.12346443336699066,
            0.05973621907226859,
            0.1413950165897476,
            0.0828303265181163,
            -0.18603672941086533,
            -0.2768784138528567,
            -0.14979888963611426,
            0.15669819257605935,
            0.4234925865219492,
            -0.24106164768838134,
            0.40280841546888946,
            -0.02908087375005033,
            0.11611581758338957,
            0.009331967511986582,
            0.031357732435110384,
            0.07095439570067995,
            -0.1774737004830239,
            0.5016120328925222,
            0.10083998161888644,
            0.05951645137212647,
            -0.37725475990456453,
            -0.06698055219001614,
            -0.30770099493856984,
            -0.17110418681562103,
            0.13374838713425768,
            0.4180280135831619,
            -0.1975502959916331,
            -0.44487924547129953,
            0.5597383543331818,
            -0.010576890101880567,
            -0.10451701359370211,
            -0.12567483331059953,
            0.7758274341033703,
            0.19155384041575033,
            0.5827262547930311,
            0.6395811889606139,
            -0.36398053699347765,
            -0.4236552032235334,
            0.612830078146953,
            -0.11815252129552185,
            -0.3761846607096623,
            -0.271793546767424,
            0.04992385987097973,
            0.03772497917527621,
            0.458265929171823,
            1.1128358984365474,
            0.1796101062301117,
            -0.02370473845212965,
            0.058058812854992536
        ],
        [
            0.5176928290559869,
            0.4040017704176744,
            -0.013099725384303689,
            0.203026471378024,
            -0.1302568371361765,
            0.6024493062732356,
            0.1204459269449129,
            0.15620297547378678,
            0.14400947564680935,
            0.20043774408178455,
            0.10316483328382817,
            0.8059769406479922,
            0.5858273272581938,
            -0.19520146607242694,
            -0.23025942014579193,
            0.40855814411566904,
            0.21259335816473765,
            0.577723504623078,
            0.46422198882048377,
            0.2993224197277589,
            0.15861983606528365,
            0.015910228347876216,
            -0.37750402013708406,
            0.5115248897907076,
            -0.0689427538688294,
            0.05270007570125419,
            -0.048970605405815375,
            -0.2890937928681269,
            -0.0728702862780586,
            0.5429913764141313,
            0.29268527274362083,
            -0.03283699575802165,
            -0.35977113305807806,
            0.27189050544677584,
            0.3973575696087229,
            0.4270588607944908,
            -0.11906884969350019,
            -0.5107880235477285,
            0.011702887722122855,
            -0.2013604728816078,
            -0.19356625090059698,
            -0.11468392255500305,
            -0.2143550975225766,
            -0.22215523357002373,
            0.3155007291209318,
            0.026087562059280655,
            0.13238847149426394,
            0.4408846110910642,
            0.27570331251477725,
            0.10202573976221961,
            0.37073765484214366,
            0.5101313186643782,
            0.30769117325178713,
            0.5468418466882922,
            -0.28393762575762166,
            0.02046436083916562,
            0.22221041519553905,
            0.24787400488162534,
            -0.09623675016648414,
            0.07941159785797763,
            0.2701124342428418,
            0.5504873904581122,
            0.16961213623520494,
            0.514671058371157,
            0.07936705718561388,
            0.08885829922723551,
            0.5634790714404629,
            0.08978195729754619,
            0.31949447729658653,
            0.49036844463633855,
            0.306371639220136,
            0.12392978467691658,
            -0.2737378825221202,
            -0.3068120939729981,
            -0.33794309482763624,
            0.4955385035721227,
            -0.17312573948210022,
            -0.06609576761475398,
            0.3170503891120763,
            0.25881141277360464,
            0.39181678209759957,
            0.24853955076226203,
            0.42700663865999305,
            0.3459541658830554,
            0.3182824234282691,
            0.05481934042814152,
            0.1075177901635081,
            -0.06512836301060666,
            -0.1752792845503813,
            -0.5167824389282386,
            0.0689708819107984,
            0.1401270080807151,
            0.0019511563550849507,
            0.13464113351168133,
            0.4775192253290502,
            0.189810202866272,
            0.4779611855138433,
            0.43171467684121617,
            0.26937968669339674,
            0.6158302998557921
        ],
        [
