{
    "fast": [
        [
            0.8910174612460716,
            0.1682382116787188,
            0.052898102866840796,
            -0.40566958790992863,
            -0.5208844186236209,
            -0.2057142009199154,
            -0.3827356691214342,
            -0.22272612710897186,
            -0.14684014664598682,
            0.3060748849956533,
            -0.32914389431634133,
            0.19825131402725985,
            -0.3695422170062842,
            -0.3191089510052528,
            -0.5174413939106229,
            -0.05067922892410458,
            0.41462132660293,
            -0.0885461451490599,
            -0.16099786978015174,
            -0.15583554590147464,
            -0.00695638993087318,
            0.25006469849551216,
            -0.21447191626754727,
            0.07976784613589091,
            0.3083988705073123,
            0.20664205851814205,
            -0.3881996288128693,
            -0.09073257177888171,
            -0.2539493333205517,
            -0.1585222975085946,
            -0.4411802357305774,
            0.15607075419668712,
            0.06782065948106863,
            0.09331120177531044,
            -0.10675814109847043,
            -0.35595304549964835,
            -0.30561069885875314,
            -0.04098910985163755,
            -0.10531673889447936,
            -0.29594016036790854,
            -0.20138561846601136,
            0.14193979327742182,
            -0.2837078617908298,
            -0.06329157732036765,
            0.01826471577030066,
            -0.17727190525001332,
            0.18525185565727814,
            -0.14955275718682606,
            0.2087892449924485,
            0.2958335530374426,
            -0.5616041499597946,
            -0.5011602422819277,
            0.09350592706685475,
            -0.11957372109338323,
            0.28310505904134103,
            0.14018980132809453,
            -0.3187038314186745,
            0.18924508237497903,
            -0.17234371938166282,
            0.0989777923110582,
            -0.26703031133958377,
            -0.3092899319217122,
            -0.1225286431403212,
            -0.3867399233047647,
            -0.26882380483592927,
            0.014508387747193536,
            -0.34121902350711986,
            0.00044987960686393224,
            -0.5261877254882203,
            -0.38048130094631666,
            0.01081449988526061,
            0.5797935298871021,
            -0.34849005557391893,
            0.1875592526072917,
            -0.20127264301673306,
            -0.11029369327315006,
            0.07556141000199013,
            -0.10150412718842747,
            0.1602596750397654,
            0.2205556867741645,
            -0.3530359258699829,
            -0.2757648930173483,
            -0.49401522872823533,
            0.27166302419610583,
            -0.3816683578683454,
            -0.09662230605344467,
            0.07900333401824025,
            -0.29029920244908336,
            0.258593911695816,
            -0.2180024355184163,
            -0.15725174269400596,
            -0.2219044825675769,
            -0.3126991577388134,
            0.1725357785948456,
            -0.36829753497564255,
            0.5584196687476948,
            -0.5055563214999457,
            0.17884444233858282,
            -0.040598634823983265,
            -0.1950025226672961
        ],
        [
            0.1682382116787188,
            1.3113762753804392,
            -0.26107324486290223,
            0.040231607905992645,
            -0.22913567709743043,
            0.05340224026411131,
            0.0625633752005577,
            0.16805640081730902,
            0.47745743476464625,
            -0.27293038763523353,
            -0.05853534798984702,
            -0.012604054322982875,
            0.0919515535783357,
            0.23405681569770767,
            -0.06759975055911234,
            0.04321018307224728,
            -0.044413842734705465,
            -0.05977164901087032,
            -0.03369509933582657,
            -0.019056301781866913,
            0.06015265929382162,
            0.1483089395070096,
            0.010320068763722177,
            0.00018911443838612915,
            -0.32999766975148404,
            -0.3545281075215181,
            0.2792384223612967,
            0.2411616304482571,
            0.2133046643104532,
            0.06813463971189361,
            0.228993025647367,
            -0.1957851090267093,
            -0.23488968688247233,
            -0.2510941348903929,
            -0.03102870277887678,
            0.2878319204726288,
            -0.03440728954367887,
            -0.5089499293494104,
            -0.3752214019779278,
            0.1466632837455134,
            0.396486004637264,
            -0.6215927113041048,
            0.03808100071073574,
            -0.14729706931029127,
            -0.1431660446056192,
            -0.06707472415878098,
            -0.41738251416799393,
            -0.3430232232725752,
            -0.29473713017281916,
            0.14431199857104388,
            0.3740073184097159,
            0.18421724990134605,
            -0.3339036651108436,
            0.13044513154598733,
            -0.11358250279183399,
            -0.47083071998590414,
            -0.5013313463410543,
            0.6921039712203916,
            0.11540602254297913,
            0.1695283348464005,
            -0.21167709253838596,
            0.29214746625256927,
            0.10958252470672275,
            0.0368416154023666,
            0.3870079362254226,
            0.2573893822136434,
            0.17112296950664363,
            -0.23897232925487133,
            0.35691486572988707,
            0.10991237066201785,
            -0.4048566804556218,
            -0.13129198456252056,
            -0.24638115559638982,
            -0.14740513116164736,
            0.08543957203700711,
            0.07041006131064735,
            0.04533377794637771,
            0.18783377020012343,
            -0.26264594636530264,
            -0.31106652350508296,
            0.010890553731038848,
            -0.06424089464833187,
            0.16345931910645878,
            -0.3450046287092564,
            0.3583598420259054,
            0.1317856940091005,
            -0.1632923239896026,
            -0.20605609911047268,
            -0.12461665661732653,
            -0.19784890445423026,
            -0.23436452761891918,
            -0.4947382964857904,
            0.5389273782272964,
            -0.125423170595434,
            0.14240626811454363,
            0.009599278223020709,
            0.21386847036829468,
            0.059950372643963946,
            0.581911152828428,
            0.10109045306876324
        ],
        [
            0.052898102866840796,
            -0.26107324486290223,
            1.5139711590312817,
            -0.4970747320412968,
            1.1731562276936753,
            0.5435220562661502,
            -0.07519000448433927,
            -0.2947717159619534,
            0.4466146725983114,
            -0.12573431502013704,
            0.08208743206209544,
            0.11735190281900128,
            -0.010793856305167849,
            0.8896829834634675,
            0.20038354646728498,
            0.44268537699658556,
            -0.41132004293660007,
            -0.18413413718432114,
            0.6175992103684262,
            0.09322939415693952,
            -0.36970333900020835,
            -0.2692301066295684,
            1.3002705479670478,
            0.31850252010956726,
            1.1201150649829255,
            1.3753785016668634,
            0.12600690755179197,
            -0.1644509115857519,
            0.2045500653059448,
            0.03199726326141405,
            0.3313201647870414,
            0.10557350170910941,
            -0.1129965805581874,
            0.2697640101228783,
            0.7874139540712054,
            -0.001483128885459495,
            0.08344456601402037,
            0.03956238521548398,
            1.3214062691950614,
            0.05597618962518453,
            0.08707574084764513,
            1.094777489672306,
            0.046975898020032485,
            1.2525418131121535,
            -0.2240814589409197,
            0.7761922040246285,
            1.3972054424484854,
            0.41577971011181125,
            1.0936885615348344,
            -0.00982664045144654,
            0.10509388411251684,
            0.11044030865975894,
            -0.14090999421814154,
            0.8483583368479574,
            1.3657233912442641,
            -0.677306372334794,
            0.334114308690017,
            0.038244255794287696,
            -0.4606948684442175,
            -0.5082885625804661,
            -0.239986452029517,
            0.06359497380857271,
            0.22563070914622999,
            0.5244342759647584,
            0.1564940675718886,
            1.209713748291932,
            0.24781712933558828,
            -0.1522031966489244,
            0.54505492172061,
            -0.5811215959927882,
            1.1950352116125964,
            -0.4793459527062435,
            0.9444925932739415,
            0.5770435194099938,
            0.4112694372993327,
            0.13112837340167333,
            0.3467548753408104,
            -0.1653192348250379,
            -0.06852782648487525,
            -0.08370096553452668,
            0.6683246673541521,
            0.3279797383472997,
            0.8985869514999743,
            1.3250834916512124,
            -0.15610770464786808,
            0.03428091949818661,
            -0.4314553792227915,
            0.43323423795319727,
            0.1775525193390615,
            1.0713284209378813,
            0.27900681403080274,
            -0.14176488347831592,
            1.1277831275913683,
            0.7723512205350274,
            -0.0887206120963289,
            0.2403783192321132,
            0.4018878430705027,
            1.3403663004745807,
            1.0343430623443322,
            0.2985638386458608
        ],
        [
            -0.40566958790992863,
            0.040231607905992645,
            -0.4970747320412968,
            1.486626805743987,
            -0.06457143601093665,
            0.1325088540489598,
            0.4286551818479224,
            0.4810943208722708,
            0.14563216675963303,
            -0.25976226861603247,
            0.5887942911206967,
            -0.0580149313377292,
            0.5339101847134616,
            0.17510864525348416,
            0.4725992775710735,
            0.16840479417783702,
            -0.1926277458897858,
            0.5704956046676573,
            0.06744268105759928,
            0.3839522595125564,
            0.8483162718629413,
            -0.36609500628155395,
            -0.46943818463996023,
            -0.01912156661671433,
            -0.5915493184818742,
            -0.565684688123818,
            0.16093931967712474,
            0.39424429249086523,
            0.22924964248958155,
            0.566959010806427,
            0.4547369892922594,
            -0.49931268114882993,
            0.44042820945644884,
            -0.08641299483140341,
            -0.22060739112100614,
            0.4000591595739928,
            0.29229628765247434,
            0.25963279283078095,
            -0.6144116291095292,
            0.6367703511851229,
            0.2767412116970138,
            0.0043340542138597445,
            0.4681844801214582,
            -0.35843883150989475,
            -0.027388580611584116,
            0.04976862040463825,
            -0.5762887180750796,
            0.5115474983914854,
            -0.6925784870109656,
            0.09669271586047397,
            0.5414422981633792,
            0.4759754671223386,
            -0.8226354349073709,
            -0.05648645365255864,
            -0.6953456737549398,
            0.06279085518802245,
            -0.13321111342029704,
            -0.0833526526912867,
            0.6262839951229479,
            0.4893724551246382,
            0.12045228370741455,
            0.3019506559674195,
            0.13790593515080463,
            0.2574880328901519,
            0.4526758016952755,
            -0.4642430641370676,
            0.3488798032048714,
            -0.047791280201791686,
            0.3451917149541177,
            0.17700391156290912,
            -0.2817733790158137,
            -0.19131015521045552,
            0.20170293831337507,
            -0.2673011202867611,
            0.4179673477402703,
            -0.2641656556467098,
            0.040792531379707564,
            0.302210891785917,
            0.0906157571893756,
            -0.5341390232642454,
            0.005859552767850189,
            0.4110491129978791,
            0.11056276289971129,
            -0.5180386128034477,
            0.2664698371345962,
            -0.049679344327802154,
            -0.04470296924675254,
            0.3839587596285829,
            -0.1945132551569146,
            -0.44166059278606556,
            0.6477723451170381,
            0.28242824970285224,
            -0.43386451910322016,
            -0.4791228845763474,
            0.5745536525710668,
            -0.0765998975161421,
            0.30784884854646005,
            -0.5280326079555944,
            -0.27157383651027367,
            0.5722780904353416
        ],
        [
            -0.5208844186236209,
            -0.22913567709743043,
            1.1731562276936753,
            -0.06457143601093665,
            1.691352005892367,
            0.7671731672177201,
            0.6727829434564938,
            0.12920093525975634,
            0.6113352032840411,
            -0.3276701095703545,
            0.5416195576919115,
            0.08768622458811089,
            0.6080542319511116,
            1.1740127254949522,
            0.9096986158750154,
            0.6192015823423985,
            -0.8376241973446842,
            0.21457930334332923,
            1.049079874596603,
            0.21849640850490648,
            -0.3770085183359975,
            -0.38120163887077385,
            1.4830940597884665,
            0.45491777253874965,
            0.5484813010654312,
            0.8862333665041398,
            0.9462982787873544,
            0.060597783077881905,
            0.6551784398525461,
            0.49968279575139385,
            0.9012309464240095,
            -0.11252009984260557,
            -0.2062506515377146,
            0.2625065311209787,
            0.8510519171426321,
            0.45184193427566915,
            0.36129281878156105,
            0.26220151951099346,
            1.1735268407192825,
            0.5954125478082483,
            0.43999199065913586,
            0.7596374816666254,
            0.6439835740376779,
            1.0973373826290587,
            -0.3955307639571875,
            0.9092591423010783,
            0.9335281233461451,
            0.3509826552210276,
            0.7223020099291725,
            -0.29302983192881654,
            0.8029025652922449,
            0.7397581228483822,
            -0.4362739084972704,
            0.9615414663300312,
            0.9416474504103608,
            -0.7681727128903839,
            0.44232899826989147,
            -0.03930435588121796,
            -0.2593315877494081,
            -0.4010053664291462,
            -0.2650115207843554,
            0.7560375976905201,
            0.6589021574393424,
            1.0030679326590504,
            0.5506128501657063,
            1.0681121193413297,
            0.8234996639881638,
            -0.25919776885214896,
            1.118805974287934,
            -0.23604820257294212,
            1.2157740985454673,
            -0.9784612172695738,
            1.0942905057928172,
            0.4271394077653015,
            0.8924028215298185,
            0.1185662598414775,
            0.5076481366093522,
            -0.14874225554853118,
            -0.28262368150393574,
            -0.2629286665014425,
            1.0787136028536282,
            0.5690840602530364,
            1.389599229309922,
            0.7735331339291887,
            0.46646936566783537,
            -0.1847690169263285,
            -0.7326672021323952,
            0.7754010193239106,
            -0.15855846462360532,
            1.0218560071197949,
            0.5082598884904256,
            -0.1503457458188558,
            1.2112779869855084,
            0.2762248032418832,
            0.5462638885498011,
            -0.08260556768596126,
            1.1731279993744723,
            0.9946818537454057,
            0.9893498148515306,
            0.6797458168053574
        ],
        [
            -0.2057142009199154,
            0.05340224026411131,
            0.5435220562661502,
            0.1325088540489598,
            0.7671731672177201,
            0.8575276979780057,
            0.5297675769902574,
            0.44299240557715575,
            0.9301639038411965,
            -0.5683467272081129,
            0.6273537176092331,
            0.4745908175541804,
            0.6948892834378154,
            0.963830143412897,
            0.6336596385655239,
            0.6391046587198543,
            -0.6641320643367399,
            0.5193299794781018,
            0.6803802567972022,
            0.7470345752449896,
            -0.32626008263068623,
            -0.3580257108412745,
            0.7047263585794865,
            0.5886261929156282,
            0.06341878090046567,
            0.21888345887193042,
            0.5926592895249847,
            0.4407027900196143,
            0.7936109399722878,
            0.6243332495814437,
            0.9219325737194191,
            -0.10946649164226459,
            -0.3405608900420945,
            0.2900964663519841,
            0.6376961714697704,
            0.6706495137619128,
            0.7661818285936164,
            0.29949230627809875,
            0.2997357858706937,
            0.8312076455308858,
            0.5599221022658111,
            0.5190897259715705,
            0.7334312272455524,
            0.5729685789331059,
            -0.23685627931172912,
            0.6868768974872085,
            0.34692579033443127,
            0.7109129289680216,
            0.14257801355642474,
            -0.041960619894067144,
            0.6413844962423206,
            0.6389898608322228,
            -0.42253259679349614,
            0.7036840949608875,
            0.47085873139789575,
            -0.5528487225958093,
            0.3674638715042824,
            0.12652204861323804,
            -0.22682527330520647,
            -0.19812089448419506,
            -0.25525660028235003,
            0.7086100991538752,
            0.5959222516606589,
            0.8586088011835308,
            0.8458550655441639,
            0.7147768844887383,
            0.8030748695877998,
            -0.2283853764914662,
            0.9495033811742847,
            -0.02051818628520652,
            0.5415904151437144,
            -0.8199276718226282,
            0.8473710243920134,
            0.3757973668928759,
            0.6691608656440134,
            0.028215392230558498,
            0.6828638465041641,
            0.4311832467624612,
            0.5390523995344214,
            -0.44788081913272415,
            0.5576794442775524,
            0.5995363634410571,
            0.9541361888293124,
            0.25156430115694506,
            0.716674511698601,
            0.11315248704432647,
            -0.7425553787324631,
            0.4566708956055805,
            -0.33336924986441735,
            0.38835247869240336,
            0.6443366587546585,
            -0.07168565338773576,
            0.7218953291979756,
            0.031446838598119274,
            0.628736205119566,
            -0.0758121454483523,
            0.8126300580729992,
            0.6869853842080582,
            0.8046652280179609,
            0.7855948699709185
        ],
        [
            -0.3827356691214342,
            0.0625633752005577,
            -0.07519000448433927,
            0.4286551818479224,
            0.6727829434564938,
            0.5297675769902574,
            1.0156294170157323,
            0.6362969012773616,
            0.5633760662874909,
            -0.592816190363892,
            0.8850347106335325,
            0.31737030123080984,
            0.9154336459667558,
            0.5863805577691708,
            1.0613979432207057,
            0.5256887024673107,
            -0.5676756846191122,
            0.7360040977053168,
            0.8071440420844823,
            0.538081113072279,
            -0.1805430093358064,
            -0.4096103275541627,
            0.40457575968098375,
            0.6104830894659767,
            -0.5696661326095055,
            -0.399286568265284,
            1.1114047175563324,
            0.45176963725775776,
            0.7886415050494022,
            0.7445396312920464,
            0.8947226745303316,
            -0.2993958717485728,
            -0.2567528585244687,
            0.19243132422197734,
            0.2356648130001567,
            0.6918531739477509,
            0.5266709257303192,
            0.390018384047866,
            -0.026492634695928635,
            0.9076114928894224,
            0.568751249736301,
            0.015368573857044291,
            0.968896311491541,
            0.16406621143148975,
            -0.3883270537031698,
            0.5169726580603914,
            -0.2664643422513206,
            0.38193043999627924,
            -0.2886535310722979,
            -0.10370872226398085,
            0.9353676229148742,
            0.8521794923613931,
            -0.6574584399729602,
            0.5236663216156633,
            -0.10307579098794174,
            -0.3801022782729411,
            0.13141746121741962,
            0.02834069007403903,
            0.12721235870043018,
            0.0667293530084706,
            -0.13462567134686154,
            1.0345266298611002,
            0.757281998042472,
            0.7828537125084806,
            0.7518354807571231,
            0.0822145948078929,
            0.9230275337111756,
            -0.21060488194784782,
            0.8970827729602469,
            0.13747906574568433,
            0.2346655091685031,
            -0.7542859668267319,
            0.4422174224777133,
            0.22136234492104387,
            0.8719130599254855,
            -0.10170785289720272,
            0.4772825108030876,
            0.2873662534840939,
            0.10485659919042889,
            -0.4159790417535257,
            0.703143760574507,
            0.4591935582106756,
            0.7999829447773803,
            -0.3894988906885184,
            0.8021702492428971,
            -0.0808625952919778,
            -0.6397345058194303,
            0.5948547513606441,
            -0.49373567716976285,
            0.09809590671341832,
            0.6565350185928123,
            -0.021114961454006254,
            0.2577355533068946,
            -0.44931824848205776,
            0.8780709690740973,
            0.023724167383868615,
            1.1396443590934169,
            -0.11524610670229679,
            0.3304620982731821,
            0.8133343823976255
        ],
        [
            -0.22272612710897186,
            0.16805640081730902,
            -0.2947717159619534,
            0.4810943208722708,
            0.12920093525975634,
            0.44299240557715575,
            0.6362969012773616,
            0.7047462815749259,
            0.5835628062176194,
            -0.599699892637055,
            0.6514140611567806,
            0.32123135734986624,
            0.6809473301806689,
            0.35689503243042675,
            0.5800346562665236,
            0.35635398344986213,
            -0.5097991923866094,
            0.5845372222503583,
            0.4160959331195946,
            0.5970834524510534,
            -0.024426200084976025,
            -0.3062228487941482,
            -0.01867872696441163,
            0.4141079903886501,
            -0.6498095480142853,
            -0.6364681094930134,
            0.7201139763269143,
            0.4795088607238384,
            0.6702852400830088,
            0.530541820601902,
            0.6397277406730384,
            -0.22032470264949752,
            -0.15429152781694228,
            0.2005926357009264,
            -0.04876626423621749,
            0.5941325720205543,
            0.6174698101965399,
            0.42792100661483984,
            -0.33855800633929617,
            0.721943779182034,
            0.5268409861469554,
            -0.1431033127180609,
            0.6349611854757014,
            -0.10093099980238622,
            -0.3582291937678661,
            0.2926342126945909,
            -0.45564853013143936,
            0.4759943345313937,
            -0.49495122075137654,
            -0.007463326635166458,
            0.6731520617355466,
            0.6023262879356815,
            -0.4596474712342801,
            0.2861167404990916,
            -0.24975752158309414,
            -0.12790121382198633,
            -0.008616369617271332,
            0.06016329979834738,
            -0.041795965587567444,
            -0.016926620897352168,
            0.06365699079605913,
            0.7971449880194162,
            0.48261884911877945,
            0.5196497290176781,
            0.6444217321179514,
            -0.07582219888174709,
            0.7001843359528865,
            -0.1576163314912718,
            0.5694690019057942,
            0.24854656647307088,
            -0.1656225598910673,
            -0.5318474277817969,
            0.16684313339672935,
            0.13567408593753152,
            0.5725007343600149,
            -0.08432855745673522,
            0.34772516178812773,
            0.562844206037603,
            0.5253158018151798,
            -0.30947588900342976,
            0.31919065073840003,
            0.31304955350055763,
            0.4194361927153677,
            -0.5356382965716773,
            0.6652539395799619,
            0.07920581131500477,
            -0.5253292016650549,
            0.318979603136647,
            -0.46437273959470526,
            -0.15584898923094123,
            0.5111756726661829,
            -0.03498507460428586,
            0.03527176114979998,
            -0.43716014113777957,
            0.6483648868371901,
            -0.12208401504261014,
            0.7311281526678637,
            -0.25830024198602075,
            0.19237607148353547,
            0.6215864868947886
        ],
        [
            -0.14684014664598682,
            0.47745743476464625,
            0.4466146725983114,
            0.14563216675963303,
            0.6113352032840411,
            0.9301639038411965,
            0.5633760662874909,
            0.5835628062176194,
            1.384943700411186,
            -0.6579793914112808,
            0.6729219260545024,
            0.49546106967483766,
            0.7770646957805941,
            0.9772033231914937,
            0.5005766859361367,
            0.7502721583804501,
            -0.7443921985920342,
            0.5153321525038285,
            0.6974499128372744,
            0.8680167606502741,
            -0.36361996087871407,
            -0.354111445744379,
            0.707755317077686,
            0.6227163694505867,
            -0.14443298166032914,
            -0.002432548673739572,
            0.7161845781802668,
            0.5825227977883539,
            0.9593745225817389,
            0.6686004861545933,
            1.0508869268805976,
            -0.19926041655195406,
            -0.5066912412712883,
            0.25717210001422974,
            0.6355437267847597,
            0.8005135548377627,
            0.8936282007870724,
            0.14846140584592593,
            0.17769665350385927,
            0.9425654312202947,
            0.6412249734207137,
            0.37643962436928113,
            0.8137656903510655,
            0.6365586997650466,
            -0.32775273591689763,
            0.6703145203085654,
            0.17474059167779196,
            0.8383153548589755,
            0.029823363543366854,
            -0.067840086457191,
            0.7587896148010621,
            0.6909231586624255,
            -0.7118864719097615,
            0.7555502175121718,
            0.4278725468287985,
            -0.907290269768207,
            0.08302144487382221,
            0.20514639989256975,
            -0.10172032097817348,
            -0.10570379487165951,
            -0.49314339051647493,
            0.8392664172242362,
            0.6833995608137376,
            0.9315367682401812,
            1.0637662061094884,
            0.8846215390912151,
            0.9271625474954266,
            -0.30620729209413905,
            1.1430189559020465,
            -0.15927629496527743,
            0.45214277161487837,
            -0.8475023630074503,
            0.7053188751804681,
            0.5014186362879006,
            0.7875419027325176,
            0.05001506881746546,
            0.7588085970687743,
            0.6500324116429427,
            0.7637754630432183,
            -0.6628107175240887,
            0.5198999232697187,
            0.5990497952492608,
            1.0517024221823232,
            0.06220131428410382,
            0.772954932613242,
            0.539311852185207,
            -0.8394135197034472,
            0.3231011936900163,
            -0.4593497979041489,
            0.34064007201199403,
            0.6188288461575203,
            -0.3290528050115573,
            0.9480954970049048,
            -0.23105714441811348,
            0.6445052316626438,
            -0.07929099466230997,
            0.9386205883333099,
            0.7054683968769858,
            1.1450903906166727,
            0.9423181601623439
        ],
        [
            0.3060748849956533,
            -0.27293038763523353,
            -0.12573431502013704,
            -0.25976226861603247,
            -0.3276701095703545,
            -0.5683467272081129,
            -0.592816190363892,
            -0.599699892637055,
            -0.6579793914112808,
            1.1564563303173774,
            -0.8152448490262804,
            -0.4928977194774118,
            -0.6571333274708084,
            -0.6550914316335853,
            -0.7916139742207462,
            -0.4107402309259543,
            0.4017318618332754,
            -0.47574829287153925,
            -0.5229310475364767,
            -0.7794744796584165,
            0.24308752715859946,
            0.5981479119170812,
            -0.26439338372423177,
            -0.6774785553378644,
            0.42885141218859135,
            0.2961255213323442,
            -0.7500787883748066,
            -0.47231161456772225,
            -0.6930295193055722,
            -0.38945918131250096,
            -0.7103176552109683,
            0.16961189274338614,
            0.232115668193049,
            -0.2090617106318343,
            -0.13446430049870203,
            -0.6512107828538242,
            -0.6323660322573318,
            -0.1703589852384338,
            0.07064721372623556,
            -0.6891167056437928,
            -0.6047592659177052,
            -0.11410403021671768,
            -0.6075099715786069,
            -0.26231020450696024,
            0.22605097861177825,
            -0.6299041662744328,
            0.14318303003445226,
            -0.5989426027307001,
            0.27389640670986015,
            -0.16267754191511632,
            -0.8374747717346877,
            -0.690258132275428,
            0.35622641815307315,
            -0.6131245959747924,
            -0.10919074972794027,
            0.22788212151621304,
            -0.2942968303911211,
            -0.33142094673800154,
            0.10914555649976013,
            0.2719759427224107,
            -0.058236542622349036,
            -0.8182116043704636,
            -0.46462210172444596,
            -0.6095674183739233,
            -0.731035180407509,
            -0.10779911657075823,
            -0.711724545071793,
            0.15713476482828778,
            -0.7203909854592123,
            -0.121835278085584,
            0.045341815515183556,
            0.8907905829254767,
            -0.4660454168611061,
            -0.19898960465449464,
            -0.7385221755433531,
            0.04029525401328705,
            -0.23014374485541306,
            -0.7014955007659051,
            -0.43608834197652846,
            0.369771995475889,
            -0.6078361248010092,
            -0.4419906583804411,
            -0.6865134419321507,
            0.16738549288974278,
            -0.5864832642853933,
            -0.1095491485049986,
            0.622248375971927,
            -0.4533248222674028,
            0.594238978267174,
            -0.17089628633856285,
            -0.6339792122204129,
            0.05634538327565563,
            -0.42684564848313017,
            -0.02800679942358633,
            -0.6208977738840981,
            -0.12237007919288297,
            -0.8606324480897071,
            -0.07715821210448909,
            -0.5446797886767926,
            -0.7102952237528849
        ],
        [
            -0.32914389431634133,
            -0.05853534798984702,
            0.08208743206209544,
            0.5887942911206967,
            0.5416195576919115,
            0.6273537176092331,
            0.8850347106335325,
            0.6514140611567806,
            0.6729219260545024,
            -0.8152448490262804,
            1.0831485527231384,
            0.5440030621733725,
            0.9213003030544966,
            0.6566306115593621,
            1.1217449983460763,
            0.517467558867796,
            -0.5143663753498047,
            0.685686159026869,
            0.6949573164724651,
            0.8564935624099688,
            -0.17070122538274543,
            -0.7253133006943326,
            0.2715935507680819,
            0.7839477456414092,
            -0.454268829961659,
            -0.27428966648041414,
            0.9035929142238041,
            0.4792971196575471,
            0.7635903707234688,
            0.7589269133708565,
            0.9301773621081407,
            -0.3663164632841335,
            -0.30824016223678913,
            0.34717472076450595,
            0.22375559013340093,
            0.7024100449382036,
            0.6616149446097813,
            0.3982794095736898,
            -0.03881978065648028,
            0.9766151523263463,
            0.5435175894783802,
            0.30805377998743344,
            0.9284335222297186,
            0.33415904210580655,
            -0.33273018346620786,
            0.6766625375351887,
            -0.14199294994614053,
            0.7347522429707631,
            -0.2503781916293888,
            0.03208830422324758,
            0.8870375543686567,
            0.8161925192670916,
            -0.7837325408355071,
            0.5990511558515217,
            -0.032584952424050156,
            -0.40885063468198873,
            0.0957241631624373,
            0.12493794456765772,
            0.09589525257570931,
            0.06120566933926576,
            -0.11266947787954033,
            0.9249276449349959,
            0.6657585125968343,
            0.803076185552439,
            0.8276858512897536,
            0.01255872325553736,
            0.9041464094081124,
            -0.18415666848135437,
            0.88982097723966,
            0.07652065738549099,
            0.1685329771807945,
            -0.7308680452182011,
            0.6761270692265101,
            0.2765406340801245,
            0.8860976412848377,
            -0.223177766775789,
            0.41699301097139174,
            0.529216659967751,
            0.4900569166655087,
            -0.5904029245487261,
            0.7347969492581737,
            0.5717894714713619,
            0.7668461631306749,
            -0.22882997919388262,
            0.723234891563747,
            0.2125752411690004,
            -0.6041876128672614,
            0.713505061760931,
            -0.5468474887892182,
            0.16428233935707987,
            0.9467875815375081,
            0.016061097011793608,
            0.160977651977952,
            -0.3866227181949867,
            0.8590799461809754,
            0.21870862785787856,
            1.018642531999929,
            -0.07383839798669259,
            0.3359149401133046,
            0.9228749249251427
        ],
        [
            0.19825131402725985,
            -0.012604054322982875,
            0.11735190281900128,
            -0.0580149313377292,
            0.08768622458811089,
            0.4745908175541804,
            0.31737030123080984,
            0.32123135734986624,
            0.49546106967483766,
            -0.4928977194774118,
            0.5440030621733725,
            0.8271605434905379,
            0.4600481767901014,
            0.4780143977579561,
            0.509473563933613,
            0.3613417411213252,
            -0.07717631287353624,
            0.45580951103250006,
            0.4031543891194874,
            0.6611606411489208,
            -0.2758684781702055,
            -0.39788723589445324,
            0.1130585891915291,
            0.6875490793336294,
            -0.08336595942582128,
            0.0002506466942836648,
            0.37726883759817087,
            0.4247217387785682,
            0.4773520745292694,
            0.4049735875452823,
            0.4918423728427897,
            -0.007048941836876278,
            -0.30613779345250036,
            0.3139411275325297,
            0.20072956793456953,
            0.34096797969999665,
            0.4912512859985442,
            0.2736156116311039,
            -0.09100143308820928,
            0.5857726708081543,
            0.3369554430052563,
            0.3862185749079561,
            0.47217062902156404,
            0.19386299658532055,
            0.12907748066759983,
            0.3595690800773906,
            0.06418355834416523,
            0.4653362314403786,
            0.04110356859807565,
            0.2189890905193134,
            0.30281529409739544,
            0.3018928103215821,
            -0.2815161413486341,
            0.3137153829390822,
            0.20035343566412814,
            -0.0846259491964936,
            0.2604553904061649,
            0.33985103669155836,
            -0.09344609906507338,
            0.029257539333987618,
            -0.4915906566937245,
            0.5094238001736551,
            0.4063394793882617,
            0.38677777396898544,
            0.5353953689479287,
            0.1379624261866604,
            0.49214657397045325,
            -0.14069705187076836,
            0.3684834728546131,
            -0.06746132186987586,
            0.12251996650511718,
            -0.13791614495575674,
            0.34800546544671,
            0.3389376658833547,
            0.5264726482460939,
            -0.1072154777446693,
            0.3963305018229059,
            0.41651354653226735,
            0.5725741127876809,
            -0.3325367363809939,
            0.30306631946519047,
            0.2797723431589694,
            0.3697722289158075,
            0.009700239574528136,
            0.6007452718397375,
            0.19405134305135516,
            -0.47943018373637786,
            0.21911976416949716,
            -0.37968016734282045,
            0.05361245955390966,
            0.5290517776682034,
            -0.13524705273857465,
            -0.010378355860065342,
            -0.19393476608143437,
            0.4404882453986901,
            0.4392652166998807,
            0.38068659097476,
            0.2390087960233039,
            0.230302040105461,
            0.5554065613507646
        ],
        [
            -0.3695422170062842,
            0.0919515535783357,
            -0.010793856305167849,
            0.5339101847134616,
            0.6080542319511116,
            0.6948892834378154,
            0.9154336459667558,
            0.6809473301806689,
            0.7770646957805941,
            -0.6571333274708084,
            0.9213003030544966,
            0.4600481767901014,
            0.9588280783266036,
