{
    "fast": [
        [
            0.5670074011589676,
            -0.04289647051187017,
            -0.052746967822555474,
            0.20686225676821846,
            0.276454368347243,
            -0.43334528216348267,
            0.43257937212896896,
            0.29165716278571024,
            -0.29370169526351375,
            0.08829028366203609,
            -0.24294204552348356,
            0.012491668273419644,
            0.22726624853862476,
            0.3584203646173628,
            0.2574718871364079,
            0.21479473961425216,
            0.3828836079849099,
            -0.2266320634736308,
            -0.5219973070150589,
            -0.20262858097089106,
            0.30608862595023956,
            0.37725712186151783,
            -0.34328287330817003,
            0.3791717807358957,
            -0.5450229109027974,
            0.274244889143888,
            -0.015376520981886093,
            -0.33120191773939744,
            0.12338367009424284,
            -0.17778055824815106,
            0.3114269101892553,
            -0.07107705601222507,
            -0.16924254840752181,
            0.0961829831239662,
            0.5195472240062491,
            -0.09031416821284552,
            0.13402827697190256,
            -0.4049092065078344,
            0.31017274967438224,
            0.1319912328939348,
            -0.13586483248230055,
            0.20479848606197837,
            -0.03115822178608836,
            -0.3900529672888765,
            0.39034180332370444,
            0.3423801233528594,
            -0.2726199824927019,
            0.45164093912413933,
            0.302378888676525,
            -0.14010428904967634,
            0.47903924858252267,
            0.18997706391560504,
            0.18260321441248262,
            0.15709060909988953,
            0.2273155497681579,
            0.1974319515456027,
            0.10911832221625321,
            -0.12594338964741747,
            0.23275911610819086,
            -0.1881597552402693,
            -0.3922728038298201,
            0.20188153853435786,
            0.020761596126517467,
            -0.028194977281287736,
            0.369495179848787,
            -0.18884911415896669,
            0.19178227615539753,
            0.23159018602589695,
            -0.015432533802333602,
            0.48083476681516196,
            -0.13469047343242535,
            0.2556018491476755,
            0.48439345095204744,
            -0.1710692305563191,
            0.4155831782421759,
            0.05860453535949727,
            0.4355982110080965,
            0.42771439365017416,
            0.18218427915130492,
            0.5187920141767512,
            0.43345970794304595,
            0.44169266806780516,
            -0.06177633285568749,
            -0.30861758144630236,
            0.21024835913618142,
            0.2850287598983393,
            0.348190104733156,
            0.3164542475197697,
            -0.22925028585927945,
            0.07907722516713475,
            0.18125651936491222,
            0.06726780342237977,
            -0.008461794860837552,
            -0.24924862289923486,
            0.17278591498914206,
            -0.03307537477147513,
            0.1655018251191402,
            0.20782813693540106,
            -0.19739760917287186,
            0.31903928498813827
        ],
        [
            -0.04289647051187017,
            1.429955182283622,
            0.46806512683442997,
            -0.05341920723608076,
            0.39239734728948106,
            0.35323843750939343,
            0.000960678969849471,
            -0.8178135160894952,
            0.39726486165353453,
            0.7526547236135944,
            0.04713285369269085,
            -0.8481316754295051,
            -0.4416422889312346,
            -0.36547433662336515,
            0.24154727209992702,
            -0.7181336986787965,
            0.4774088519656038,
            -0.41697144313638684,
            0.3846530577736898,
            0.9517746898498454,
            -0.5659584400599478,
            -0.6945139637460964,
            -0.01818940627136843,
            -0.6061200654593203,
            -0.2267896890330996,
            -0.630036248350234,
            0.7678539314562032,
            -0.0070930852903005204,
            -0.12536122417253873,
            0.2155479572066058,
            -0.41403684557756576,
            1.0769795274622045,
            0.42696182403951566,
            0.4295338495710583,
            -0.15927756955622557,
            0.45011373001053673,
            0.349679454991023,
            0.4892850853373245,
            -0.1804252172829977,
            -0.16776769699286995,
            0.5205416537728451,
            -0.20683926925111587,
            0.020555646256762223,
            0.7647977103303583,
            -0.09894586465233056,
            0.30167144273955593,
            0.3351073169281491,
            -0.053672880798763,
            -0.6150702637433147,
            0.668069295120387,
            0.11429473093074302,
            -0.5386195134200116,
            0.3062014665023942,
            0.037128996489559335,
            -0.12529304779403172,
            -0.6721362396863922,
            -0.04718426533306885,
            -0.10493147083569204,
            -0.22183831446747038,
            -0.5224663637652279,
            0.23952068069128657,
            -0.7188459923524353,
            -0.22881029074696754,
            -0.5511930185212514,
            -0.15018819000449973,
            -0.3704685876831129,
            -0.2026554812321382,
            0.25072525979387605,
            1.0910389146643578,
            -0.05377667969966127,
            0.26154208810636326,
            -0.4370137914761137,
            -0.20600215019924048,
            -0.07507255993190068,
            -0.3168809584029032,
            -0.3503035791459701,
            -0.2558549075041553,
            -0.01258361026574054,
            -0.5361273703475068,
            -0.37275373925824185,
            -0.9137217377520938,
            0.19033837495471634,
            -0.3434842193840086,
            -0.009975504099049745,
            -0.7968443704630012,
            0.18351149413272788,
            -0.3695959915738901,
            0.2403456839029919,
            0.44704072967672714,
            -0.36044673217297585,
            -0.026555371375412213,
            -0.3436232362187593,
            -0.5918339709097608,
            0.11307464618598105,
            -0.3603356030385584,
            -0.7253690734090859,
            0.06120351440587562,
            -0.4444238307144049,
            -0.33994195866872323,
            -0.29879679828302563
        ],
        [
            -0.052746967822555474,
            0.46806512683442997,
            1.4087397483210424,
            0.8368748996393826,
            0.20475855240256402,
            0.2965655352961093,
            -0.18341874903168953,
            -0.6471203569435445,
            0.25732125077001455,
            1.2077586315431996,
            -0.30109021161458865,
            -0.6609149647031686,
            -0.5886138743491223,
            -0.3228915184486974,
            0.27072614050345606,
            -0.7557990553552848,
            0.4621354523859685,
            -0.1631494510489219,
            0.48683276266517383,
            -0.05254068019997776,
            -0.8003578266856918,
            -0.42720279487960716,
            -0.09731989980618676,
            -0.45123871412424155,
            -0.031823869263029506,
            -0.6043613400993347,
            0.3535934699579822,
            -0.08400200776616895,
            0.19305381462202603,
            -0.1320615305672376,
            -0.8319289804796691,
            0.3633953626951632,
            0.2372866708165114,
            0.07021491935209473,
            -0.176001000484131,
            0.20134874566977773,
            0.5782450998641739,
            0.35869107966485825,
            -0.20801639057920238,
            -0.24927210953914244,
            0.5886755863598097,
            0.24165083994095168,
            0.15833271346165112,
            0.9104758753318518,
            -0.05349605397920477,
            1.0293074070625674,
            -0.1855392486646262,
            0.23833956814813204,
            -0.34839935711854697,
            -0.3751407090314358,
            0.7462018291046548,
            -0.5011050867311913,
            0.17773045605259824,
            0.33681739571924607,
            0.32419357422191436,
            -0.6453208992581329,
            -0.5091003211509568,
            0.16864375253319955,
            -0.601307801727969,
            -0.35047102192581625,
            0.6300835837406087,
            -0.5017108997730656,
            0.05274659686595214,
            -0.6181210646230949,
            -0.557506974214657,
            -0.016229522974630064,
            -0.30665690547969876,
            0.4994510722949327,
            0.5700706805520909,
            -0.039738252593750925,
            0.520975025808509,
            -0.2666147627619407,
            0.18786539775013505,
            -0.3649062465967313,
            -0.5241151151572927,
            0.2919341806253469,
            -0.14101686883417533,
            0.17122011540077037,
            -0.6800106036003466,
            0.04798792775707156,
            -0.3090394608240272,
            0.47987289383083087,
            -0.13011652338099766,
            0.5392219721636043,
            -0.46608525194550043,
            0.0929632965880433,
            -0.3329049292453374,
            0.11615910887774017,
            -0.058182791817407174,
            -0.18435233889323727,
            -0.42341720847008113,
            0.30326106315762114,
            -0.1544796297508689,
            0.20711693910588733,
            -0.042166920918184046,
            -0.28853521824244033,
            -0.27760550971890036,
            -0.21367867093770498,
            -0.5343164180706127,
            -0.4328999490542071
        ],
        [
            0.20686225676821846,
            -0.05341920723608076,
            0.8368748996393826,
            1.3120484858780885,
            0.16971185067544198,
            -0.3314167763447779,
            -0.0802415246387067,
            0.06769579828811409,
            0.05396385781360331,
            0.9242658406787988,
            -0.18639297587806236,
            -0.2017845712286835,
            -0.03806365753781462,
            0.2888135362547067,
            0.6067724529350189,
            -0.25024890410438505,
            0.305865079955792,
            -0.2596290815558705,
            0.08303565714520798,
            -0.5651662043550655,
            -0.11916765398632297,
            0.17021443374609624,
            -0.21163565146243374,
            0.15720672357494442,
            -0.09994251865158092,
            0.025474574568484124,
            0.07413255807570193,
            -0.40514428354587484,
            0.1344940904628597,
            -0.700070307557575,
            -0.36869424256416833,
            -0.05130256650721877,
            -0.34043787420536764,
            -0.05891183392618292,
            0.08803992084849396,
            -0.028961932090849504,
            0.6531551742297993,
            0.023388740211045485,
            -0.015398846379088211,
            -0.5745267214771488,
            0.4193342884028844,
            0.2852347052100116,
            0.37917032649577465,
            0.25229247867519206,
            -0.19673886715506775,
            1.045197267746695,
            -0.8342680313309134,
            0.4194288922581233,
            0.08989629196049642,
            -0.5793295364425801,
            0.9168134484656728,
            -0.23262619106347848,
            -0.21420180053127238,
            0.3628764919142198,
            0.6917712509432455,
            -0.009327426554676561,
            -0.022101081185877097,
            0.431754151364405,
            0.06976328677816948,
            0.01695213323786899,
            0.004368022626603829,
            0.00315983889166495,
            0.2288114341519769,
            -0.15663655142514635,
            0.05117810738875852,
            -0.4980204708192606,
            -0.10306067442710946,
            0.5853744132397753,
            0.40263593376195456,
            0.026034616351670547,
            0.4186888806595539,
            0.367422100203534,
            0.30177258351868214,
            -0.0756174062134028,
            -0.0626104716527284,
            -0.06846337794819621,
            0.2887825576123528,
            0.6654719060386789,
            0.026766375405492,
            0.5082953116119626,
            -0.03536818430132038,
            0.4339945417060308,
            0.057869128803234894,
            0.0730540413635188,
            0.04720423957383474,
            0.2895187780777804,
            0.17236070463151593,
            0.42086495186690354,
            -0.2418397393337331,
            -0.12141403790994842,
            -0.29971839629781616,
            0.17520691986213113,
            -0.021207042997126894,
            -0.2914014187809504,
            0.3977581667660791,
            -0.24288294091835674,
            -0.110197598868131,
            0.12207824630042213,
            -0.4867129846028528,
            0.035431821073991565
        ],
        [
            0.276454368347243,
            0.39239734728948106,
            0.20475855240256402,
            0.16971185067544198,
            0.5846389857147958,
            -0.16121098819567053,
            0.5473694492237174,
            -0.24722141351219035,
            0.06545884394200821,
            0.31180823711823324,
            -0.18708918380598433,
            -0.387320159483653,
            0.07401418252110845,
            0.05789838294895483,
            0.23862010472875467,
            -0.1100885865046796,
            0.5799597228336022,
            -0.13064544364105818,
            -0.22973969879219153,
            0.000859946794761296,
            -0.06616061900679429,
            -0.050395542025858664,
            -0.18774480964527607,
            -0.22793784498161065,
            -0.5787985350725946,
            -0.20586273750850573,
            0.08100891559724654,
            -0.35907461830919507,
            0.10623270081096604,
            -0.2874441893110269,
            -0.16038432996065893,
            0.1536981165295593,
            -0.00037277731500449615,
            0.07629577823598661,
            0.3845409306807661,
            -0.03278873388580351,
            0.15029101049227456,
            -0.21061520692321783,
            0.22418323160418388,
            -0.33126106737736366,
            0.1724285262013868,
            -0.412860056313956,
            -0.12934286959119976,
            0.07124192821406565,
            0.4186904347234251,
            0.23906298766588382,
            -0.3612511464120383,
            0.2660290358198513,
            -0.10119265099584784,
            -0.04001778818511938,
            0.40202077951369286,
            0.03925005507130902,
            0.5287247075057693,
            0.11866339179849704,
            0.10246350070878611,
            -0.23336136020872864,
            0.013164673908166589,
            -0.2607486087283391,
            0.09150578488543278,
            -0.3421322897758412,
            -0.13693162782858675,
            -0.3844680807585593,
            -0.11515362519947607,
            -0.14034184836383323,
            0.00015747324703809643,
            -0.15013749128369627,
            0.05354042325820987,
            0.1800160540688411,
            0.1691811622813169,
            0.3770004729892023,
            0.08629978847956228,
            -0.24857085034242188,
            0.23961870601905402,
            -0.27735459842608456,
            0.027734015784003595,
            0.26985554960583735,
            0.18504871715930457,
            0.3245938679981497,
            0.01820029494196023,
            0.06550130096442244,
            -0.3519809559353221,
            0.5193253748839917,
            0.11673031942137568,
            -0.11021202954888537,
            -0.1369326336738003,
            0.034816888798689064,
            0.1914363173643453,
            0.09088648123820885,
            0.03145951938952374,
            0.09676774535311443,
            0.16182289524931348,
            0.1487701151999058,
            -0.28706071228181557,
            -0.14810568766499504,
            -0.2951191958267503,
            -0.11526079549582546,
            0.29155824555644355,
            -0.09045972011765585,
            -0.14909002158472467,
            0.025402205264976517
        ],
        [
            -0.43334528216348267,
            0.35323843750939343,
            0.2965655352961093,
            -0.3314167763447779,
            -0.16121098819567053,
            1.6140333368031525,
            -0.6129715371467644,
            -0.8646944239464135,
            -0.3001675844168772,
            0.12013107772762545,
            0.22881495017063458,
            -0.44043987915397226,
            -0.8687315239994271,
            -0.8955050779937404,
            -0.22868901353798154,
            -0.4473840872034414,
            -0.25652505652176005,
            0.19962069956723688,
            0.8971450383307893,
            0.33561290745647976,
            -0.8953872063583658,
            -0.8044738690248775,
            0.04906363979144003,
            -0.7836676691439568,
            0.6564027216783498,
            -0.7694301522943526,
            0.1800377561057558,
            0.7483700993535993,
            0.10176464651936394,
            0.033552776432262996,
            -0.5572485013784738,
            0.7367942939943444,
            0.4478389270772189,
            0.05751006607070789,
            -0.7942048163534393,
            -0.06961502910856293,
            -0.1312042006486553,
            0.9574618110881968,
            -0.6635565045738091,
            -0.07908049900136589,
            0.5906907898324377,
            -0.24726393810042563,
            0.01793916398252892,
            0.7653935607495127,
            0.012497005846824467,
            -0.24043815617519224,
            0.631294865593875,
            -0.5638177331030689,
            -0.7763726182060829,
            0.5061934893043183,
            -0.6959630260197271,
            -0.6448621465315786,
            -0.03176769371228223,
            -0.5475469498712918,
            -0.5797580846976601,
            -0.781019427237317,
            -0.5094058597184267,
            0.07575763615683685,
            -0.8571349218291562,
            -0.3417239645576552,
            0.7387965465818899,
            -0.7470524274897687,
            -0.09705551860492317,
            -0.5087513893352867,
            -0.6222561404088001,
            0.49893624027866834,
            -0.18323458965430373,
            -0.24386661425803122,
            0.21933639807516125,
            -0.47213350873284926,
            0.30872654340096106,
            -0.6657880048737115,
            -0.4524013260227069,
            -0.17496842893455872,
            -0.9258448915632597,
            0.1696748651009504,
            -0.9104477147205022,
            -0.9157747352389833,
            -0.8745493637968478,
            -0.9009539224950515,
            -0.2546839122424548,
            -0.554170656888802,
            -0.10558635962689761,
            0.6381392831919963,
            -0.4778617811900488,
            -0.13376494736013234,
            -0.8467268452248357,
            -0.6871119005328157,
            0.1361032497940354,
            -0.44931648949465663,
            -0.18406510484949093,
            0.06800189516769908,
            -0.20489630560133706,
            0.422437844938801,
            -0.5033390341287035,
            -0.08931107663885435,
            -0.541920125713352,
            -0.20331032056040593,
            -0.1556495555948846,
            -0.5626154510123127
        ],
        [
            0.43257937212896896,
            0.000960678969849471,
            -0.18341874903168953,
            -0.0802415246387067,
            0.5473694492237174,
            -0.6129715371467644,
            1.4407385732802376,
            -0.04102931696241637,
            0.2850299736136414,
            -0.16777297604915806,
            -0.47609559024536463,
            -0.1659023914445032,
            0.2972114007493689,
            0.19843274178216128,
            -0.1721311170666362,
            -0.024684165071884815,
            0.9058818926547545,
            -0.2688025548756533,
            -0.6432700451283341,
            -0.16391003766488807,
            0.18230744982003189,
            0.19405275656689283,
            -0.23558744339330354,
            -0.07957485329414701,
            -0.5339420473969924,
            0.09470427769621141,
            -0.15201476290277166,
            -0.5415413753747026,
            0.2116680558028898,
            0.011913177618489295,
            0.440408535270553,
            -0.5887726872395604,
            -0.0022789703605366842,
            -0.009078747253380301,
            0.8334907920321865,
            0.16973839059525228,
            -0.09177034321896263,
            -0.7152227604998915,
            0.4067747468872035,
            0.012173371982622668,
            -0.19709370852875407,
            -0.5059114613975235,
            -0.5281261723066479,
            -0.5569777901889674,
            1.0729893082831583,
            -0.010027650735154554,
            -0.45484337120911705,
            0.46149902332465276,
            0.13294446911865435,
            -0.12417929226344794,
            0.6231701567893618,
            0.381888125624088,
            0.736865812995792,
            0.2732919940537208,
            0.020065324880736382,
            -0.03828589782374504,
            0.17502403793157337,
            -0.5708122290090915,
            0.1004925919541367,
            -0.5321256931963768,
            -0.8114752554102977,
            -0.056499133377912625,
            -0.03197481063269732,
            0.05696948772181785,
            0.10794512665799878,
            -0.1521123887945126,
            0.1841674455713976,
            0.3212412131611026,
            -0.36634813314971326,
            0.83745071887525,
            -0.4599141412353789,
            -0.28274386964880466,
            0.47035704112187243,
            -0.6084905213943822,
            0.3138529311505488,
            0.20242815432754735,
            0.3854682687878018,
            0.40339342803073047,
            0.30575813904400534,
            0.38782224651847425,
            -0.07845667384629393,
            0.6817296249863753,
            0.16078221381025593,
            -0.23470693130847553,
            0.23017535688909574,
            -0.022448339478684753,
            0.22662175345042668,
            0.2292661954450183,
            0.1346432135464827,
            0.09513073862115762,
            0.34929850030978554,
            0.08468670888537895,
            -0.07597322202295154,
            -0.007058921188629246,
            -0.3219073167890285,
            -0.03340408185672653,
            0.5800106844401701,
            0.06444809390485391,
            -0.029200759363432693,
            0.20469545981757248
        ],
        [
            0.29165716278571024,
            -0.8178135160894952,
            -0.6471203569435445,
            0.06769579828811409,
            -0.24722141351219035,
            -0.8646944239464135,
            -0.04102931696241637,
            1.3224116359260436,
            -0.387703404624275,
            -0.5534243526896162,
            0.1911821470260846,
            0.8656546647779072,
            0.7488302612593889,
            0.8291254629097894,
            0.10110524378368368,
            0.7051984054941474,
            -0.41581500096811463,
            -0.17319726684811823,
            -0.8664209015786262,
            -0.5230153724325216,
            1.0098335537223277,
            0.8837556134608142,
            -0.08978804411901069,
            0.8688297406750158,
            -0.0643547022119491,
            1.0435661901842004,
            -0.4775336796631986,
            -0.28086055692411505,
            -0.04418652702476904,
            -0.1936460509872921,
            0.5468144740088956,
            -0.6292708804006933,
            -0.6175770632945579,
            -0.2742620242152192,
            0.4792596060779058,
            -0.42979812488663965,
            -0.045847169068950235,
            -0.8246004282295548,
            0.34250548490223737,
            0.44564482845891296,
            -0.7053197213021062,
            0.1678627971127333,
            0.002334477850630331,
            -0.8424983520971926,
            0.03409697744266158,
            -0.05999732290462201,
            -0.4230659243662189,
            0.1518334817885597,
            0.7298445944156651,
            -0.6137374712723489,
            0.22966136066502874,
            0.6722379061010227,
            -0.4892869294880812,
            0.16803606251886233,
            0.4193192743349157,
            1.0926174731501135,
            0.24597516706599323,
            -0.06974247894443114,
            0.6845230156993193,
            0.6676961494797523,
            -0.5901511927333014,
            1.184912663896365,
            -0.04769046781628481,
            0.5636393089577804,
            0.8249360062173041,
            -0.11850516770219552,
            0.40250831608348836,
            -0.027333945296984432,
            -0.42543192388183737,
            0.4683439271577343,
            -0.26630781223739036,
            1.0371783986417227,
            0.19434826788165963,
            0.6368572063260473,
            0.6221353444451195,
            -0.29028138190431313,
            0.7331036592308843,
            0.49595290493865624,
            0.7330245927704659,
            0.851236831044886,
            0.5126337649053756,
            -0.019209911712851174,
            0.02183616370974338,
            -0.7254466740932348,
            0.5424455707358045,
            0.2525793613639503,
            0.6711375913485956,
            0.20647972513537627,
            -0.34106485924453545,
            0.43427965576754723,
            0.21556414678422586,
            -0.11693000822273748,
            0.27817206876236067,
            -0.36098287100049653,
            0.5608145357021451,
            0.09669799560460335,
            0.05181674918558684,
            0.28674243864334387,
            0.23679038347558118,
            0.6329730755503565
        ],
        [
            -0.29370169526351375,
            0.39726486165353453,
            0.25732125077001455,
            0.05396385781360331,
            0.06545884394200821,
            -0.3001675844168772,
            0.2850299736136414,
            -0.387703404624275,
            1.571121617363369,
            0.2342785760118859,
            0.19296707790628148,
            -0.2552851662575085,
            0.047952495294253175,
            -0.11107535183303124,
            -0.039712794721293666,
            -0.6149182388402634,
            0.2123114359120661,
            0.28149897477214564,
            0.6406225070206656,
            0.4119959192701638,
            -0.24763932451608509,
            -0.3337740058086272,
            0.45200461845818457,
            -0.33503838997554813,
            0.42777616208985547,
            -0.13738196196521912,
            0.4352998962956078,
            -0.09544016659903998,
            0.07032443182370952,
            0.3794905948209477,
            -0.21094462778069553,
            -0.08820839600445493,
            0.20520627033683894,
            0.09344617883633505,
            -0.26690007552307343,
            0.981913531280794,
            0.1373908754161718,
            0.2887445519717595,
            -0.3011629208052283,
            -0.25894206971243416,
            0.3692529772916856,
            -0.08315508638389563,
            0.2996352136971411,
            0.5698893371042876,
            0.3967569250320439,
            -0.09057219276233104,
            0.20035914416498407,
            0.0026865993943412663,
            -0.11088715700140224,
            -0.1575371218618003,
            0.13258978933215448,
            -0.24731019109316507,
            0.001820979026971587,
            0.2909196904633414,
            0.12115354408094621,
            -0.19925804536280625,
            -0.10799391507615258,
            0.08013986116609587,
            0.22173351541085287,
            0.10663695545409242,
            0.011581244918991332,
            -0.1903246672841207,
            0.11646526610987397,
            0.43306492179889605,
            -0.27932984576410413,
            -0.2286516680888918,
            -0.06533804617133297,
            -0.08357582128939975,
            0.27718175138700085,
            -0.31342514372285313,
            0.106068623492229,
            -0.4423233191937334,
            -0.22761543835814865,
            -0.02356330333044969,
            -0.3159332128809917,
            -0.04171754520785905,
            -0.32107897811631114,
            -0.04706342439496044,
            -0.10342723944307518,
            -0.26665151270491594,
            -0.7136123824351316,
            -0.15395466792089932,
            -0.07528258723746348,
            0.34810430608416415,
            -0.20828732546470974,
            -0.05706675816275542,
            -0.25441955480111694,
            0.28494572057143913,
            0.3140641168641779,
            -0.2543048694157031,
            -0.20180621782935024,
            -0.39006173387199866,
            -0.1650115247774803,
            0.046936771857281255,
            -0.0842754818778005,
            -0.54531196852287,
            0.30046906445799587,
            -0.08104788242180316,
            0.02639352611753408,
            -0.09900520037966665
        ],
        [
            0.08829028366203609,
            0.7526547236135944,
            1.2077586315431996,
            0.9242658406787988,
            0.31180823711823324,
            0.12013107772762545,
            -0.16777297604915806,
            -0.5534243526896162,
            0.2342785760118859,
            1.3092895831894271,
            -0.1474402809402321,
            -0.6806905958237532,
            -0.4239355371385138,
            -0.09795699741949111,
            0.5766876241010748,
            -0.8210955392744309,
            0.5723586354805896,
            -0.36798341834266646,
            0.3374342674996173,
            -0.0017420046955025472,
            -0.5855987046200086,
            -0.32234624099519,
            -0.13013001171159855,
            -0.32742333538767343,
            -0.12510837863189658,
            -0.482077719380489,
            0.48486432591312606,
            -0.2932634183049221,
            0.014732781474934585,
            -0.3532072152368538,
            -0.6646227837401767,
            0.5109403118832261,
            0.10048692565535626,
            0.160352191365586,
            -0.014557992250827297,
            0.26072597976974266,
            0.7468684987905749,
            0.32701998685911693,
            -0.11345943179582223,
            -0.35373322420341347,
            0.6308906584172276,
            0.22628753274226196,
            0.25370346663430254,
            0.7966577049136739,
            -0.25446826353551844,
            1.1377927729996957,
            -0.2896802518157153,
            0.27329456891614223,
            -0.38451133394423465,
            -0.20343636239871685,
            0.8240492447224029,
            -0.5134338583930227,
            0.195497454110277,
            0.31677749840070313,
            0.42503043709882093,
            -0.537783193712226,
            -0.24589250168482593,
            0.3141468147637777,
            -0.3353264629042927,
            -0.36978627088758875,
            0.3222994056114787,
            -0.4705007002792057,
            0.05297105905799863,
            -0.5478980434027833,
            -0.23916570246108357,
            -0.3611835348621646,
            -0.2057125336321431,
            0.6656213219834308,
            0.8187729762017083,
            0.052630793953136884,
            0.5703437785604454,
            -0.04055311313865591,
            0.18701329153440768,
            -0.2161487881492351,
            -0.31403658523688954,
            -0.08307010864699102,
            0.06387537248564534,
            0.45184811673059383,
            -0.5154991144977187,
            0.18002023991062607,
            -0.47876640381109903,
            0.5691631150100098,
            -0.17764740667759868,
            0.20535675633231926,
            -0.4921673370606897,
            0.2910905232144792,
            -0.1808074322968546,
            0.3747904414488645,
            0.011993077030934681,
            -0.2808740372343276,
            -0.2730290050043148,
            0.19856645812923293,
            -0.2676949610626986,
            -0.06517643337955233,
            0.1439918148361802,
            -0.5545319359961052,
            -0.10706202329299129,
            -0.18959816047990466,
            -0.5249629099585804,
            -0.2567234233264777
        ],
        [
            -0.24294204552348356,
            0.04713285369269085,
            -0.30109021161458865,
            -0.18639297587806236,
            -0.18708918380598433,
            0.22881495017063458,
            -0.47609559024536463,
            0.1911821470260846,
            0.19296707790628148,
            -0.1474402809402321,
            0.7598067104752533,
            0.18369203296451345,
            0.2549284446052054,
            0.2500993736273951,
            0.24875526099455506,
            -0.06594094531360575,
            -0.38765203496369555,
            -0.12031107657516651,
            0.18009320754354663,
            -0.03155962485751977,
            0.09605776470367328,
            0.06986950612901445,
            0.4627420451086293,
            -0.03110909724617632,
            0.33342880321859375,
            0.23211580755540653,
            0.03858978652338849,
            -0.0055900672877328686,
            -0.16970254841200244,
            -0.2131351830037156,
            -0.17596454307963322,
            0.07030511411511706,
            -0.22635836694261913,
            -0.13569320240916333,
            -0.19202777744225782,
            0.14843145364446825,
            0.08450636036836405,
            0.11289460084139137,
            -0.17654342682400304,
            0.09299812221926798,
            0.07641246481645726,
            -0.18826366457794907,
            0.34582527556400267,
            0.25161523091705124,
            -0.3842366769002812,
            -0.211554145926089,
            0.2869713395855175,
            -0.38548228925483485,
            -0.13553123265492023,
            -0.1530185126557581,
            -0.31439722364097167,
            0.05267605986790754,
            -0.27878524206780236,
            -0.06966682512696731,
            0.025123734721321813,
            0.21920109663447107,
            0.05855275942614026,
            0.12673913341312423,
            0.4315691631795638,
            0.47643829586614556,
            0.022861190227094944,
            0.3103906697141847,
            -0.1399047925933253,
            0.5100170917799561,
            0.04503404914892419,
            0.10207218864045013,
            0.29518661422973813,
            -0.16507259494780246,
            0.1557386197281366,
            -0.2053398545611781,
            0.29713290393745406,
            0.020599050560085565,
            -0.33751807292088154,
            0.6746164810904083,
            -0.14632037228800734,
            -0.40560373518385084,
            -0.0311960988079733,
            0.073884026564605,
            0.1989187752366352,
            -0.12045664239884347,
            -0.3554312563445647,
            -0.39710704369536104,
            0.04527757829919352,
            -0.18261776410176797,
            0.015419353940237324,
            0.004975672648095539,
            0.10730075418514903,
            -0.0951779276075469,
            -0.02531120058886746,
            0.011542945036869453,
            0.18054452590260725,
            -0.09376126803949733,
            -0.2068266276898971,
            -0.21192745257719314,
            0.15609420958761494,
            -0.34898883755322374,
            0.08081337272815815,
            -0.2856263579219592,
            0.3668595471509663,
            0.1858284927134816
        ],
        [
            0.012491668273419644,
            -0.8481316754295051,
            -0.6609149647031686,
            -0.2017845712286835,
            -0.387320159483653,
            -0.44043987915397226,
            -0.1659023914445032,
            0.8656546647779072,
            -0.2552851662575085,
            -0.6806905958237532,
            0.18369203296451345,
            0.9073625529097594,
            0.5149447943917967,
            0.45345522664377547,
            -0.1233618852045771,
            0.47003962861570087,
            -0.3952392222200561,
            0.24280253342125618,
            -0.5190943779507718,
            -0.3808365528674995,
            0.776423115574119,
            0.6539075136984257,
            0.17818876991591598,
            0.7123269514610848,
            0.24845602928801866,
            0.7425756938162725,
            -0.45138300860224845,
            -0.021755369410353467,
            -0.19554125436175307,
            -0.028746059189656687,
            0.5571238497286445,
            -0.604303402331464,
            -0.31201233680010815,
            -0.22255645404909696,
            0.17585091379290974,
            -0.14789509288002764,
            -0.23400878437441783,
            -0.47442895405174723,
            0.1718762899797327,
            0.19102567260569447,
            -0.6275523818121723,
            0.2147761198781922,
            0.07018699776276699,
            -0.7001155434217097,
            -0.0392855108663225,
            -0.30966025849276163,
            -0.10685083889121197,
            -0.02591719669737487,
            0.5652756284785191,
            -0.23567306442223698,
            -0.13064040774660948,
            0.48558426430683566,
            -0.3818025118791262,
            -0.006887079566142769,
            0.05176751164183865,
            0.8118250964228079,
            0.25954721072499387,
            0.07342739313567286,
            0.4247770279388247,
            0.6140582976527909,
            -0.3433024827788627,
            0.7902495689888752,
            0.11794786214534288,
            0.6222367968244109,
            0.4857768271795151,
            0.11809693025283756,
            0.1712797839434902,
            -0.21895709908465455,
            -0.5167623673496572,
            0.11101919164501217,
            -0.242985401636712,
            0.7341522685792606,
            0.037459887660208045,
            0.3941672923699962,
            0.5242540825208849,
            -0.11964912360800765,
            0.3206720371699425,
            0.13415493463800626,
            0.5347571872634072,
            0.40217499005047974,
            0.35080676049595694,
            -0.28097582698660645,
            0.11654080346908206,
            -0.4075362279170645,
            0.5701889975597627,
            0.013392518406719909,
            0.37030430161226563,
            0.1302918077143567,
            -0.2196859169581527,
            0.23050448556820402,
            0.16100455994611568,
            0.08909693080842218,
            0.3290512948871151,
            -0.1785906921427769,
            0.4489521596997897,
            0.29688634039760553,
            0.06622736128872962,
            0.4604662114820756,
            0.4170606685849679,
            0.37714180582749735
        ],
        [
            0.22726624853862476,
