{
    "fast": [
        [
            1.268930516148526,
            0.9659814902847678,
            -0.6045499567198663,
            0.5477206280242808,
            -0.5361026067835826,
            0.8852486195501416,
            0.4610060025931423,
            0.5766120931761283,
            0.051468207454114706,
            0.8626363911555516,
            0.14497544290024003,
            0.8500758677022551,
            1.0261097831375374,
            -0.26642450448881705,
            -0.4600574864116206,
            0.7266138046968256,
            -0.5208175229100598,
            0.9593492403555732,
            0.3428017864143755,
            0.3405082108405443,
            0.22314695685146343,
            0.10169063573544126,
            -0.15606871401230782,
            0.8738176012826455,
            -0.13125799704361638,
            0.24390535660239224,
            0.09567606742670896,
            -0.08935177546969086,
            -0.03603737489248652,
            1.0029598270684261,
            0.1637443383380365,
            0.029497894029291045,
            0.010193014858818093,
            0.7555384568004168,
            1.012425807290816,
            0.900050096090138,
            -0.4209322149817517,
            -0.4404172857765881,
            -0.1534590614584082,
            0.06769737185605625,
            -0.4360676549145498,
            -0.43975348654282215,
            -0.7289839487304373,
            -1.0941561961770123,
            0.763305038423099,
            0.11466823045666853,
            0.1838288664123009,
            0.9171136761978866,
            0.9717118097740962,
            0.21147286849253286,
            0.35835215611271815,
            0.4457551546298308,
            0.9680384173654953,
            0.890146551003505,
            0.11580841113305028,
            0.4784146034120334,
            0.33199552328015897,
            0.2380082328806748,
            -0.4576391045759053,
            -0.04143974849871905,
            0.7149575185613188,
            0.3722320865791647,
            0.48968252692798997,
            1.0772655149461217,
            -0.43789274324093697,
            -0.42920506232577765,
            0.8000524901801649,
            -0.17564664640057015,
            0.8050354250409172,
            1.011151769544434,
            0.7153153540123588,
            -0.33356273979355444,
            -0.30061555148418506,
            -0.8592913691295437,
            -0.3387796588651883,
            1.0528894018833599,
            -0.1371375451312813,
            -0.6422985573717989,
            -0.26424132928726923,
            0.5629976573792908,
            1.03279726448731,
            0.5008071189870691,
            0.6121687081821199,
            0.2751806624746919,
            0.8108446680830512,
            -0.38677689828424977,
            0.271654732484191,
            -0.15217746201736831,
            -0.3406647361648025,
            -0.29386864296534426,
            0.6084269048739332,
            -0.0653693673206938,
            -0.17694065505748796,
            -0.1413374944574286,
            0.7297161395480481,
            0.4445411907430242,
            0.19538063212816187,
            1.1546664682315817,
            0.9034816863086329,
            0.9456045852958836
        ],
        [
            0.9659814902847678,
            1.1897459962028822,
            -0.7362653299520584,
            0.41890554525308427,
            -0.5035723121343311,
            0.733075274879987,
            0.36517426807941733,
            0.47078790883924326,
            -0.2368816789110308,
            0.6423931126492186,
            -0.08758381252582059,
            0.6503209293579894,
            0.7926466014290643,
            -0.38462856872391193,
            -0.5148692693690546,
            0.7291477271144677,
            -0.6569797527837485,
            0.8959103098940936,
            0.06304151932405944,
            0.43115993005215675,
            0.12999316403120675,
            0.12878113039972078,
            -0.004277828962969873,
            0.8346893754124689,
            -0.14323381880682703,
            0.022369597219323717,
            -0.004949745945207828,
            0.06046490051926663,
            -0.10590612380808008,
            0.8536904472384739,
            -0.13193586170035335,
            0.1217680545844477,
            0.17084109217533722,
            0.6823886775560257,
            0.8572292250767689,
            0.7969543864000521,
            -0.540546380445543,
            -0.2838149804629226,
            -0.38917255756634284,
            0.22651340147311355,
            -0.3221300513933026,
            -0.4139037395367576,
            -0.7909439546996934,
            -0.7947950069271601,
            0.6963526797866513,
            0.07349333018792586,
            0.09745871530612513,
            0.6885978511413454,
            0.946090066344548,
            0.1436619506272002,
            0.22620936818733542,
            0.31427797437666827,
            0.9365221404400097,
            0.8110335879728984,
            -0.04543847798760294,
            0.2707215662109687,
            0.30665725802056176,
            0.22529354912022284,
            -0.299803397995376,
            -0.2219493185514808,
            0.6956428145027639,
            0.21220201351279483,
            0.4442191637910912,
            1.0125090443858529,
            -0.22836278837270418,
            -0.22420778055643126,
            0.6920798814880006,
            -0.2815419084117327,
            0.8059469158374375,
            0.9433141641985788,
            0.5086694959052601,
            -0.7001812359810999,
            -0.10093291130029164,
            -0.49967392523036996,
            -0.14204870628350522,
            0.776526257545356,
            -0.00380209042855256,
            -0.7148637239885329,
            -0.5465751053049083,
            0.5323754610222456,
            0.8731181385109099,
            0.6233376547032153,
            0.7286231076498715,
            0.09849388470337264,
            0.7204048806514936,
            -0.6025014473586775,
            0.4080255743303157,
            -0.21508702283701686,
            -0.4673470181001505,
            -0.2742446943048679,
            0.8398648029015593,
            0.22751270299764226,
            -0.17681218489194694,
            -0.38161330956900014,
            0.36818169941900797,
            0.510566460972029,
            0.1716413801070569,
            0.9405475635289666,
            0.74203707787059,
            0.786344399512904
        ],
        [
            -0.6045499567198663,
            -0.7362653299520584,
            1.2127654844660947,
            0.23659059291710807,
            0.7101096599921125,
            -0.4593476284799738,
            -0.238036409247592,
            -0.4717766945472218,
            0.34503752218734773,
            -0.5572858050050765,
            0.4865273384132009,
            -0.5895721916581333,
            -0.43476577432993513,
            0.05191571284035767,
            0.1739057908407584,
            -0.6839839478628329,
            0.8134631884848064,
            -0.39393422910083514,
            -0.08390321519304707,
            -0.49878375342412284,
            0.04866971318779574,
            -0.24471217580110735,
            0.17582130876747834,
            -0.7299371738116966,
            -0.214612570801853,
            -0.0239721777219294,
            0.030257847868282305,
            -0.009065246628725123,
            0.4131267626902858,
            -0.4906373784620073,
            -0.42415249734377913,
            -0.23702982130419975,
            -0.15090540103018563,
            -0.20767853069951683,
            -0.40072704642890883,
            -0.573601905063027,
            0.6055695162696848,
            0.24126332286296454,
            0.3428257507525921,
            -0.1461355196688112,
            0.49192568516077095,
            0.23766882891874094,
            0.5143560915365443,
            0.5985447281284081,
            -0.5372827644063993,
            -0.1557745981223664,
            -0.21030189149436457,
            -0.6381801122966162,
            -0.6947472001088479,
            -0.2056485381102017,
            -0.2292751289084307,
            -0.6427624600078962,
            -0.6890494377142818,
            -0.652580392476269,
            -0.36751407464034885,
            -0.3188720407790689,
            -0.10670128031554132,
            -0.09858808263474664,
            -0.12709289964653922,
            0.3756154179314904,
            -0.732234283666707,
            -0.20956494376645107,
            -0.11918161795711263,
            -0.8323884933617532,
            -0.05923199316783243,
            -0.046848381947882385,
            -0.5429892552979595,
            0.06888976892724803,
            -0.5480543526721188,
            -0.6304142440730247,
            -0.5505962134349901,
            0.2813582326269489,
            -0.15958049222380832,
            0.473426705716276,
            0.08146367269045496,
            -0.5151156588393347,
            -0.006397353608500018,
            0.5868631411369029,
            -0.05431653690741561,
            -0.6493667745519187,
            -0.6436355526155081,
            -0.5893925457845945,
            -0.6383080468835023,
            0.16472295763164652,
            -0.37640371492221447,
            0.10834069002064106,
            -0.49972602966515967,
            -0.012955995978022989,
            -0.0057680822651406585,
            0.3970187127937904,
            -0.5884163841369984,
            -0.39973939896663263,
            0.11779570735755755,
            0.1866665206862665,
            -0.2890900631272193,
            -0.548013009051859,
            0.2809767921548804,
            -0.6906236981249243,
            -0.5910943201775557,
            -0.5964300152442249
        ],
        [
            0.5477206280242808,
            0.41890554525308427,
            0.23659059291710807,
            1.4639566665994224,
            -0.17984179977625694,
            0.39002762746088154,
            0.04672149949135837,
            0.008196691023944153,
            0.012034174356212441,
            -0.03900404625109452,
            0.6744329216655408,
            0.8403545357626574,
            0.4292068639906969,
            -0.23409565434852447,
            -0.27262060243736785,
            0.48630862286042903,
            0.127280638342349,
            0.6390897650332932,
            -0.06118757280187115,
            0.13343346496745417,
            0.25202176332669396,
            0.227779146078736,
            -0.33764759557391094,
            0.40257189796994325,
            -0.30849105652978337,
            -0.45641730605001807,
            -0.2782818773356388,
            -0.4463192655181715,
            -0.4157309630178333,
            0.44816193044201846,
            0.027420159049148355,
            0.08359607312047086,
            -0.40227617047945796,
            0.6497620860952091,
            0.4702072579528017,
            0.5043293877690703,
            -0.2907930837225139,
            -0.6012913110818231,
            -0.6054695532144144,
            -0.4197491546308895,
            -0.35484093690020513,
            -0.4091053338932213,
            -0.6751171102490054,
            -0.4011551030786642,
            0.3343552312989986,
            -0.17508608723939914,
            -0.259999876466214,
            0.5028934790431033,
            0.2995644140845794,
            -0.02285001270975469,
            0.11321718157480884,
            0.23175287422314236,
            0.3883437026411352,
            0.4446904856264141,
            0.3979308383999475,
            0.028494402207843248,
            0.273533289187647,
            0.015099472717241703,
            -0.053826620025942025,
            -0.4423962083895069,
            0.10814818706176556,
            -0.06319196160760338,
            0.34225173075649323,
            0.5696329891070718,
            -0.08141835077561527,
            -0.089672080563004,
            0.3497591579588215,
            -0.2623037754147522,
            0.15453151252048603,
            0.6441293602924933,
            0.362367613004309,
            0.021426031795413244,
            -0.23762372440908344,
            -0.3671207034760412,
            0.01578995359511982,
            0.4236689978406318,
            -0.33553879244716805,
            -0.5732575832325204,
            -0.33314075225375617,
            -0.13341701245891377,
            0.4872947528760837,
            0.20537570593397528,
            0.5288021183810567,
            -0.3033368657166523,
            0.5068114624922381,
            -0.4432232821269998,
            -0.11055869865244437,
            -0.20118497205215055,
            -0.7088541622574358,
            -0.07828657823698966,
            0.3630141783272419,
            -0.09316496355859419,
            -0.11489872133440215,
            -0.5375588116469652,
            0.12571405656539703,
            0.275711922319437,
            -0.08078320528646905,
            0.3578592399766807,
            0.5681901353756542,
            0.4243241473576135
        ],
        [
            -0.5361026067835826,
            -0.5035723121343311,
            0.7101096599921125,
            -0.17984179977625694,
            1.0506303882616332,
            -0.6165219372738799,
            -0.394172918237234,
            -0.16953378698332885,
            0.14920796463827576,
            -0.24583897298113724,
            0.10750326724402183,
            -0.7538086659888683,
            -0.5715136003850376,
            0.09694922310132419,
            0.2680906706908917,
            -0.6241315174155813,
            0.4856224715215585,
            -0.3328368010981063,
            -0.3576502498041134,
            -0.37827642278092355,
            -0.16332710667075834,
            -0.0018234166336170603,
            0.5118212184199981,
            -0.7006317231983775,
            -0.11155309045189166,
            0.3440380762406667,
            0.21303358349933627,
            0.39272111407531185,
            0.4096941779303503,
            -0.5683895340395851,
            -0.3417020435024286,
            -0.30946587986744206,
            0.33521248833599954,
            -0.3599638044387056,
            -0.27019137673407795,
            -0.5345041168336964,
            0.46711498302337023,
            0.6048429381083772,
            0.4167138064826263,
            0.2280229700857755,
            0.9722227400588597,
            0.3290400798939494,
            0.7277212512515951,
            0.4946240383527424,
            -0.2918067809521788,
            0.24560530062014266,
            -0.4345505040271326,
            -0.663701148292321,
            -0.4233316724104557,
            0.020297579193409,
            -0.3564030185228067,
            -0.5416381363596942,
            -0.6033204696165055,
            -0.6608045853587812,
            -0.04593552779706227,
            0.01819400428163095,
            -0.31457795397192223,
            0.01559582611117092,
            -0.15892085143777918,
            0.6643234080153552,
            -0.5104977857649378,
            -0.32572426989083436,
            -0.09150916392730636,
            -0.8573458967552091,
            0.02855360681438696,
            0.03240990644018174,
            -0.499110816368408,
            0.15884368498915727,
            -0.30475816845919756,
            -0.6843034459251361,
            -0.6371880067450456,
            0.1057134354702462,
            0.29810060370098873,
            0.6669398810761267,
            -0.02136110687789556,
            -0.43070467096702003,
            0.025415228678107245,
            0.8167224407994882,
            -0.2809555228852091,
            -0.6293357041065532,
            -0.6821691163518745,
            -0.5763561832140497,
            -0.5349794272138498,
            0.40751915119283877,
            -0.37568358165766436,
            0.5661953099869251,
            -0.3737970309327906,
            0.20819505205819294,
            0.2907616920177771,
            0.22313610085282282,
            -0.3373770791144171,
            -0.36587495408279713,
            0.25914794920460266,
            0.4094621666054039,
            -0.21426127288548047,
            -0.43835975911981556,
            0.4564934470522452,
            -0.7349928319845549,
            -0.5966917746458309,
            -0.5974142315738044
        ],
        [
            0.8852486195501416,
            0.733075274879987,
            -0.4593476284799738,
            0.39002762746088154,
            -0.6165219372738799,
            0.9742742937526584,
            0.3975258564184757,
            0.4027104272565469,
            0.1860970032283384,
            0.5595377099585908,
            0.18636154818507625,
            0.634051805474629,
            0.9408723113248305,
            -0.271130040375131,
            -0.3314544470460302,
            0.7191497798386758,
            -0.5622567711380798,
            0.7739176223768206,
            0.503494269518466,
            0.42065428521126896,
            0.19488353970805428,
            0.19319260834619065,
            -0.3620356931021456,
            0.6726446553281994,
            -0.053899575403798645,
            -0.06581624549174278,
            -0.046762201141922914,
            -0.24139971673480298,
            -0.19638406779598705,
            0.7394975354946941,
            0.16081031556202555,
            0.014241426174793405,
            -0.21545458578187449,
            0.6813102866776233,
            0.7603614997824077,
            0.7765262841954684,
            -0.2820969963350499,
            -0.5681460832810408,
            -0.30227704239729947,
            -0.05007905499487225,
            -0.5724467626170949,
            -0.35035148939315625,
            -0.814778927401682,
            -0.8621166426787322,
            0.5875463662358459,
            -0.14398606118241844,
            0.26055393226236095,
            0.8861414346831166,
            0.6981253914791022,
            0.16774786245195297,
            0.373024486629656,
            0.1989002626366083,
            0.956254320509326,
            0.793025228765906,
            0.019275046649003865,
            0.23579489953029478,
            0.47258928841221587,
            0.062296749381561135,
            -0.4077020282581429,
            -0.23442934547768948,
            0.6363305681768875,
            0.4193364451009055,
            0.2285342192702719,
            0.9687979024985461,
            -0.49605647118851554,
            -0.4724563783485581,
            0.7317775967978412,
            -0.19446773026507064,
            0.5247253846593701,
            0.8413675074483612,
            0.638951379845896,
            -0.45024044932472146,
            -0.1627226663218031,
            -0.9341087885939166,
            -0.18316952316284776,
            0.7291835754807402,
            0.07549000617773025,
            -0.6401237319296947,
            -0.06175651483122673,
            0.7643230264510534,
            0.8709523626504493,
            0.4668533103925459,
            0.5556279003461531,
            -0.04464728619332526,
            0.6301266700781067,
            -0.5160379711498002,
            0.2629740599617011,
            -0.23232236755143282,
            -0.4160873839679647,
            -0.23979654134352454,
            0.4968239800779122,
            0.2226520031099927,
            -0.11969343016553174,
            -0.2485013713321067,
            0.47137054942693013,
            0.5497503109004542,
            0.05575642392636189,
            1.0219491223934882,
            0.8584713138038916,
            0.81065651428323
        ],
        [
            0.4610060025931423,
            0.36517426807941733,
            -0.238036409247592,
            0.04672149949135837,
            -0.394172918237234,
            0.3975258564184757,
            1.2680259768096684,
            -0.007674066624143685,
            0.3578599147840306,
            0.5566270660693242,
            -0.5603302398662611,
            0.5679077941137607,
            0.673068971495647,
            -0.3341853156996654,
            -0.5407870180108574,
            0.5085884629284935,
            -0.29352160160642143,
            0.6876229263865323,
            0.4357102014235122,
            0.4723377329961692,
            -0.05756038157831352,
            -0.3373950689526942,
            -0.6193023534759848,
            0.814451506719174,
            -0.49915054700978545,
            -0.05454445780926763,
            -0.2694833427230929,
            -0.4741240269139889,
            0.23711882677743548,
            0.5454977838405932,
            0.3423339947197576,
            0.022166595208926748,
            -0.5799541019828443,
            0.12190411726749888,
            0.6294099015476224,
            0.2320793200976374,
            -0.24411650844292726,
            -0.7509220422793823,
            -0.16203640339411832,
            -0.36843312288570274,
            -0.6879803621320026,
            0.09202805979954916,
            -0.4154716614836636,
            -0.3356028720185755,
            0.0872340199286283,
            -0.2956837187133524,
            0.5100966920276514,
            0.3503584610060741,
            0.263466915443277,
            0.02905650251670649,
            0.48672078659292833,
            0.5619508298737426,
            0.4201609125902739,
            0.3896567288654659,
            -0.11573280509040422,
            -0.17220109462321112,
            -0.093093575023227,
            -0.025302742576033564,
            -0.3324425924966155,
            0.09752953590017946,
            0.3507057167236397,
            0.37862390831507653,
            0.2758745566319053,
            0.49832975719054845,
            -0.05870074910890928,
            -0.08965271083279844,
            0.2972583806189991,
            -0.5723796175163923,
            -0.10684139987395376,
            0.4462236107925281,
            0.3311313292216564,
            -0.06217396909749177,
            -0.8917078222211027,
            -0.39821294884837305,
            0.025305985498406697,
            0.8892320272417629,
            0.1691432730907603,
            -0.5072497661345806,
            0.38899524736214436,
            0.7088765454398743,
            0.20971770673111823,
            0.5231677022773004,
            0.0759220703410085,
            0.3345899414787416,
            0.3538716050115286,
            -0.20159359074825808,
            -0.05733928439009376,
            -0.4702236152588756,
            -0.4457372257591798,
            -0.1362776576071264,
            0.35718836410410587,
            0.45537814898722384,
            -0.23278561667154685,
            -0.2404979636946948,
            0.6922921271801632,
            -0.026737780463301875,
            -0.11643017656697513,
            0.7628011577004212,
            0.2915766202378565,
            0.4569532063822533
        ],
        [
            0.5766120931761283,
            0.47078790883924326,
            -0.4717766945472218,
            0.008196691023944153,
            -0.16953378698332885,
            0.4027104272565469,
            -0.007674066624143685,
            1.105459252288594,
            -0.15687116301754359,
            0.6805210692848221,
            0.17463656103312913,
            0.5078486927389051,
            0.33442012356017903,
            -0.0005875021854592747,
            0.020145553539963734,
            0.17012337293059404,
            -0.7483854456081752,
            0.36586914245474444,
            0.32305744379173634,
            0.4806878981298204,
            -0.13573134151005245,
            0.19831781761168193,
            0.6944437312065428,
            0.16958258438006588,
            0.09955077637528204,
            0.36948114064980614,
            0.30977767073512413,
            0.740681191084177,
            0.015887803229055943,
            0.15036463591586458,
            0.135331381458484,
            -0.09513781571447529,
            0.9031401682089527,
            0.32322071179455103,
            0.4430612321071466,
            0.351640315816652,
            -0.2620413021262902,
            0.43827564953919257,
            0.14323964016924148,
            0.8761520741243163,
            -0.00033711718105078174,
            -0.3152820909973845,
            -0.1428925189731691,
            -0.44449292629358217,
            0.6780890429165483,
            0.5184279165678591,
            0.13663619876799674,
            0.30883863713961013,
            0.888893368879597,
            0.0015484277981517422,
            0.28594202148898884,
            0.15269158708982664,
            0.6764896189112167,
            0.33592560298530133,
            0.0018853338497656494,
            0.3878709139324115,
            -0.1797838633214566,
            0.3042783423655664,
            -0.04960024289680236,
            0.34177801037599587,
            0.22180391080074702,
            -0.023366345179698825,
            0.16301961956305575,
            0.4286557496160216,
            -0.42909394955940156,
            -0.40080883833276776,
            0.346358759788621,
            0.19638460147516984,
            0.6073712659180567,
            0.40616849599778554,
            0.25959395409022495,
            -0.4736671314029439,
            0.47914433139855034,
            -0.34081560798842064,
            0.01122797684429511,
            0.28650450751458356,
            -0.12361901900659679,
            -0.17020478096971572,
            0.032242681867696625,
            0.3122545101588211,
            0.4773108698127123,
            -0.08665231403086239,
            0.1948572491522645,
            0.22540659373142055,
            0.249736982718876,
            -0.40402425276031895,
            0.4609386289861643,
            0.11160607795995676,
            0.13823244434004556,
            -0.18693797607358842,
            0.19639472363314514,
            0.33161996145551603,
            -0.06573829160541939,
            0.25804143563999543,
            0.3511471090755717,
            0.6892416611003869,
            0.1910516114960717,
            0.5327568323136406,
            0.3148514414365128,
            0.25584783601774197
        ],
        [
            0.051468207454114706,
            -0.2368816789110308,
            0.34503752218734773,
            0.012034174356212441,
            0.14920796463827576,
            0.1860970032283384,
            0.3578599147840306,
            -0.15687116301754359,
            1.0594765810014,
            0.11224168512845341,
            0.255738338968788,
            -0.1547279252097158,
            0.2402911777776762,
            0.06406747871332255,
            0.041293511177375244,
            0.043523320775655856,
            0.1494248963504903,
            0.09815364999636868,
            0.4515639738397956,
            0.265899818230914,
            0.03390938498937285,
            -0.20226802897481513,
            -0.2718060008709796,
            0.1446245184788214,
            -0.13822010457391268,
            0.14820767158436798,
            -0.03899293172125019,
            -0.22340258556249531,
            0.028380793905119737,
            -0.005388457928260768,
            0.4258453629822038,
            -0.25165130554344933,
            -0.35153611439179316,
            0.04154836350160727,
            0.19424180015549802,
            -0.011295822916630845,
            0.11521808681543991,
            -0.38836848020351933,
            0.03264120717222019,
            -0.18893825518081753,
            -0.11956153981862466,
            0.3299753196715902,
            -0.12820348790519281,
            -0.002812648910056689,
            0.0028411033305597564,
            -0.19391209607067542,
            -0.14023847086756183,
            0.1291132572720184,
            -0.0903523932794901,
            0.3193981317514135,
            0.2962648608479385,
            0.15506152516288454,
            0.02696775818604303,
            0.023609882511317064,
            0.32499532979846774,
            -0.12396637258714846,
            0.24727301090038376,
            -0.1055179804269007,
            -0.36971023040343337,
            0.35387230992630225,
            -0.04136741148004131,
            -0.16665056487482327,
            -0.03257078326704452,
            -0.11594724558541963,
            -0.1613653361645064,
            -0.17376224906450677,
            0.10707272938369684,
            -0.17494136057760626,
            -0.2332652699134231,
            0.021656876323317403,
            0.01595341462630582,
            0.32067363017503625,
            -0.6458512464069562,
            -0.4318664705031136,
            -0.2120410826294606,
            0.1533031383512801,
            0.1807336916371722,
            0.00831591434564765,
            0.6393397724188664,
            0.1997352692502636,
            0.013297114843013049,
            0.026056905134095733,
            -0.20837822219625565,
            0.1251365148264913,
            -0.015364456416601145,
            0.35303142449077984,
            -0.0689998362848285,
            -0.13756212298334752,
            -0.14505350651526167,
            0.03497278794232275,
            -0.5723559332820258,
            0.020289672477736442,
            0.15374466116367613,
            0.08353505214871146,
            0.21724014097588185,
            -0.21412577555241397,
            -0.04350942184149856,
            0.09024518282530508,
            0.2602658256948895,
            0.2132932324562613
        ],
        [
            0.8626363911555516,
            0.6423931126492186,
            -0.5572858050050765,
            -0.03900404625109452,
            -0.24583897298113724,
            0.5595377099585908,
            0.5566270660693242,
            0.6805210692848221,
            0.11224168512845341,
            0.9361939247387322,
            -0.20821935126561344,
            0.5768664217954331,
            0.7506639005379042,
            -0.10453277725072696,
            -0.2623154820749137,
            0.4553666642257304,
            -0.5987990230205044,
            0.7253723525592318,
            0.4189638327675652,
            0.4128514442329976,
            -0.0024807462688579227,
            -0.01813968799774223,
            -0.008808300728709495,
            0.5944374362888434,
            -0.1029835205149639,
            0.4956303940333266,
            0.24373537598100065,
            0.11563869635870846,
            0.30291674118274003,
            0.6680238578993698,
            0.3114112244999286,
            -0.04457255675940802,
            0.19339715967733864,
            0.3783199515326308,
            0.8169641970327273,
            0.5179023666480456,
            -0.20899793514922785,
            -0.17679730916388461,
            0.2293358627004209,
            0.19201306343657867,
            -0.2157664214910154,
            -0.1668563573691422,
            -0.27859581032494424,
            -0.7465754423288419,
            0.5759401019356291,
            0.26125950400985576,
            0.32390452979850626,
            0.5460167785890491,
            0.7738656619380835,
            0.260326545468697,
            0.42539142951885556,
            0.41574379628409835,
            0.754257894473125,
            0.5764662519809054,
            0.001491935314413771,
            0.4312377228058767,
            -0.007025131560325653,
            0.22742735771255548,
            -0.4043582519520885,
            0.2523880525507892,
            0.48128700883148534,
            0.3239857264592557,
            0.39591925249991794,
            0.6792412559959784,
            -0.36303087918868665,
            -0.35827006955597646,
            0.5534944698976618,
            -0.0910924277428506,
            0.6152572423570194,
            0.6140397409500062,
            0.46704370522388305,
            -0.25031126747714977,
            -0.28839541239382693,
            -0.6034042366803374,
            -0.19256145752978576,
            0.7962027508103089,
            0.053757907244136864,
            -0.21300187424534175,
            0.07029114405746009,
            0.5225248858570913,
            0.6240249793275439,
            0.23501574856945148,
            0.2050942617510149,
            0.574796512688395,
            0.5514199525785387,
            -0.12777997463444196,
            0.24321491088195413,
            -0.08680169371903125,
            0.03620055813924354,
            -0.2647665579960722,
            0.379373346796115,
            0.15132339497882552,
            -0.037569911784568005,
            0.19124398695107628,
            0.6692478459076964,
            0.21893823646082838,
            0.2243851071943579,
            0.8657399228323285,
            0.5188741246056342,
            0.6023285487441106
        ],
        [
            0.14497544290024003,
            -0.08758381252582059,
            0.4865273384132009,
            0.6744329216655408,
            0.10750326724402183,
            0.18636154818507625,
            -0.5603302398662611,
            0.17463656103312913,
            0.255738338968788,
            -0.20821935126561344,
            1.2440041590913673,
            0.08451167324122898,
            0.00037593522716842793,
            0.047299950123279394,
            0.2081483462924948,
            -0.1338255083759038,
            0.05691754514338901,
            -0.11414668397580782,
            -0.06941782476823541,
            -0.2582114379093632,
            0.4385972354020995,
            0.0991136754374346,
            0.2541471585902737,
            -0.23388624202421618,
            0.19272870898458536,
            -0.08163077170066341,
            0.060316127394949445,
            0.1920240719133469,
            -0.2740707700271858,
            -0.17005625073529712,
            -0.17414000126317908,
            -0.18378440582544892,
            0.20864818676439092,
            0.4207392449548822,
            -0.02558925748199551,
            0.2546560057278818,
            0.04098300570471972,
            0.14861416142063752,
            -0.0490701901030589,
            0.2914195077672661,
            0.08734316092810672,
            -0.3238147509911943,
            -0.12602496087529003,
            -0.2564303510651438,
            0.16233035911854124,
            0.041705451346125855,
            -0.41576972908102405,
            0.31517479075420857,
            0.0410610155290236,
            0.05521133330026062,
            -0.11914248708217237,
            -0.2616465736578673,
            -0.09296013316420994,
            0.08226508830643059,
            0.008339096047069523,
            0.11032836618594186,
            0.7193781252374543,
            0.0490624091644764,
            -0.010265850547298295,
            -0.12007173164293082,
            -0.2540795808732043,
            -0.2970823527318337,
            -0.012818905506661912,
            0.024039576206456647,
            -0.2082683648134362,
            -0.18210414535164002,
            0.13497986077209279,
            0.40540163982588495,
            -0.001802002450259981,
            0.171960010255592,
            0.0950032925421244,
            0.12157056529225506,
            0.11277009148543947,
            -0.35216503397077087,
            -0.08947050756115436,
            -0.11694238019754703,
            -0.3810394045594001,
            -0.040710660654277024,
            0.015233156993219678,
            -0.4775082155102038,
            0.2862205393373434,
            -0.2282669018922022,
            0.22028672421649856,
            -0.3626185290869667,
            0.037703291329734684,
            -0.29693947369555757,
            0.02888941528809824,
            0.20718027397871194,
            -0.03230399680659335,
            0.027252024499294862,
            -0.3026617771481767,
            -0.2653196359010972,
            0.12354230718226569,
            0.0384831168018824,
            -0.12651227427217981,
            0.25160684126462884,
            -0.037723154481102195,
            -0.16336082117697942,
            0.3035555977555836,
            -0.017937575438449264
        ],
        [
            0.8500758677022551,
            0.6503209293579894,
            -0.5895721916581333,
            0.8403545357626574,
            -0.7538086659888683,
            0.634051805474629,
            0.5679077941137607,
            0.5078486927389051,
            -0.1547279252097158,
            0.5768664217954331,
            0.08451167324122898,
            1.4246890359466695,
            0.707370632858235,
            -0.18077684414020995,
            -0.3336931390729209,
            0.7581250575802344,
            -0.6647028842064782,
            0.7820903489961833,
            0.3399147747095528,
            0.5995375871713258,
            0.12934171086106921,
            0.18176972543967349,
            -0.5667501351615,
            0.7849747114558677,
            -0.14964537894982077,
            -0.15126673141425906,
            -0.14185964857448072,
            -0.48810283561612194,
            -0.3390550451360619,
            0.7066873859686111,
            0.41277529507500144,
            0.24549573595240595,
            -0.3815024561327621,
            0.5957311218719937,
            0.6908813047565672,
            0.6947414670540474,
            -0.5776688207449433,
            -0.8052342452256356,
            -0.4233721354766078,
            -0.3955165123008507,
            -0.9607173464084913,
            -0.36326021725726304,
            -0.7429072996642432,
            -0.7338142875178584,
            0.522828805612183,
            -0.08723980336801898,
            0.2055319427631391,
            0.8340723250293413,
            0.5871395546392274,
            -0.001596750492645083,
            0.5597983471719059,
            0.694721080309072,
            0.7697027332126695,
            0.8369512386651927,
            0.3625459883391735,
            0.3365515851865071,
            0.15080849721185885,
            0.07958887805543009,
            0.1738897843111533,
            -0.5555320929903432,
            0.5290977299117807,
            0.17219948730277795,
            0.4067674515373116,
            1.0212836663640927,
            -0.19216097256834633,
            -0.2110498745299945,
            0.5891020369015394,
            -0.22087832329875087,
            0.29100539830996747,
            0.9076928667717663,
            0.694386183234204,
            -0.11452609119771742,
            -0.37285743316439907,
            -0.7641766295601126,
            0.11237560372741108,
            0.7937184126986662,
            -0.2800344757380983,
            -0.78053978180022,
            0.2304648378533111,
            0.5595186796873861,
            0.7841999611078782,
            0.5817658090588329,
            0.6917260771307511,
            -0.1645447098191183,
            0.6269941060405084,
            -0.6354613332979743,
            0.15890338583092628,
            -0.22196636325652333,
            -0.36140756499326393,
            -0.3974214033058782,
            0.564050577307251,
            0.48555409428417506,
            -0.21361005773001657,
            -0.34112789406211674,
            0.5736493573315895,
            0.430473868525552,
            -0.4803788559369753,
            0.898585847959194,
            0.7433341045465962,
            0.701094537597752
        ],
        [
            1.0261097831375374,
            0.7926466014290643,
            -0.43476577432993513,
            0.4292068639906969,
            -0.5715136003850376,
            0.9408723113248305,
            0.673068971495647,
            0.33442012356017903,
