{
    "fast": [
        [
            0.7303945496423464,
            0.5665349498482277,
            0.03429883080163034,
            0.14397962696239555,
            -0.22254736391282562,
            0.4540367592634249,
            0.4003066688875207,
            -0.014033202969013886,
            0.2709280353779628,
            -0.10820102080200329,
            0.30946125551584014,
            0.3441720935804053,
            0.5063762589469744,
            -0.1052039675947757,
            0.18203096509307795,
            0.3497403158195742,
            -0.21618911378424813,
            0.019395994533948975,
            0.10869694599675807,
            -0.33819505297021935,
            -0.6082487084271199,
            0.2643112324353366,
            0.05150882612379965,
            0.6147253395122136,
            0.5030634609915345,
            0.124127703759132,
            0.5222823893158482,
            0.110063188853666,
            -0.2268496211111749,
            0.1481345690255906,
            0.1688584095317854,
            -0.3253703557987254,
            -0.035149130254486884,
            0.2963785026693522,
            0.06862828108312219,
            -0.3666746311420477,
            -0.07524418867104356,
            0.2790538067301832,
            -0.12869435403394142,
            0.028455684169724632,
            0.3349277364552415,
            -0.3104956516525873,
            0.1461614211043268,
            0.031167921330216213,
            0.3623407965959496,
            0.25264855012811394,
            0.49005790674242,
            0.08264764819308107,
            -0.31102608866633946,
            0.47771192626543074,
            -0.25516204476250987,
            -0.17319363025610535,
            -0.09925340893865851,
            0.3774529796213041,
            0.11018403451483609,
            -0.010733519683163975,
            0.4237595906596961,
            0.18757682337004672,
            -0.3097257892618662,
            0.5194151601472624,
            -0.20232878618653793,
            0.017573952215233935,
            0.6026048590016284,
            0.33042741819764865,
            -0.008185789039477321,
            0.29329100582853823,
            0.05715485517241807,
            0.5223756687746314,
            0.2086376842564188,
            0.6052176980277751,
            -0.05419004597280352,
            -0.04916166962823229,
            0.19990848728583344,
            -0.453721628178079,
            0.0071373398863798015,
            -0.12035641067629688,
            -0.352528749880132,
            -0.3045799847558488,
            0.4913720127269505,
            0.4609191784300915,
            0.43707126781770594,
            -0.049152055156298904,
            0.28597928816135804,
            -0.13862429965777073,
            -0.01489584368182498,
            0.24999498510124593,
            0.41381746747498194,
            0.4080458230159475,
            0.15730670065512087,
            0.2753285984251939,
            -0.4098108760608964,
            0.3952278232937179,
            0.254301453229035,
            0.39042390924411247,
            -0.20798514846544236,
            -0.5677314619986038,
            0.5418159336990577,
            0.0034673659792257595,
            -0.09641706626291609,
            0.1483106518219268
        ],
        [
            0.5665349498482277,
            1.232565201869872,
            -0.3820713262114112,
            0.7339595912197819,
            -0.32697001920173685,
            1.0725804488782602,
            0.08790834507330031,
            -0.29032848988481835,
            0.4064099030554234,
            0.715625065208854,
            0.05603441623916524,
            0.7856714223917982,
            0.4519522697279287,
            0.22188376437278512,
            0.6995584050287499,
            0.5213331490086482,
            -0.5298511603452316,
            -0.5046928665237435,
            0.3993051745747185,
            -0.5502929227236837,
            -0.7854143838328181,
            0.3835374347657747,
            -0.4707320162284119,
            0.8232315360264457,
            1.0046341807454169,
            0.031385846735325754,
            0.8826294431464691,
            0.263893027050725,
            0.4424872967406504,
            0.6470315987330786,
            0.22838001713133166,
            -0.44778073487183095,
            0.046070193199415715,
            0.5883290065648176,
            0.15063879514471612,
            -0.3030606315494412,
            0.7924065780322428,
            0.747878176587715,
            0.3693975358634105,
            -0.1927567694480619,
            0.6364958799339245,
            -0.28673054858079117,
            0.20363160047879572,
            0.4893652912565291,
            0.5527411617701926,
            0.2867638432233325,
            0.8643735693201119,
            -0.23838741837113192,
            0.19221476258887096,
            0.780421337580853,
            0.37715657474348185,
            -0.04205814474902386,
            0.43034703661027807,
            0.31984092909119,
            -0.15451071598474003,
            -0.12544277123776548,
            0.6814319666917859,
            0.353359497148925,
            -0.09093245034133593,
            0.582543606152738,
            0.16430787759357612,
            -0.1940334317330443,
            0.7654190376645177,
            -0.15777873992599115,
            0.6141552562170103,
            0.49155158842000113,
            0.1956120709350093,
            0.9064165289883966,
            0.65208532937905,
            0.41763555913025735,
            -0.24323547719095862,
            0.19479429960198041,
            -0.16907493129242912,
            -0.41042951821776386,
            -0.6074514196177291,
            0.2271877599615399,
            -0.4238718674754197,
            -0.5955754175537047,
            1.0769883501472097,
            0.5109578497590005,
            0.29540331509897716,
            -0.3298648438673696,
            0.9367634792486258,
            -0.3081376432079887,
            0.1469817489149601,
            0.47686543032234524,
            0.019766339620039614,
            0.6510535564807431,
            0.06178365500363825,
            0.06757422460169642,
            -0.3926178912753273,
            0.9287197220308954,
            0.2650842216763281,
            0.877049162333867,
            0.19832018062610998,
            -0.4750378402679982,
            0.8197738234793216,
            -0.24925480107885153,
            0.47050749487399923,
            0.49039425094647776
        ],
        [
            0.03429883080163034,
            -0.3820713262114112,
            1.0795182535879182,
            -0.5813521807850323,
            -0.12291305105718263,
            -0.5788112692041946,
            -0.3157187535328808,
            -0.010727061990988749,
            -0.25132520793285196,
            -0.7815005516241241,
            -0.14426795791536995,
            -0.28754747717585477,
            -0.23808980745068217,
            -0.48409646485118346,
            -0.3258012887396502,
            0.06615857339736007,
            0.1312726919227791,
            0.4530781522729879,
            0.4336627590166743,
            0.23935801158158748,
            0.01332217189342588,
            -0.2822932639707977,
            0.9921017677458642,
            -0.3944414252814572,
            -0.3271107295935548,
            0.3566639107763597,
            -0.03708919907922257,
            -0.18897206015056078,
            -0.24565140716666553,
            -0.4650982803155675,
            -0.0951340543531966,
            -0.2424666852992856,
            -0.3014330440687783,
            -0.28565812427055304,
            0.03151524132497223,
            0.5914557008540563,
            -0.26613009011058075,
            -0.41063141366323913,
            -0.3451509416833558,
            -0.014060944794732803,
            -0.164993054173868,
            -0.17930464372171873,
            0.35888395791366867,
            -0.6930298728454721,
            -0.327607978862272,
            -0.06188057074220526,
            -0.3407215692086951,
            0.29873771035051516,
            -0.3817870715849446,
            -0.358223650491056,
            -0.619558101754606,
            0.5207225438808873,
            -0.4749615388738607,
            -0.22308351809220459,
            0.020856562266863107,
            0.3150329079819281,
            -0.5197666868884372,
            -0.656650071896004,
            -0.393999009105748,
            -0.1661900171102753,
            -0.6312269468245951,
            0.16514559599462184,
            -0.19059595416185815,
            0.0011040772726983606,
            -0.4424454877749232,
            -0.06740452231060907,
            -0.2633118837315391,
            -0.5906782618937912,
            -0.3107844088625606,
            0.14037236732714226,
            0.8556323533485357,
            0.16480239884714953,
            0.6542539193741866,
            0.8574346028282226,
            0.07424199124957946,
            0.2549944412808526,
            0.2774807310561383,
            0.01108597290455147,
            -0.3396546034337507,
            -0.5275309089462,
            -0.058439269243584904,
            0.2434594227055389,
            -0.46627616903101454,
            0.05971692190545761,
            -0.02441426568021116,
            -0.29977783858170187,
            -0.33602917662009885,
            -0.43545738500395836,
            -0.27227034933411987,
            -0.20748634501465313,
            0.6893743337936301,
            -0.5615380353712216,
            -0.017048928366230242,
            -0.5044801421506181,
            -0.04191122138450809,
            -0.20129056888059454,
            -0.2341815484686471,
            -0.24032199530629056,
            -0.5516811301489232,
            -0.5858946695170162
        ],
        [
            0.14397962696239555,
            0.7339595912197819,
            -0.5813521807850323,
            1.3593512672975023,
            -0.36411984252338836,
            1.0764738339207616,
            0.017650016962711523,
            -0.20689140047617383,
            0.22361664257431066,
            0.7128473490620666,
            -0.15721182768194006,
            0.30801005717426694,
            0.06497216563394599,
            0.26158477678334774,
            0.13930004461538345,
            0.31283886109340964,
            -0.11271488223591238,
            -0.7613711083462802,
            0.14371432829755476,
            -0.1657880886357062,
            -0.03841453090534575,
            0.1547948999983832,
            -0.8069473279707268,
            0.19635788068890947,
            0.4890495564528075,
            0.015702338377037765,
            0.48030177545598346,
            0.02204105082153534,
            0.4333282176652257,
            0.7527622738205032,
            -0.04844006359596439,
            -0.07588542595706577,
            0.6778413876550857,
            0.20980612846596142,
            0.06917284741080737,
            -0.30335508456881854,
            0.5735072910788179,
            0.3791211723239813,
            0.4180596071534395,
            -0.09004870029071867,
            0.16713340961963957,
            0.29548111836518437,
            -0.2965775892625621,
            0.5455623220002164,
            -0.2159463244928435,
            -0.18225183688379096,
            0.44551663609430764,
            -0.23118663419745308,
            0.03607156926500791,
            0.24838428331113752,
            0.3720889074396704,
            -0.19747955921078378,
            0.3911629718840087,
            0.3199140985636764,
            -0.29760622059528113,
            -0.3072805208512382,
            0.7530176868291222,
            0.1486049792181254,
            0.17839039125019027,
            0.19038852191418995,
            0.38505538634917624,
            0.06206252343359341,
            0.17524042202304574,
            -0.1602471418587322,
            0.8239120363547784,
            0.0008783947873896628,
            0.14996397797996147,
            0.5111714706252131,
            0.5147979718214241,
            -0.0533462399320139,
            0.0023590598552554885,
            -0.3006223177145408,
            -0.5874714202492173,
            -0.06171758839101491,
            -0.44038382637381,
            -0.15676456162933064,
            -0.1451775451907528,
            -0.09007414109455794,
            0.9951758451992755,
            0.5090956633870237,
            0.3211209641379606,
            -0.07182994503644573,
            0.6750015045610988,
            -0.2566487657562453,
            -0.05975088586427807,
            0.42056582780399965,
            -0.11384598468017006,
            0.32836436490128407,
            0.27583926060037567,
            -0.1291919665362404,
            -0.13057695152671733,
            0.455686384558187,
            0.0663627249369439,
            0.6327126348435368,
            0.5300989585900221,
            0.15442299641659404,
            0.24968555037902185,
            -0.046043067804922594,
            0.5968797038350003,
            0.21065072592099368
        ],
        [
            -0.22254736391282562,
            -0.32697001920173685,
            -0.12291305105718263,
            -0.36411984252338836,
            1.2470238412793617,
            -0.21465762034573338,
            0.08960021629544894,
            -0.13629452515333335,
            -0.06245993825193373,
            0.08411927183417767,
            -0.14349855425341046,
            0.15212711927941902,
            0.506319352881639,
            0.1632550080427036,
            0.03573196857008435,
            0.01094286413948959,
            0.24330475539903282,
            -0.11654272893096994,
            -0.5313647594467931,
            -0.22080412291871462,
            0.03492930997969593,
            0.2408036328075433,
            0.1524978418055188,
            0.06797878418815413,
            -0.13293166103951862,
            -0.3811071029469367,
            -0.3919266990611118,
            0.3953768617552316,
            -0.2621046511537939,
            0.19459819261362452,
            0.21466838640599584,
            0.48850673041425896,
            0.5262420685864881,
            0.03555672810608046,
            -0.060424611624983714,
            0.2033618646764312,
            -0.009793947036488544,
            0.2823701150380371,
            0.4417838239686569,
            -0.35237065308681625,
            -0.05806376192135174,
            -0.13761034496938232,
            -0.37172004139677367,
            0.3766720917589709,
            0.3127289615812365,
            0.03566828038059526,
            0.1993532914185107,
            -0.19282764261040353,
            0.16685886608734982,
            0.07049435630868969,
            0.0805704483236517,
            -0.4358845197546404,
            0.24701571622026405,
            0.22801395896476606,
            0.38182839805003344,
            0.0780383627609149,
            -0.05268287012421047,
            -0.12990230982604983,
            0.24175423197229615,
            0.2525740566860828,
            0.16555454574356668,
            -0.2991290780512379,
            -0.074732014010617,
            -0.3550513377540938,
            -0.31143324087991475,
            -0.18042505472854417,
            -0.161509194921362,
            -0.08753674230139889,
            0.16931810461949226,
            -0.28096435308638235,
            -0.28103123721471684,
            0.038840929928722505,
            0.27731880151401606,
            -0.3747560825231066,
            -0.22235447434122188,
            -0.3553270288000583,
            0.18683044296117923,
            -0.1249605325508036,
            -0.41160440967237677,
            0.2585673214209521,
            -0.015319107889840837,
            -0.4751765364067796,
            0.049264577809243204,
            0.05619639577690238,
            0.33167475701607096,
            -0.06800433288033333,
            -0.04886038321899342,
            0.13722258534150336,
            0.04090954114616048,
            -0.10377770257816119,
            -0.28416637156425506,
            0.15117108636690765,
            -0.08111771319320521,
            -0.3723327657849654,
            -0.7056166575648474,
            0.30476748677508586,
            0.1002370611099239,
            0.6776087485801047,
            -0.21044210764539195,
            0.06152281734871338
        ],
        [
            0.4540367592634249,
            1.0725804488782602,
            -0.5788112692041946,
            1.0764738339207616,
            -0.21465762034573338,
            1.558478250522691,
            0.37155108280826904,
            -0.2864019935312137,
            0.536024410135294,
            0.9074321729108804,
            0.22006646934416155,
            0.7472381608379378,
            0.4472327778658409,
            0.2837310244139519,
            0.7836388475790249,
            0.6127775231449738,
            -0.12914792902922753,
            -0.8368841602356084,
            0.20463966392613986,
            -0.7647753653234892,
            -0.8778797421515846,
            0.44305675485520873,
            -0.9269000045318737,
            0.9281962241416228,
            0.9797159657918921,
            0.11569626098240626,
            0.7822550829233033,
            -0.12527500108756287,
            0.46342655044294045,
            0.9429956416451665,
            0.38251231304862904,
            -0.2760222947036059,
            0.6871244059379371,
            0.6785833780311146,
            0.06262889946063459,
            -0.47048279559782014,
            0.6694719309099616,
            0.867404053538877,
            0.663450455115405,
            0.09021009506679034,
            0.7097820886263525,
            -0.30738138814223337,
            -0.2523085526062109,
            0.611437169377175,
            0.4675319088892815,
            -0.03409145783511501,
            1.029673660163,
            -0.3680086787149156,
            0.09846605897950599,
            0.7805178568240342,
            0.5915355075633137,
            -0.17967752941458678,
            0.5148875902698915,
            0.6662775930813793,
            -0.3540786950202074,
            -0.25641357551028604,
            1.1175795931775745,
            0.3052881020049442,
            0.06842628801806824,
            0.6818290219639404,
            0.36051298103279655,
            0.10322768176297475,
            0.42856104147097807,
            0.024689508640912537,
            1.0045318183735326,
            0.3489539285300657,
            0.10172915666125637,
            1.1415496872007107,
            0.9504742929007447,
            0.20374752400119497,
            -0.17834578166405876,
            0.14193204673806212,
            -0.3244694878953053,
            -0.524745488448469,
            -0.3353712657900268,
            0.10664364369600776,
            -0.180983727269708,
            -0.5769277662366823,
            1.115674477061936,
            0.9298116439917115,
            0.5234859567999826,
            -0.1262240505982422,
            1.105600895479815,
            -0.36174293417868075,
            0.25838700433011597,
            0.7626592123171662,
            0.162050246943541,
            0.8866033021537292,
            0.4289251286002571,
            -0.17037466821378075,
            -0.7757139229091182,
            0.8513548484144214,
            0.24765913874785847,
            0.8856201065947767,
            0.23487789314844307,
            -0.3468772593041777,
            0.7702928704522469,
            0.22640680423645343,
            0.8669899235750292,
            0.5035662036089834
        ],
        [
            0.4003066688875207,
            0.08790834507330031,
            -0.3157187535328808,
            0.017650016962711523,
            0.08960021629544894,
            0.37155108280826904,
            1.410972905463105,
            0.35198208825342375,
            0.39146209442014435,
            -0.06441792985925379,
            0.08265608511458084,
            0.04874892892520192,
            0.5467410280686189,
            -0.019276640277908454,
            -0.2802890583052154,
            -0.02233178091932132,
            0.2805755124899877,
            -0.29904114490197503,
            -0.31577179100507824,
            -0.5246689889278664,
            -0.2367315401821577,
            0.024633425142264465,
            -0.4585120286841066,
            0.6924879124688983,
            0.2068907719528635,
            0.018222463829758354,
            0.1884187473813749,
            0.10508629595755027,
            -0.1010177712315213,
            0.030209550334311806,
            -0.15236205467673258,
            0.3250496119719266,
            0.4700033672150544,
            0.17987151686061884,
            -0.05881457999558257,
            -0.09440474695550974,
            -0.45700844194203477,
            0.02364009446668179,
            0.12274578552108234,
            -0.2590264368742975,
            0.16068657689017443,
            0.07447725591196228,
            -0.40180862489947733,
            0.53374312888962,
            0.4702858536340643,
            -0.09833346281635735,
            0.4354919979608063,
            -0.25359512472089824,
            0.05499933094141712,
            0.22973754144742983,
            0.09751441144020477,
            -0.276260380580225,
            -0.2293746813143041,
            0.6231188541085535,
            -0.03806258059788625,
            -0.26845596002168093,
            0.6540295735060058,
            0.7930854372894083,
            0.27140457637388443,
            0.04480606374859943,
            0.1989041555313865,
            -0.08412834485642345,
            0.6624129652074832,
            0.5760531948052914,
            0.015743528096974418,
            0.12655796829627425,
            0.047948091105340644,
            0.7138509239164069,
            0.07181601073711566,
            0.16417957607434455,
            -0.3699126905274699,
            0.2335414595905303,
            -0.429926799924999,
            -0.640683555065616,
            0.13608328086080315,
            -0.0981395526870735,
            -0.27377202177168497,
            -0.27639866655182044,
            -0.1435723448301806,
            0.7348853871824662,
            0.2802270895488304,
            -0.3431390836091428,
            -0.06776185721400912,
            0.045267177935454754,
            0.22938527668535783,
            -0.005354331717007955,
            1.406745636059498,
            0.296700413009484,
            0.6063110729045581,
            0.1130952129327177,
            -0.7268573031995793,
            0.35952603469454714,
            0.15818704355313043,
            0.48036772417559276,
            -0.547617426035754,
            -0.012026091289930454,
            0.14448765012034412,
            0.8998426202789527,
            0.001613559714801127,
            0.3050428991349218
        ],
        [
            -0.014033202969013886,
            -0.29032848988481835,
            -0.010727061990988749,
            -0.20689140047617383,
            -0.13629452515333335,
            -0.2864019935312137,
            0.35198208825342375,
            0.5688521821559488,
            -0.2766433548222291,
            -0.03655304314628309,
            -0.13385844640000044,
            -0.3646316868744301,
            -0.0015109516367899033,
            -0.3063950190340016,
            -0.3765007023648836,
            -0.2969220512698509,
            0.13982484972088038,
            0.21489301265821853,
            -0.14811299650485477,
            0.18601124000966346,
            0.3901498257942837,
            -0.18604224275549375,
            -0.03604303620136719,
            -0.08257445532544701,
            -0.2878737674323689,
            -0.05785158235697371,
            -0.28944979366587914,
            -0.20722176835755834,
            -0.12839106406044856,
            -0.1664480133216881,
            -0.28242633804442957,
            0.032381975889261685,
            -0.24583998021363737,
            -0.3158888132013019,
            -0.05559778452410315,
            -0.0437511250356114,
            -0.43281693506898056,
            -0.2536021035765932,
            -0.354480423183673,
            -0.192984318770397,
            -0.287812776209475,
            0.5463203749127045,
            0.04921530051756461,
            -0.39273275207173874,
            -0.08774148430829651,
            -0.06087684818451104,
            -0.25636413333439895,
            0.050023162288974764,
            0.1384207012365819,
            -0.18711069801974792,
            -0.29285480067379477,
            0.11451219899759019,
            0.006817391118004739,
            -0.13674012132108482,
            -0.015807059021473183,
            -0.1301886613326821,
            -0.022418859713248945,
            0.15844753006206608,
            -0.09019901705209021,
            -0.2396008014517676,
            -0.07234679541094198,
            0.16906650202173423,
            -0.11019254582297552,
            0.42235411943275786,
            -0.3246327809351898,
            -0.24106316656943405,
            -0.03449991749498807,
            -0.13165773941884693,
            -0.4166723935531718,
            -0.22792453181565178,
            -0.20987215177540355,
            -0.18544008014192492,
            -0.16795676129539036,
            -0.17463347577027366,
            0.28998014661463895,
            0.04840850426628954,
            -0.3065913306683037,
            0.20826349652415305,
            -0.36813336311344363,
            -0.17159547960553584,
            -0.01316619396968683,
            0.13374352139076834,
            -0.3121946689719558,
            0.11540358839121925,
            -0.062465459021699817,
            -0.20377465602929476,
            0.47932893468318316,
            -0.28739061744050637,
            -0.010648322469228932,
            0.2788160577988314,
            0.023971218436009672,
            -0.21855829075931146,
            0.20014856240463216,
            -0.17221524304378139,
            -0.11429932212858515,
            -0.09685084794742589,
            -0.34562958359459856,
            -0.06102566308522577,
            -0.08551002311616127,
            -0.07643726385995768
        ],
        [
            0.2709280353779628,
            0.4064099030554234,
            -0.25132520793285196,
            0.22361664257431066,
            -0.06245993825193373,
            0.536024410135294,
            0.39146209442014435,
            -0.2766433548222291,
            1.0486966164457603,
            0.00605428996819679,
            0.49774899340989937,
            0.3177061191939717,
            0.3778632744898766,
            0.2890861447267475,
            0.5000545197438676,
            0.1540433428142275,
            0.3096413236289495,
            -0.44379947083522564,
            0.10050228648293327,
            -0.47598619733718817,
            -0.9762319275884151,
            0.15858637984893498,
            -0.44530268417865987,
            0.41358523551500004,
            0.4734826471602398,
            0.5463371304796267,
            0.5352920608360939,
            0.1169408087944007,
            0.17827680061136192,
            0.08109839231526277,
            0.25401992572186083,
            0.20373593337115883,
            0.6611194532294093,
            0.6889451904964459,
            0.04440517765046812,
            -0.005059030933764314,
            0.19193039981943957,
            0.2072353994927712,
            0.502948342463651,
            0.3226585534175883,
            0.435705807766987,
            -0.44178633753922275,
            -0.4916770078954954,
            0.622856201721811,
            0.3740739587139662,
            -0.16444753293055894,
            0.46965249790458075,
            -0.49347772999749046,
            -0.23722361956474894,
            0.30668600868388496,
            0.878476775531003,
            0.2813776973384063,
            -0.2521663134793209,
            0.4822184000113614,
            -0.15048865547102075,
            -0.06534784921887407,
            0.578107060582516,
            0.3674561992700886,
            0.34956073711396224,
            0.43031063503030936,
            0.5179945002497851,
            -0.1780346127108721,
            0.3592598623435787,
            0.42535833687010544,
            0.6392603090262016,
            0.41054155545421467,
            0.11143422973883005,
            0.5860681883817052,
            0.8158305643656214,
            0.37212128055033616,
            -0.1465534030356632,
            0.6280075997536024,
            -0.40092161732756826,
            -0.2521321612859563,
            0.22281158362948278,
            0.4538437102866322,
            0.2609088514997421,
            -0.1357058939830465,
            0.3448377315905926,
            0.6336469935180536,
            0.430499188301725,
            0.027271011725412644,
            0.36178129770255885,
            0.29729579660902655,
            0.053199027163928735,
            0.41408823283283014,
            0.33224414146242637,
            0.7238297101825115,
            0.5400335118659237,
            -0.2578688740065331,
            -0.45255881794925396,
            0.6634484054755913,
            -0.13361338183113514,
            0.5226262144135434,
            0.26307141818714397,
            -0.2537436835287846,
            0.41395873136125616,
            0.5975419856739329,
            -0.007646907766156449,
            0.31061030045251625
        ],
        [
            -0.10820102080200329,
            0.715625065208854,
            -0.7815005516241241,
            0.7128473490620666,
            0.08411927183417767,
            0.9074321729108804,
            -0.06441792985925379,
            -0.03655304314628309,
            0.00605428996819679,
            1.5265365990033366,
            0.017280434988515947,
            0.7507914524263894,
            0.30534203373192836,
            0.3780728723949823,
            0.8734308673351364,
            0.3969408653208313,
            -0.3875104362221492,
            -0.9257909858475543,
            0.003751386029437887,
            -0.21206327754382245,
            -0.08471932678987412,
            0.2735585211020438,
            -0.8955838751884092,
            0.565726614724169,
            0.5877266216859115,
            -0.2787082229267169,
            0.2935695658881458,
            -0.09308617972611527,
            0.6638714966833481,
            0.8454412554049533,
            0.3731270273226592,
            -0.10689179550634667,
            0.061788176199464084,
            0.2998295911652128,
            0.0011589834511479527,
            -0.21800746889231476,
            0.9140903902175603,
            0.7451273188473352,
            0.7423644444516443,
            -0.04242672632619536,
            0.3427686553784195,
            0.02520796207600169,
            0.22549734747352376,
            0.3925822051938792,
            0.655000249451502,
            -0.042532404171296744,
            0.599055605618606,
            -0.18795118218858217,
            0.7672710412330478,
            0.6783606395635496,
            0.5357160337793041,
            -0.29865081299883195,
            1.2079939271625102,
            -0.02646376598476957,
            -0.45799209270713553,
            -0.2780986736204981,
            0.7205011488798209,
            0.18236260750847255,
            0.13789624792183697,
            0.3345912250584172,
            0.6159355458135245,
            -0.24627316902620136,
            0.1574216031747299,
            -0.29347280868411,
            0.7510116331674975,
            0.08987076082560291,
            0.2853491655211821,
            0.6086342591576487,
            0.44495355392135433,
            -0.28999574847576576,
            -0.5813975666013843,
            -0.06966509236106845,
            -0.665729556347198,
            -0.5303429489488306,
            -0.40173672126931564,
            0.017640256659023683,
            -0.23233245740614228,
            -0.31191607071187594,
            0.7717771682603982,
            0.439700977329394,
            0.003278053965902069,
            -0.29796392953322454,
            0.9791381916527683,
            -0.43542625732741075,
            0.23913351012927725,
            0.35152514079825165,
            -0.13976874478191248,
            0.40334404620828435,
            -0.06044410849090324,
            -0.2629529539960904,
            -0.40234549259975183,
            0.7773710308258053,
            0.08914565436400385,
            0.5745446872072845,
            0.24673915619016745,
            0.10126048114784186,
            0.360742180915952,
            -0.13656250360577182,
            1.0089419160619209,
            0.3556366887259146
        ],
        [
            0.30946125551584014,
            0.05603441623916524,
            -0.14426795791536995,
            -0.15721182768194006,
            -0.14349855425341046,
            0.22006646934416155,
            0.08265608511458084,
            -0.13385844640000044,
            0.49774899340989937,
            0.017280434988515947,
            1.2384999965603274,
            0.3025579388683185,
            0.29912252678871276,
            0.12136260486521945,
            0.5937861874072782,
            0.4433934343398371,
            -0.03885855091457185,
            -0.11639595464096253,
            -0.133084467541232,
            -0.19754163434925529,
            -0.7114765072284619,
            0.18975479723343563,
            -0.23830286104160414,
            0.4347965725340312,
            0.18989311821981175,
            0.3320394153056304,
            0.24111091722489902,
            -0.2399833867178066,
            -0.3607823403925366,
            -0.06840858358425833,
            0.8375859626437269,
            -0.20622832459608229,
            -0.13827925393112675,
            0.3641913236596437,
            -0.06533769727854542,
            -0.6080915328482418,
            -0.224292069435858,
            0.047503692086523705,
            0.02545816796087659,
            1.3664401278422533,
            0.38738255469757643,
            -0.43415768713876873,
            0.1303535701774435,
            -0.0756089622870224,
            0.503020340598556,
            -0.04118815682346867,
            0.25132303524167476,
            0.24447920575066337,
            -0.3195638551782006,
            0.47680920782959335,
            0.09682140265377709,
            -0.27825517937651423,
            -0.03440859732744258,
            0.16077466330382556,
            -0.12732847411293322,
            0.08515769841968153,
            0.2070331804779386,
            0.0037047448217452546,
            -0.2530768527700832,
            0.5217836484457189,
            0.0013119436823882755,
            0.2275751241089354,
            0.03407676743417344,
            0.2824100877573367,
            0.09745998863726353,
            0.3473251073953012,
            0.07915963366266406,
            0.36711294127976346,
            0.20889907315769815,
            0.5691759168033028,
            -0.3052167917612977,
            0.002670780110911651,
            -0.11335597655550872,
            -0.592906585935695,
            1.0362558630289935,
            -0.2335226211615238,
            0.12603494462756254,
            0.029817797835250504,
            0.290391026679528,
            0.4095866209758388,
            0.19252160453763673,
            0.4395311103049317,
            0.12273326189570466,
            -0.3302998093907237,
            -0.29667838660109463,
            0.331672791199825,
            0.07782124598802324,
            0.5063012559489467,
            0.21643064156211808,
            -0.10760911891351506,
            -0.5449902610778843,
            0.24737766233955907,
            0.19129969698301785,
            0.13198573771723665,
            0.0489107138264511,
            -0.5149965456179317,
            0.42582115388459324,
            0.11052311103214413,
            0.06620565104362675,
            -0.12607303392547706
        ],
        [
            0.3441720935804053,
            0.7856714223917982,
            -0.28754747717585477,
            0.30801005717426694,
            0.15212711927941902,
            0.7472381608379378,
            0.04874892892520192,
            -0.3646316868744301,
            0.3177061191939717,
            0.7507914524263894,
            0.3025579388683185,
            0.9397305492211699,
            0.5122714548609726,
            0.37234523604407893,
            0.8649625358224814,
            0.6515435280814195,
            -0.39999097429103264,
            -0.5807941220589946,
            0.08928230808417999,
            -0.4376566930433094,
            -0.6922781045886003,
            0.3850802163085184,
            -0.22980065044016618,
            0.7724020979605926,
            0.7423393022708148,
            -0.08208626439633207,
            0.5597826416399512,
            0.23574994382542544,
            0.2213225793336624,
            0.4795420724376324,
            0.534958490786977,
            -0.19470132877635624,
            0.08674045007311076,
            0.5715666861642373,
            0.05267629855719253,
            -0.21503082619663913,
            0.7348356956272829,
            0.6892350908085098,
            0.5748420708347869,
            0.1105075952231414,
            0.5655660109225551,
            -0.6210457307654176,
            0.36690312267157554,
            0.4923982400315115,
            0.8211864466690658,
            0.2504831278693581,
            0.717980303076369,
            0.03147971412924732,
            0.14273968832545725,
            0.7966853320179439,
            0.318414875111789,
            -0.3735631824244375,
            0.5896048038714363,
            0.26266191529218935,
            -0.13000777653444331,
            -0.003112862868106837,
            0.6012021231735589,
            0.15258677618330796,
            -0.05540821705403535,
            0.6545627090169812,
            0.23466090710196433,
            -0.33488862571231043,
            0.5750537221266685,
            -0.2560934765502412,
            0.545067615647566,
            0.4484639562797023,
            0.2168081717780622,
            0.6996290034017771,
            0.5418780506311976,
            0.4531109022118264,
            -0.14479381799194546,
            0.09986099663736564,
            -0.006198435666388605,
            -0.5017000049079078,
            -0.4024200002814254,
            -0.06446606870209559,
            -0.05520723228532684,
            -0.7197352884396796,
            0.7369452695661827,
            0.641144242418216,
            0.17437997437796676,
            -0.3620299559607184,
            0.7548101086515686,
            -0.39432138927483,
            0.15909238168078305,
            0.400195384606779,
            -0.06482154372862044,
            0.6625575445324533,
            0.08880367006797643,
            -0.22022875406356027,
            -0.47676729926832884,
            0.782384673940562,
            0.0702531363033124,
            0.6200530318620402,
            -0.03540634702918767,
            -0.19571892921453973,
            0.7103912434799189,
            0.12031141829917814,
            0.5752970316943091,
            0.31794995468270404
        ],
        [
            0.5063762589469744,
            0.4519522697279287,
            -0.23808980745068217,
            0.06497216563394599,
            0.506319352881639,
            0.4472327778658409,
            0.5467410280686189,
