{
    "pos": [
        [
            1.9231021273533468,
            0.0034610187189441388,
            0.03201895439164396,
            0.06351878002546525,
            -0.1024561381454223,
            -0.22151372888940074,
            -0.42833372934047426,
            -0.1680895513050846,
            0.12050068020506846,
            0.16299068049902457,
            -0.22866883296162782,
            -0.2908824176217118,
            -0.24097023629089404,
            -0.18420222394563682,
            -0.3443517492232638,
            0.23382191021414872,
            0.24421331626248968,
            0.14158553955283473,
            0.20873971623474888,
            -0.3407972368357132,
            0.7881640121480085,
            0.00596028078090301,
            0.16487315734338256,
            -0.25217987336289627,
            0.24239438935643723,
            0.10975774728811569,
            -0.37662351991636966,
            -0.08069809714038155,
            -0.1796482386151439,
            -0.29368265273431254,
            -0.2566088367680217,
            -0.2893522787359761,
            0.010066317390851945,
            -0.3859852798584641,
            0.22754944033292482,
            -0.18589007788054496,
            0.266483505850939,
            -0.09027930253396921,
            0.2577072518025894,
            -0.18296097136530826,
            -0.4100443707311315,
            0.7245601665860901,
            -0.06367496125595755,
            -0.020426646031279905,
            -0.06199808867066462,
            -0.20655060948315015,
            0.4090839223408318,
            -0.32578416083325423,
            0.27458245825248484,
            -0.010364826109520867,
            -0.3687599726095606,
            -0.33012773038167703,
            0.08119442517286767,
            0.40620271243133,
            0.09745954007984958,
            0.5013000801459215,
            0.5823415375590136,
            -0.19271865242832398,
            0.21541338910477906,
            0.4844710918273639,
            -0.04047103275187866,
            -0.19041515801545256,
            -0.1927916210812467,
            -0.07474592531280135,
            -0.17087460779607064,
            0.4539810036134811,
            0.0055898093630904755,
            0.28291509852305496,
            -0.25450113933163787,
            0.2371191946244677,
            -0.08039615308139964,
            0.21809823800003336,
            -0.06220495947782634,
            0.5270895462265827,
            0.36091995642054064,
            0.1917789674986167,
            0.06277638750260355,
            0.16747781011571256,
            -0.1944805626386776,
            0.2986493531372839,
            -0.27289593135480156,
            -0.28417411874564785,
            -0.0725250614360326,
            0.5595122190644285,
            -0.33562324086969625,
            0.9242948321783377,
            0.027731372425507234,
            -0.18362479012919353,
            -0.011071576141540973,
            -0.09575516323938693,
            -0.2052136673284519,
            0.5608537780873529,
            -0.20261233968464423,
            0.5646207791092757,
            -0.186923249956572,
            0.45279192095716164,
            -0.047703154612467186,
            0.34510509015680607,
            0.007648811923743171,
            -0.07830656765607316
        ],
        [
            0.0034610187189441388,
            1.6996654848136112,
            -0.19891123523069434,
            -0.09683172446775194,
            0.21217874937140285,
            0.20433539983587268,
            0.6244095858836174,
            0.24728891837256708,
            0.20260750516475756,
            0.07932984585171343,
            0.3778999725822029,
            0.3209803191506158,
            0.4632951348543046,
            0.3209473240942275,
            0.3367500487132869,
            0.27683703963831835,
            -0.01980942047082583,
            0.2811945966927852,
            0.6264634876273732,
            0.124499299074672,
            -0.16726693655974603,
            0.12441508098694076,
            -0.2255136333970093,
            0.40317138710276934,
            0.11052338102670753,
            -0.1281635950682229,
            0.3413842361528998,
            0.02584407139204912,
            0.1020199312130338,
            0.022428782947208414,
            0.2747343010251039,
            -0.6629441555382407,
            0.012780817385975059,
            -0.31336034620788067,
            -0.12766365662367396,
            0.3554579563762074,
            0.17485420942911625,
            -0.3587637340327637,
            -0.22887070781992108,
            0.48711661990987803,
            0.5736637407731222,
            0.08637774448793571,
            0.2710756951753811,
            -0.1663654828654401,
            0.2955269987789656,
            0.1584417915957695,
            -0.41271725160448375,
            -0.15962475221056224,
            -0.3946333036009112,
            -0.32508519341663417,
            0.1957924527973223,
            0.4528452836886463,
            0.2970250550937539,
            0.5941592958331637,
            0.04715634082185963,
            -0.4357485946173224,
            0.31169411165544386,
            0.3079697682417919,
            -0.09844274441332712,
            0.3275176412253745,
            -0.1214783409018552,
            0.1548652673452499,
            0.45313305691596234,
            0.07739949352035166,
            0.2339498676170779,
            -0.05942998281835783,
            0.14175431727813373,
            0.06185256801365165,
            -0.07143783397437599,
            -0.19011820521666786,
            0.3123650203134658,
            0.3257800565236343,
            0.24798164228502576,
            -0.12406747015783066,
            -0.015381574038983025,
            -0.13283464621084656,
            0.10298125280278003,
            0.3465541587830241,
            -0.23237220506983292,
            -0.5231304199664747,
            0.316702220795187,
            0.2354748354402798,
            0.5223491965143944,
            -0.23149043622671123,
            0.30678986976510836,
            -0.07052781330222212,
            0.11870017626586499,
            -0.1467937601002685,
            0.5823035143345626,
            0.1860615917216997,
            0.16559044728330716,
            0.4358900825602099,
            -0.0960665889870882,
            -0.21684947642702657,
            0.5813369297519965,
            -0.2662404437902376,
            0.21875849902183617,
            0.1570280318065072,
            -0.07424180299063077,
            0.34873298736850644
        ],
        [
            0.03201895439164396,
            -0.19891123523069434,
            0.7166399337705137,
            -0.06358528655940117,
            0.5667788733171378,
            0.2618220640763393,
            -0.1042495426514734,
            -0.0017432408762973692,
            0.16313640725008116,
            -0.17914345992554132,
            0.362180042407649,
            0.03462548597683376,
            0.09056393026581112,
            0.2522861079003137,
            0.3004778774795084,
            0.43271358172616503,
            -0.2363445833215262,
            -0.02400397461799759,
            0.029941658054213817,
            0.1584281921985504,
            0.1417479611912017,
            -0.2689932461463351,
            0.5655008740413487,
            0.038151221560559494,
            0.13032867808885337,
            0.10998806377724969,
            -0.07252657428725466,
            -0.03480131882429137,
            0.1658328430762607,
            -0.14407996818810204,
            0.25816356841588295,
            -0.48717918228636237,
            -0.30656083702618536,
            0.13519925232783025,
            0.06955929532593139,
            0.046184535754139784,
            0.23027965543515622,
            -0.21018839597791958,
            0.19727578878021632,
            0.14320991124815804,
            0.01246435677874684,
            0.39331706183519,
            0.2254421258602434,
            0.2814026218237295,
            -0.14253513268389081,
            -0.04017632319191978,
            0.6432134045629172,
            0.3400372481742899,
            0.2512711247318883,
            0.06182681693140397,
            0.056539356783177896,
            -0.030130970883204124,
            -0.3219316961001112,
            0.30598618563068125,
            0.08822679972385519,
            -0.1581193421023032,
            -0.2770032818030886,
            0.0017686651962871478,
            0.2553783594430689,
            -0.2692731407648289,
            0.20570022753551512,
            0.13673154170785753,
            0.02889985209467184,
            0.34244269492331975,
            0.12818380352241357,
            0.38688043556681645,
            0.16951195716367776,
            -0.41306206178368327,
            0.039352218020695585,
            0.2081849816290907,
            0.2783459850844954,
            -0.14688173230987628,
            0.238187461410492,
            0.13453113815705992,
            0.1846812369611676,
            -0.07787778062040873,
            0.17176030085200672,
            0.07894362448649724,
            -0.15273849586165578,
            -0.2644448871002132,
            0.13112488814018167,
            0.2765728959730442,
            0.2847340471922672,
            0.2795762021910535,
            0.026728853227556547,
            0.24120076416537864,
            -0.31753765223761393,
            0.4028286695469458,
            -0.11934603501316411,
            0.5824915069555352,
            0.2540563862198916,
            -0.27236033814499466,
            0.4634904847422968,
            0.3841763661331966,
            0.023628660064504398,
            0.03336510152511598,
            0.33698927328077566,
            0.489445876618701,
            0.37917448184485625,
            0.1531562233256579
        ],
        [
            0.06351878002546525,
            -0.09683172446775194,
            -0.06358528655940117,
            1.0227543857967305,
            0.22531178977779096,
            0.1425126238659853,
            0.04312897160073345,
            0.09386823781953797,
            0.28575985755023964,
            -0.28385551882810484,
            0.28795362250549283,
            0.1126817163516357,
            0.2875033720038303,
            0.13130509239362861,
            0.3136474953459021,
            0.017709177820366757,
            -0.16784368040266345,
            0.21692870140505793,
            -0.079749460794853,
            0.011552426779114609,
            0.20339426100416,
            -0.21179122852931123,
            0.08661931845489264,
            0.20055601410104382,
            -0.2757153523168568,
            -0.19211960689590288,
            0.17630956395876976,
            0.03460447623215476,
            0.06792540441487677,
            0.1962540877535352,
            0.31599145820105884,
            -0.3561822636733619,
            0.09708466833063042,
            -0.0005986459869945606,
            0.04312819319282876,
            0.28054353348646865,
            0.39419998147402496,
            0.08665946402077014,
            -0.11986011104673402,
            0.28600325607695715,
            0.2103195823036001,
            0.0205380399144098,
            0.17179683578913874,
            -0.08024195479003782,
            0.3207388891963855,
            0.008737227018906005,
            -0.031766929202170474,
            0.15318706439532223,
            -0.10413356924644011,
            -0.09876702988081147,
            0.30044513408650836,
            0.1432671874727535,
            -0.10401197442122033,
            0.21535003070986564,
            -0.05500236066655134,
            -0.37997139015015197,
            -0.07220574501482145,
            -0.2046555764268516,
            0.1957323748409879,
            0.005820458459128012,
            0.08081519686959578,
            0.027320512974148614,
            0.046712032963421406,
            0.1477595642603078,
            0.16954404361826383,
            0.13248741515015866,
            0.0032159492248032,
            -0.1771779849754882,
            0.20688925501409472,
            -0.09960110392421688,
            -0.2844055400610748,
            0.03961758475930584,
            0.17488286935871014,
            0.05684509025273561,
            0.22789187896282026,
            0.024013529955586227,
            0.08724606859644272,
            -0.0260799277966391,
            -0.18063329821071267,
            -0.0635784846908509,
            0.07148424815077523,
            0.10141867433499407,
            0.42173635615047356,
            -0.10295810752974244,
            0.10205208287423588,
            0.20674359013373497,
            -0.23168596112155013,
            0.205085089086523,
            -0.1415248024581607,
            -0.14003791606285854,
            0.18182217542241824,
            -0.039419170245737226,
            0.36857672555804855,
            0.2978413784060489,
            0.25794852381759337,
            -0.22408062318252048,
            0.16140871369971277,
            0.19161560011494452,
            0.05874426314139822,
            0.2935175593440927
        ],
        [
            -0.1024561381454223,
            0.21217874937140285,
            0.5667788733171378,
            0.22531178977779096,
            1.3491470384739193,
            0.3921988808836712,
            0.410574823446919,
            0.2963703089736179,
            0.41646194766730205,
            -0.39807886293648254,
            0.7154899566839344,
            0.06740865296430446,
            0.49515607891939584,
            0.35299356749860034,
            0.9873994885907931,
            0.3003232945699483,
            -0.3187341847547729,
            0.3755532634305379,
            0.27909672833080795,
            0.22706495253873113,
            0.04937197459145731,
            -0.42224861767785393,
            0.8025231525055502,
            0.5076220848624567,
            -0.343595139439246,
            -0.08487285930401595,
            0.2923734636905787,
            0.0832774238200352,
            0.5551734991812628,
            0.2508489646031598,
            0.715655153961919,
            -0.766008072514924,
            -0.38793341227149664,
            0.21160502817021892,
            0.1902743977203482,
            0.4112527579745228,
            0.5475209433239097,
            -0.12751791895330897,
            -0.08434545404272431,
            0.5872922655123699,
            0.47182346373444767,
            0.2760786695021079,
            0.5122887149921381,
            0.0013209767669971984,
            0.17183299487031,
            0.027156402901156586,
            0.4932503707271624,
            0.5288838891370591,
            -0.07676408490396423,
            -0.2534611095172985,
            0.7360266444917278,
            0.6922280426528639,
            -0.31506852237334965,
            0.6711906666554743,
            0.03547689807455568,
            -0.5229687110932099,
            0.038168869277644915,
            0.05312612074881179,
            0.13455245973455007,
            -0.1486840898971835,
            0.13701904594574604,
            0.5086045565614206,
            0.18648040330763255,
            0.9066766334691247,
            0.3820530805158056,
            0.2150462445523717,
            0.47515232072418206,
            -0.5106395460810963,
            0.7625008380699762,
            -0.06153640890419419,
            0.16370773568811964,
            -0.16911838311682087,
            0.4854300708601445,
            -0.1319515400715267,
            0.15139861404155014,
            -0.08598514617450886,
            0.200318959590862,
            0.33140845507400185,
            -0.35160783275084284,
            -0.40063364520463673,
            0.20887207632188567,
            0.4072661887512638,
            0.6101066243701915,
            -0.08426706962639482,
            0.31148826651130135,
            0.1129929429754963,
            -0.5163782926072569,
            0.8357599502332984,
            -0.015936241542845835,
            0.5982559427778761,
            0.5836672763604311,
            -0.21489158117334983,
            0.8249872545615244,
            0.6797856956689906,
            0.4354219467924844,
            -0.41588993010258424,
            0.7606502208457502,
            0.6798477399462225,
            0.38394354205901343,
            0.47885139096912943
        ],
        [
            -0.22151372888940074,
            0.20433539983587268,
            0.2618220640763393,
            0.1425126238659853,
            0.3921988808836712,
            0.9095999511154256,
            0.5642880979352952,
            0.5382259334669999,
            0.4209343976472965,
            -0.46792441411782554,
            0.7353841018976855,
            0.729878585069959,
            0.8421476548499152,
            0.6605981656189495,
            0.563929491630984,
            0.8479123891395608,
            -0.40255272051744473,
            0.6367070813518619,
            0.6124150708539816,
            0.7795218691184773,
            -0.18418377112920623,
            -0.37062869914067614,
            0.031228678500601972,
            0.5337370833052895,
            -0.4382373994909304,
            -0.3731091326376119,
            0.3932519407623908,
            0.26986222045665637,
            0.3799119790312811,
            0.33735246832626786,
            0.7233460865473367,
            -0.692881616952845,
            -0.392166217406096,
            0.42719503852571017,
            0.22884876362217796,
            0.7092207963286171,
            0.5299463169343421,
            0.013472367233335511,
            -0.4165254957131787,
            0.690428855303553,
            0.7270221366512161,
            -0.0397851202218374,
            0.8467844045864239,
            0.32356518672563434,
            0.15710879028325964,
            0.1737408359212576,
            -0.1726086852327463,
            0.7218760089079855,
            -0.47555945014403356,
            -0.18968629461449416,
            0.4446723274103654,
            0.6081212198138543,
            0.3316304390567136,
            0.7747320093587664,
            -0.03671999129586739,
            -0.38661250732889524,
            0.1910649073453834,
            0.19783245523894846,
            0.3195813276931335,
            -0.2390304079377299,
            0.27152682911873116,
            0.527255963044092,
            0.8058666799118831,
            0.6296402740948368,
            0.781319016669369,
            0.06270230171014048,
            0.785161738838093,
            -0.6231035904767067,
            0.46893532078686556,
            0.19405682423923037,
            -0.04621843166172587,
            -0.1816816391294127,
            0.7446162772662713,
            0.27559513003347624,
            0.3677367964090998,
            -0.27464005874585357,
            0.3142874152074112,
            0.4878361686003499,
            0.010590595288128422,
            -0.5267810582075347,
            0.336058803168998,
            0.8648567281661137,
            0.7562524826709417,
            -0.39227884969013266,
            0.5957999735040279,
            0.13492801059039625,
            -0.517387061819992,
            0.16709356963725633,
            -0.16498775024091816,
            0.2565399185839446,
            0.635605319993443,
            -0.11585845339524166,
            0.1511095393486832,
            0.010309317725732577,
            0.6789371371357629,
            -0.24109187811398497,
            0.6745636587777921,
            0.3495218136951754,
            0.2568557121936309,
            0.7293027538295589
        ],
        [
            -0.42833372934047426,
            0.6244095858836174,
            -0.1042495426514734,
            0.04312897160073345,
            0.410574823446919,
            0.5642880979352952,
            0.9991137735282096,
            0.5795165405229783,
            0.19203117028685168,
            -0.2566318514238124,
            0.6260771508428647,
            0.5548709746906858,
            0.7550088921239569,
            0.5250400537028497,
            0.6669004371842236,
            0.2791433723051831,
            -0.27809550290882284,
            0.6491718917139626,
            0.6337104117008598,
            0.6750512387181858,
            -0.4537706002536377,
            -0.26336490769455906,
            -0.12277450029012478,
            0.7212993114358401,
            -0.5475388772105914,
            -0.3981498770751835,
            0.6848389665941887,
            0.19764496151512917,
            0.36308975824417333,
            0.7219603550399514,
            0.6215516864644732,
            -0.22146796530961424,
            -0.14751982678337944,
            0.2750550103777669,
            0.15668658425667645,
            0.5917900691426533,
            0.2155161833526409,
            0.06842315811629555,
            -0.4502025535994737,
            0.7083275352754709,
            0.8354168890750298,
            -0.24857516625555456,
            0.5621778457223893,
            -0.10852129079836205,
            0.21358748901241434,
            0.2565294832736097,
            -0.5186652186229563,
            0.38940101304614855,
            -0.6191368622565484,
            -0.38147803819625803,
            0.6346283140680632,
            0.8758630583691006,
            0.30956135059217404,
            0.4320905095097786,
            -0.06080057247336842,
            -0.4691501416974078,
            0.5034690852192646,
            0.4023854186147178,
            -0.10294619618898258,
            0.13927000750417037,
            -0.041478579659243946,
            0.6476101047486374,
            0.6770978687073196,
            0.5633601527970445,
            0.6686703694007281,
            -0.14167903689768285,
            0.6604686803069817,
            -0.24513612378386856,
            0.6897735915264355,
            -0.0056093804973141774,
            0.19447979168801066,
            -0.11899720084225228,
            0.46493358583029254,
            -0.09924073035597408,
            0.11804686260255562,
            -0.2802854916954283,
            0.12947358466438158,
            0.4814872581605073,
            -0.159379692668081,
            -0.2813368648103809,
            0.3147528975584737,
            0.5640091363356246,
            0.5888180290945954,
            -0.6069704841064388,
            0.6426370002207363,
            -0.23658584027923876,
            -0.34183932907947695,
            0.09470657428638052,
            -0.0041378529219717256,
            0.05920167995604217,
            0.5516499026707696,
            0.08160105831917719,
            -0.018168301869495328,
            -0.09880341653176702,
            0.7393715464084294,
            -0.5045341235440861,
            0.5671779247315767,
            0.17493052905371076,
            0.05308211022922819,
            0.579676315826428
        ],
        [
            -0.1680895513050846,
            0.24728891837256708,
            -0.0017432408762973692,
            0.09386823781953797,
            0.2963703089736179,
            0.5382259334669999,
            0.5795165405229783,
            0.6556378762129341,
            0.27472393842018855,
            -0.306757460484562,
            0.5389602919853966,
            0.4124520190649879,
            0.5933140363852308,
            0.4056907448040871,
            0.5281264862378063,
            0.3262017206166377,
            -0.21088547207334177,
            0.5872971992005812,
            0.43566548792364773,
            0.6398074636524013,
            -0.1830360692273262,
            -0.09365142337629222,
            -0.0659937714174632,
            0.4709246621796432,
            -0.5093763116409159,
            -0.4294613202059943,
            0.4127296340901269,
            0.2688994731484548,
            0.428928044419477,
            0.4979642141899066,
            0.5256283688930118,
            -0.1969064093643139,
            -0.18745072416025174,
            0.26608446130226365,
            0.3229420771690712,
            0.5472409017777539,
            0.2791270955478132,
            0.16510487211102726,
            -0.41144433978586664,
            0.49443919472052317,
            0.6126003812037072,
            -0.06707750767753626,
            0.6435783401687737,
            0.030260169689479092,
            0.13737147522325077,
            0.0696894159747873,
            -0.34777699040473464,
            0.3361164913240719,
            -0.4359334122227736,
            -0.1399638822300182,
            0.39882299306117097,
            0.6095677082797856,
            0.3942277064833667,
            0.36296870820712024,
            -0.06268701307542662,
            -0.13514176482560963,
            0.5294430908058159,
            0.21302549194325157,
            0.07955399614566494,
            -0.0907219454770666,
            -0.017563668519336793,
            0.5714399006665819,
            0.6489043000632301,
            0.5688312985539412,
            0.6020788554830913,
            -0.1290429864485909,
            0.6507206396645273,
            -0.29002186132357144,
            0.5206582583872386,
            0.0339175677335416,
            -0.06103664289564215,
            -0.14479515719472086,
            0.4878331461964547,
            0.1947345415994169,
            0.12598930963949923,
            -0.14169783415066273,
            0.21477839025142942,
            0.4185101447450025,
            -0.010482028595831734,
            -0.11355095789755403,
            0.21281649644849862,
            0.48405468111873523,
            0.48107768850327726,
            -0.5002328716639967,
            0.46756496867291825,
            -0.06810101207000335,
            -0.29939820799571204,
            0.10580458527935713,
            -0.03033998530935068,
            -0.006825959966930809,
            0.49163918746833435,
            0.09559997110419972,
            -0.09616319274114195,
            0.06104965105697918,
            0.5095043682329292,
            -0.046807339144331606,
            0.5305142907628537,
            0.14888377429271893,
            0.036788310967347436,
            0.49199561327007224
        ],
        [
            0.12050068020506846,
            0.20260750516475756,
            0.16313640725008116,
            0.28575985755023964,
            0.41646194766730205,
            0.4209343976472965,
            0.19203117028685168,
            0.27472393842018855,
            0.7386488830180943,
            -0.45665159488609475,
            0.3866223154302608,
            0.2193851854939045,
            0.4561253737243919,
            0.2640575857957016,
            0.43553125967916567,
            0.4283208172732533,
            -0.4101909414541975,
            0.27855362967115893,
            0.3100194935495573,
            0.21177761680838691,
            -0.008311112933325737,
            -0.011879310073626281,
            0.3021428253882757,
            0.2992999261420617,
            -0.12517407007156187,
            -0.14581279472432837,
            0.08864750016153618,
            -0.06685647052540111,
            0.2596113547575365,
            0.22467900721887776,
            0.46977832810828424,
            -0.33409499935282844,
            -0.3544172457300304,
            0.1663790690802536,
            0.22269481247954478,
            0.4502626533388965,
            0.56385446314079,
            -0.07854426737243374,
            -0.2031949395483133,
            0.47296245459212005,
            0.3922555261580174,
            0.16896140233419565,
            0.35068647122390567,
            0.05227182147741884,
            0.24461052323524538,
            0.12633443331252903,
            0.08528057315005164,
            0.46703259660408286,
            -0.2710388956072475,
            -0.26657567446764563,
            0.3312694614259878,
            0.29584273400530015,
            0.11418213069493365,
            0.4352018784874225,
            -0.02185677672201441,
            -0.31301823409205026,
            0.13489411380673524,
            -0.20220083335680986,
            0.18151640659078788,
            -0.238973423955169,
            0.03947911443275983,
            0.33220693626341674,
            0.3361847158185008,
            0.4772882714467152,
            0.31337103460490745,
            0.20527196905562775,
            0.4466168629379751,
            -0.33753538266622524,
            0.3592084982319249,
            -0.19723613482504784,
            -0.2609854287415177,
            -0.12293183607041083,
            0.5272130718456707,
            0.08076631913494506,
            0.24968948849678335,
            -0.2657120447721501,
            0.11338830364083981,
            0.3601322895069797,
            0.3169356309316528,
            -0.26991705039133845,
            0.09484915071483176,
            0.31546271605577353,
            0.5825013271231742,
            -0.10419978804410528,
            0.294868285211624,
            0.28512511295284904,
            -0.4014362597681761,
            0.27505454449580385,
            -0.08090544843965303,
            0.10164262712714398,
            0.3519393955994225,
            0.24865183477380864,
            0.2914587825649068,
            0.26964486115107195,
            0.40446066126833724,
            -0.2795580383924792,
            0.518312671755351,
            0.26618727288825716,
            0.14847265771019139,
            0.4271197787961779
        ],
        [
            0.16299068049902457,
            0.07932984585171343,
            -0.17914345992554132,
            -0.28385551882810484,
            -0.39807886293648254,
            -0.46792441411782554,
            -0.2566318514238124,
            -0.306757460484562,
            -0.45665159488609475,
            1.125890540240398,
            -0.49248336808887855,
            -0.3204894293086098,
            -0.577256944410713,
            -0.324292534539668,
            -0.6592922535865527,
            -0.2923280942190835,
            0.2864314691465298,
            -0.31735668364241115,
            -0.4176690850864605,
            -0.2883828508602863,
            -0.053201458711394325,
            1.1904664888352738,
            -0.19033563636425702,
            -0.40574941317201935,
            0.5861386585795872,
            0.23839216984090578,
            -0.30521503905844705,
            -0.2638619421406683,
            -0.5138892014295698,
            -0.4745607476221862,
            -0.5658980382894065,
            0.13739392793680405,
            0.29408661321077345,
            -0.30755369933299953,
            -0.2420344330815581,
            -0.5076658409070267,
            -0.4468633926096641,
            -0.1746175249653297,
            0.23580095449116392,
            -0.5211869292637548,
            -0.39620724579386557,
            0.3439911736524732,
            -0.4281711184793926,
            -0.0911449130677224,
            -0.2281785105642496,
            -0.1511218490103808,
            0.010647661141742449,
            -0.4267022739962518,
            0.3751477573836335,
            -0.08583762707734435,
            -0.4752120340288861,
            -0.38459908842773793,
            0.09997968342108986,
            -0.46172081755648187,
            0.0919960615595317,
            0.25368170139584123,
            -0.2441897078032859,
            0.4402437428912356,
            -0.3221942381912593,
            0.3025748648897944,
            -0.2255462682598667,
            -0.5177823389917513,
            -0.3597908734351377,
            -0.6037921331118782,
            -0.416963662577597,
            0.05186830970828993,
            -0.43698007960877927,
            0.46568323830709935,
            -0.5601680798544713,
            0.24177230100950498,
            0.5488801111457126,
            -0.05322148629886864,
            -0.607400688011037,
            0.006541657678411936,
            -0.05212983883062927,
            0.06481459313113687,
            -0.14688805392805762,
            -0.29365949444330236,
            -0.26473941134884327,
            0.340849265860682,
            -0.15213953132804073,
            -0.3244009816643122,
            -0.6087206003847727,
            0.2125169674188846,
            -0.2895339366989508,
            -0.19801609199159217,
            0.855211234585772,
            -0.4192379475007023,
            0.3184038332911817,
            -0.10639756176843729,
            -0.47301719866065733,
            0.22638495390835897,
            -0.40068636522482104,
            -0.1742438437437434,
            -0.45315918020046403,
            0.01530929973598892,
            -0.5103212658376167,
            -0.2217171343602568,
            -0.14601761316185147,
            -0.5032844633118013
        ],
        [
            -0.22866883296162782,
            0.3778999725822029,
            0.362180042407649,
            0.28795362250549283,
            0.7154899566839344,
            0.7353841018976855,
            0.6260771508428647,
            0.5389602919853966,
            0.3866223154302608,
            -0.49248336808887855,
            1.1326650007512948,
            0.7230565782416569,
            0.8534736362872869,
            0.6963717113824311,
            0.9963018540287446,
            0.5784519538970608,
            -0.3033285951447045,
            0.5759180531922895,
            0.5837370107503382,
            0.8354594589564833,
            -0.10979030446253203,
            -0.5641776311105197,
            0.03501818191968836,
            0.7455363328760656,
            -0.3537859105138685,
            -0.30087976743829137,
            0.55127367099349,
            0.365248037887287,
            0.4286309446862898,
            0.3125996699487614,
            0.7552607388994883,
            -0.887499579041873,
            -0.27888402735092527,
            0.38571087066999005,
            -0.027083370603638267,
            0.6174670263703239,
            0.3908279881531805,
            -0.0941834528779509,
            -0.19092475866126965,
            0.6957994139947971,
            0.6197007685627801,
            0.06147159235530507,
            0.9897911832937072,
            0.26200663048559547,
            0.0818998239064068,
            0.23700894160808297,
            -0.15590410592986348,
            0.6041887331030252,
            -0.28568314607355716,
            -0.20915379235218606,
            0.4246488987296184,
            0.5947120924988443,
            0.16361632497372533,
            0.8590238719489037,
            -0.009720040455739027,
            -0.42261717722658376,
            0.1660183367922187,
            0.1631958736265303,
            0.12596032269502344,
            -0.08160554704196597,
            0.16737083525540217,
            0.5391161601401377,
            0.654992672715637,
            0.7842769659236143,
            0.6455238794530556,
            0.08742527107326914,
            0.6194901709255537,
            -0.550325332195888,
            0.23562571401147508,
            0.046361305690635686,
            0.1740992760130936,
            -0.09789232010222118,
            0.7512934322901005,
            0.23975965879783076,
            0.29396190113423687,
            -0.2130963524677396,
            0.2570820750709463,
            0.3438547268976986,
            -0.03809853591253457,
            -0.5412760830155836,
            0.655025762614041,
            0.785560538502699,
            0.7868590129841923,
            -0.24677004301680489,
            0.4589468748198261,
            0.09105129321210174,
            -0.567182580413779,
            0.5396796256022888,
            -0.1299496391649445,
            0.31125081348074435,
            0.7594124962860319,
            -0.18597995797133215,
            0.2121058408232888,
            0.11559388273766869,
            0.6737906847493186,
            -0.08702417308585554,
            0.764927507407523,
            0.2846442751257113,
            0.24997777114123534,
            0.7479782449364908
        ],
        [
            -0.2908824176217118,
            0.3209803191506158,
            0.03462548597683376,
            0.1126817163516357,
            0.06740865296430446,
            0.729878585069959,
            0.5548709746906858,
            0.4124520190649879,
            0.2193851854939045,
            -0.3204894293086098,
            0.7230565782416569,
            0.941491166462965,
            0.7360682452980392,
            0.5987179529961356,
            0.38054540302983436,
            0.6605250184152535,
            -0.2196885001192774,
            0.4369897663563023,
            0.5448472339820006,
            0.7574786101925873,
            -0.2968995744620046,
            -0.46455789031353073,
            -0.4305175935740275,
            0.5892514387004918,
            -0.24186204769504688,
            -0.329636211167513,
            0.3829562500030684,
            0.3027544574232451,
            0.12684241538990057,
            0.23656235547998447,
            0.45652789709479746,
            -0.5695069568924608,
            -0.20079020759129937,
            0.3917547099888364,
            0.04887698932222278,
            0.5594364113797817,
            0.16843938003290923,
            -0.0326987286911752,
            -0.2871910039495079,
            0.4674420773384247,
            0.48003493784720924,
            -0.21744222687011164,
            0.7352177937542499,
            0.3688402973763689,
            0.02226921264601888,
            0.22763544748787787,
            -0.46463607958839304,
            0.6767220951993391,
            -0.3986160075667606,
            -0.12926499434394853,
            0.07700035599896157,
            0.38143585541666924,
            0.5686071430275053,
            0.5921154340588283,
            -0.01596623204298886,
            -0.20553527217393514,
            0.1139062594395676,
            0.2823995317031629,
            0.14191415370652355,
            0.03656624653873637,
            0.21715051612874803,
            0.23838097185158025,
            0.6389607451987181,
            0.3800398769433484,
            0.5883995248647201,
            -0.06272472495602602,
            0.4939861976644372,
            -0.34103255988353554,
            -0.02594182303026323,
            0.11319490935741494,
            0.1461371003474958,
            -0.07974201307431111,
            0.6486977050849159,
            0.28074262646039133,
            0.24943099728305027,
            -0.2065906791566626,
            0.24998522566850695,
            0.2324874152577845,
            0.2601635853319188,
            -0.5055914237427305,
            0.48929800838715426,
            0.7860227519450025,
            0.4755530132461189,
            -0.24234791235975905,
            0.3956643042594476,
            0.020316050167030333,
            -0.30630202104590243,
            0.00012665206589638532,
            -0.16128302405118408,
            0.05625513546229566,
            0.528686941487235,
            -0.23196043969319383,
            -0.1663563514255,
            -0.32634215364161867,
            0.5806196597558009,
            -0.057283238637364814,
            0.3783369456492108,
            0.04179364877098229,
            0.10699143032020164,
            0.6221427201140941
        ],
        [
            -0.24097023629089404,
            0.4632951348543046,
            0.09056393026581112,
            0.2875033720038303,
            0.49515607891939584,
            0.8421476548499152,
            0.7550088921239569,
            0.5933140363852308,
            0.4561253737243919,
