{
    "fast": [
        [
            0.7803200271450893,
            -0.043192060112447125,
            -0.05190839208070085,
            0.256142443405384,
            0.38063474954030835,
            -0.5039566628125507,
            0.42777653056298093,
            0.34462570228033473,
            -0.14413268962637535,
            0.10333838428862274,
            -0.3088931875033447,
            0.015393753564997994,
            0.32456099140058503,
            0.4681326812077481,
            0.2886225094482031,
            0.18928599128512097,
            0.4726382162984589,
            -0.17901204733353762,
            -0.5378001194070083,
            -0.1655445052040644,
            0.38824533499100083,
            0.5094070250224564,
            -0.5636200776661887,
            0.49622113521835853,
            -0.5232992267647557,
            0.347949517789697,
            -0.01497422471650127,
            -0.40883607050552023,
            0.11804400743104837,
            -0.20609578705470963,
            0.3164730020372635,
            -0.07723930721604075,
            -0.13076502025778552,
            0.04003218704938448,
            0.6192663768849184,
            -0.09794291942495546,
            0.2032939606997842,
            -0.4686755960191004,
            0.5000693435164354,
            0.15361247402709963,
            -0.17950108542360052,
            0.18961127078248946,
            -0.03331148750918095,
            -0.4231945370440652,
            0.4501780046943774,
            0.45404806851115864,
            -0.09055846824887832,
            0.7157107458796417,
            0.3776580156470309,
            -0.15250782196199394,
            0.5604974518515011,
            0.2506631488471341,
            0.2463862411198803,
            0.16762230884846752,
            0.3215597428248844,
            0.24839392592731246,
            0.09430071242077238,
            -0.1559160177004074,
            0.25811777645422673,
            -0.22804046073797044,
            -0.5045265232436613,
            0.24269013703841175,
            0.030157568532718407,
            -0.03228338328297249,
            0.2983270547862353,
            -0.19421007279348987,
            0.1464316491421909,
            0.3226463600253477,
            -0.011973464101209584,
            0.4275081716880128,
            -0.18471945844698978,
            0.31114218586511944,
            0.6662595065856014,
            -0.1952791631289717,
            0.5216858678075204,
            0.06905463644787672,
            0.5734086434087324,
            0.5200257859106221,
            0.23034456538333667,
            0.6373535686719884,
            0.37817367280466224,
            0.5329781674974324,
            -0.138848763114873,
            -0.39262260524871695,
            0.23291828685883081,
            0.38995374968233937,
            0.38358065276487574,
            0.3528374014963668,
            -0.27794252344139525,
            0.11227083144708914,
            0.2910013075374668,
            0.09862129313886447,
            -0.009964289151338462,
            -0.2164610012808871,
            0.20140484811698117,
            -0.03668837939005619,
            0.23101675850360406,
            0.20726974876831505,
            -0.2610452627965751,
            0.4146726748697505
        ],
        [
            -0.043192060112447125,
            1.05342377958172,
            0.3370114804349769,
            -0.048394506042967154,
            0.3952841251681265,
            0.300556003158604,
            0.0006950687523018924,
            -0.7070133826844259,
            0.1426377645496803,
            0.6445296184266714,
            0.04384577134694262,
            -0.7646905150977203,
            -0.4614560702140775,
            -0.34924605034938405,
            0.1981074703348851,
            -0.4630186371667293,
            0.43117230872889084,
            -0.24097142857436007,
            0.2899480244805196,
            0.5689139091132279,
            -0.5252208137970186,
            -0.686130614828244,
            -0.02184998661176543,
            -0.5803583593532403,
            -0.1593151118138903,
            -0.5848460566918792,
            0.5470955803141072,
            -0.006406043416828984,
            -0.08775013998118007,
            0.18282142635917928,
            -0.3078348990978135,
            0.856277868817877,
            0.2413622843185923,
            0.1307997162779014,
            -0.13890101685187287,
            0.3571393898281489,
            0.38805786712973944,
            0.41435730473765603,
            -0.2128247643341722,
            -0.14285257533899406,
            0.5031689599137209,
            -0.14010987153555704,
            0.016078696233242727,
            0.6071016019829373,
            -0.08349013991165283,
            0.29270208892884414,
            0.08144297437228362,
            -0.06222966672334504,
            -0.5620439851548568,
            0.5320599054473018,
            0.09784239789909982,
            -0.5199597615527892,
            0.3022829369609516,
            0.028986323795949634,
            -0.12967547106954602,
            -0.6186986641375578,
            -0.029834091990181652,
            -0.09504284973598051,
            -0.17998905873977955,
            -0.4632781731120066,
            0.2253913023122537,
            -0.6322512694394384,
            -0.2431697067040863,
            -0.4617525840292665,
            -0.0887192741064032,
            -0.2787446379208659,
            -0.11320957825321215,
            0.25556597985544605,
            0.6193286255669901,
            -0.03498169719111509,
            0.26243133338151864,
            -0.38921393685553674,
            -0.2073076089427018,
            -0.0626994255183148,
            -0.29103524620474014,
            -0.3019983178162495,
            -0.2464167539068823,
            -0.011193724286166627,
            -0.49594484916502585,
            -0.3350483483308571,
            -0.5832501343609802,
            0.16804048228080887,
            -0.5648394393569083,
            -0.009285126426859079,
            -0.6458665817121061,
            0.18369021469370916,
            -0.2978968114497373,
            0.19606422018507713,
            0.39654322716779633,
            -0.37441646885636376,
            -0.031192631653952526,
            -0.3685906405235816,
            -0.5098965248240152,
            0.07184730231158065,
            -0.3073032060394836,
            -0.5886824963618631,
            0.06250509105534661,
            -0.32428528936597234,
            -0.3289099665835381,
            -0.2841420618076068
        ],
        [
            -0.05190839208070085,
            0.3370114804349769,
            0.9913497410537343,
            0.7409977404159344,
            0.20159654253547288,
            0.24662429076796258,
            -0.12970327038171822,
            -0.5467844196023547,
            0.09029999848841914,
            1.0108459059259487,
            -0.27375265189427356,
            -0.5824058440764815,
            -0.6011016561330299,
            -0.30157058105066914,
            0.21701343727745281,
            -0.4762743895619285,
            0.4079316471051365,
            -0.09215153525663358,
            0.358664572601252,
            -0.03069487079733029,
            -0.7259376182349748,
            -0.4124939846429085,
            -0.1142594222202279,
            -0.42228110991550694,
            -0.021849644103698336,
            -0.5483153743770391,
            0.2462331657496804,
            -0.07414845064533557,
            0.13207502437214033,
            -0.1094755728945801,
            -0.6045369279957624,
            0.28238678648015114,
            0.1311026360414578,
            0.020897605558398185,
            -0.15001119135736415,
            0.1561428631745737,
            0.6271855667769203,
            0.29688709263309465,
            -0.23981712882094972,
            -0.2074489012768924,
            0.5561502004831625,
            0.1599859217067906,
            0.12104533823690729,
            0.7063841749898185,
            -0.04411812103554598,
            0.9761002818657173,
            -0.04407204752769793,
            0.27008249431884035,
            -0.3111577603875456,
            -0.29200543482977737,
            0.6243310092758192,
            -0.47279642341458356,
            0.17148492215969038,
            0.25699942991202623,
            0.32793893482221104,
            -0.5805709686889549,
            -0.3146130381740335,
            0.14929376307421338,
            -0.47683058718555005,
            -0.30373394916189994,
            0.5794954346632546,
            -0.4312857500226939,
            0.05478808002080559,
            -0.5061006427797214,
            -0.32187720356948546,
            -0.011934895086838261,
            -0.16743077414466523,
            0.4975716410100094,
            0.3162768002839223,
            -0.02526465524590145,
            0.5109150827611287,
            -0.2320786298507066,
            0.1847770392733927,
            -0.2978662876200595,
            -0.4704720722227688,
            0.24598159565496977,
            -0.13274105548265683,
            0.14886131479246656,
            -0.6148070064000829,
            0.042157532895118005,
            -0.19280244917884515,
            0.41406783896009036,
            -0.20912617466965988,
            0.4905443400303107,
            -0.369226092986527,
            0.09094775538342317,
            -0.2622506338610779,
            0.09261322531873041,
            -0.05044239728639342,
            -0.1871630962053846,
            -0.4861002680415804,
            0.3179333976422829,
            -0.13008017147024686,
            0.12862297972559517,
            -0.035147102214689134,
            -0.2288646072339989,
            -0.27709253856124066,
            -0.15238730971477166,
            -0.5052758005728623,
            -0.4023507740970925
        ],
        [
            0.256142443405384,
            -0.048394506042967154,
            0.7409977404159344,
            1.4617275697117582,
            0.21023906230830114,
            -0.34677666966164167,
            -0.07139480044267714,
            0.07197024738657648,
            0.023827325142572416,
            0.9733340613362012,
            -0.21323154453896145,
            -0.22373210439767302,
            -0.048908929766568764,
            0.33939863555889094,
            0.6119874303470108,
            -0.1984190112192349,
            0.339709914713317,
            -0.18451450297343314,
            0.0769721332505346,
            -0.4154382836887924,
            -0.13599837153344527,
            0.20679504632407197,
            -0.3126363072738977,
            0.1851086145614199,
            -0.08633798092638967,
            0.029080435109483122,
            0.06495483915816296,
            -0.44996873856303243,
            0.11577258404844266,
            -0.7302015841648243,
            -0.3371034131830389,
            -0.05016078158035655,
            -0.2366661595269696,
            -0.022061238072746705,
            0.09441660485679253,
            -0.028259270962298303,
            0.8913754700543318,
            0.0243577844533938,
            -0.02233731875596512,
            -0.6016000936164483,
            0.4984672858910203,
            0.23760525268335914,
            0.3647304048482107,
            0.24628447403085021,
            -0.20414823911728608,
            1.2471187777872337,
            -0.24934074261523861,
            0.5980243169386388,
            0.10101951585998784,
            -0.5673912359595173,
            0.9651610438849723,
            -0.276162174405491,
            -0.2600443456259287,
            0.34838279035370595,
            0.8804633869748808,
            -0.01055848568546915,
            -0.01718490272210619,
            0.4809147996741119,
            0.06960723994614018,
            0.018485269712650614,
            0.005054718170064861,
            0.003417721932184008,
            0.29904019848204944,
            -0.16136772283094442,
            0.03717785666544015,
            -0.46080826264339,
            -0.07080040289861256,
            0.7337643673542009,
            0.2810679817467078,
            0.02082648630675551,
            0.5166345646618931,
            0.4024171180443709,
            0.37345751334368876,
            -0.07766440935695339,
            -0.07071545686574673,
            -0.07258321543099526,
            0.3420309213100172,
            0.7279759022354781,
            0.0304489906305767,
            0.5618488646330579,
            -0.027763332001354116,
            0.4711831603095707,
            0.11702619901890186,
            0.08362095966174114,
            0.0470509332577891,
            0.3563833605758788,
            0.17084205793958712,
            0.4222043569260791,
            -0.2638086554776636,
            -0.15509603113420944,
            -0.43294324567811043,
            0.2311165071175849,
            -0.022468817164767174,
            -0.227695696073618,
            0.4171545191844789,
            -0.24240246484613134,
            -0.1383977705520539,
            0.10954337633756674,
            -0.5791127476256785,
            0.04143534823913087
        ],
        [
            0.38063474954030835,
            0.3952841251681265,
            0.20159654253547288,
            0.21023906230830114,
            0.8053296730207687,
            -0.18756625641485797,
            0.5415426350085093,
            -0.2922550702843878,
            0.0321384790867362,
            0.3651214021244961,
            -0.23798812012166562,
            -0.4775239308212247,
            0.10574924530839665,
            0.07565605120809284,
            0.2676137143863831,
            -0.09705950676363169,
            0.7162437516594323,
            -0.10324193276525853,
            -0.23680432545900387,
            0.0007028887639657001,
            -0.08395751311109194,
            -0.06808015801153268,
            -0.30839207564765786,
            -0.29843973073967334,
            -0.5559858120036801,
            -0.26131021758784917,
            0.07892598879167614,
            -0.4434473070982515,
            0.10168231731069832,
            -0.3333798402384058,
            -0.1630584897967105,
            0.16710076415099814,
            -0.00028815917819899263,
            0.03176965756089655,
            0.45855981841572446,
            -0.03557482377217014,
            0.22806676317969787,
            -0.2438963863313081,
            0.36160187030225455,
            -0.3857027603234472,
            0.22791352037811718,
            -0.38242055395852487,
            -0.13834542623290158,
            0.07733090343106114,
            0.48309572990972444,
            0.3171805756760859,
            -0.12005536382458845,
            0.421768584659258,
            -0.12644369122919435,
            -0.04358075211531321,
            0.4706000816555927,
            0.051812022065394085,
            0.7137376245296531,
            0.12667744760654434,
            0.14501157480113633,
            -0.29373346779126563,
            0.011382256068781913,
            -0.3229522448349359,
            0.10152212935396626,
            -0.41483958017313677,
            -0.17619781781147548,
            -0.46239886836252014,
            -0.16734554352176956,
            -0.1607664556447354,
            0.000127201313999153,
            -0.15447098132861892,
            0.04089867484523476,
            0.25091048383490244,
            0.13132140953378832,
            0.3353446680945781,
            0.11840947354996842,
            -0.30272344484496666,
            0.3297363501170605,
            -0.3167527001541243,
            0.03483091008386346,
            0.3181221593614569,
            0.24370541446918126,
            0.39483193875072975,
            0.02302218022159699,
            0.08050781077912506,
            -0.3072293312982205,
            0.6269454056359308,
            0.2624850160373374,
            -0.14027639255684898,
            -0.15176753661826461,
            0.04765575228491503,
            0.21099178786280606,
            0.1013827172893376,
            0.03815910197715867,
            0.1374507429178244,
            0.259921511076014,
            0.21821273743717512,
            -0.3381882692246118,
            -0.1286825280254183,
            -0.344159683684342,
            -0.1279105360477308,
            0.4071617556247065,
            -0.09025842857244791,
            -0.19725292753717258,
            0.03303190552165556
        ],
        [
            -0.5039566628125507,
            0.300556003158604,
            0.24662429076796258,
            -0.34677666966164167,
            -0.18756625641485797,
            1.5861589724479996,
            -0.5122318157017047,
            -0.8634014404647692,
            -0.12447866472106896,
            0.11881717467659834,
            0.24584712628600558,
            -0.45865466485753703,
            -1.0483880268016967,
            -0.98836971536885,
            -0.21663108574896356,
            -0.33315816281117927,
            -0.26758819246701293,
            0.13324213188171208,
            0.7810707681668023,
            0.23170095045624936,
            -0.9597210756451064,
            -0.9179404705666602,
            0.06807210415302867,
            -0.8666550515702934,
            0.5325750297300977,
            -0.8249392938913723,
            0.148157945012489,
            0.7806347552427296,
            0.08227317962705459,
            0.032869144807113296,
            -0.4785248899542817,
            0.6765973392144218,
            0.2924010736402513,
            0.02022693292150207,
            -0.7999449138174202,
            -0.06379626608225282,
            -0.1681709104634101,
            0.9365074633974194,
            -0.9040232394606477,
            -0.0777724700633362,
            0.65947040993036,
            -0.19345202579273021,
            0.016206851577566985,
            0.7017402123781978,
            0.012179242389746497,
            -0.2694460184087336,
            0.17720612655253717,
            -0.7550193120693174,
            -0.8193935542847497,
            0.46562076076038084,
            -0.688119406198292,
            -0.7190039846829358,
            -0.03622169869251837,
            -0.4937169664245251,
            -0.6930338287479998,
            -0.8303486101524772,
            -0.3720114640207084,
            0.07925321048159642,
            -0.8032218216013284,
            -0.34997393420968304,
            0.8029634042806002,
            -0.7588950069144171,
            -0.11913268021210335,
            -0.49225257269586575,
            -0.4245493177125648,
            0.43358768855406987,
            -0.1182249224436185,
            -0.2871005735858489,
            0.14380314354435042,
            -0.35472228754550017,
            0.35778722578408745,
            -0.6848665680921098,
            -0.5258284964409307,
            -0.16877914734906072,
            -0.9821197388860297,
            0.16894845390775493,
            -1.0127639894081377,
            -0.9408811425736406,
            -0.9343863660569824,
            -0.9353298896762335,
            -0.1877669548027089,
            -0.5650772832212931,
            -0.20054082663074088,
            0.6860333211471445,
            -0.4473509487168373,
            -0.15464711892004282,
            -0.7882404023016312,
            -0.6473903913465849,
            0.1394404252276662,
            -0.5390672744847853,
            -0.24971685687055853,
            0.08424799148009303,
            -0.20388864993216751,
            0.31001649863650826,
            -0.4957894576274103,
            -0.08371517172412443,
            -0.6392210548303716,
            -0.1713428927548558,
            -0.1739389748945583,
            -0.6179424108195691
        ],
        [
            0.42777653056298093,
            0.0006950687523018924,
            -0.12970327038171822,
            -0.07139480044267714,
            0.5415426350085093,
            -0.5122318157017047,
            1.0237724869609388,
            -0.034836653337597084,
            0.10051102285342817,
            -0.14110353223674996,
            -0.43497763500501424,
            -0.14690746197014573,
            0.3049958745526024,
            0.18623304286887782,
            -0.1386522404717405,
            -0.015630770876101152,
            0.8035275321101614,
            -0.1525672861376757,
            -0.4762259780902425,
            -0.09622473849553839,
            0.1661615721670294,
            0.1882844358493293,
            -0.27794161736622747,
            -0.07483111540852587,
            -0.3683804540974632,
            0.08634047122991437,
            -0.10637489633814344,
            -0.48034705082966184,
            0.1455153149219039,
            0.009923836211362788,
            0.3215906246916635,
            -0.45975209418699436,
            -0.0012652834530142046,
            -0.002715214365637491,
            0.7138720863068668,
            0.13227091595371163,
            -0.10002245755702464,
            -0.5948714659229318,
            0.47124602178394465,
            0.010180272746375138,
            -0.18711125213093172,
            -0.3365728248689645,
            -0.40571977379990165,
            -0.434231641985547,
            0.8892046489141953,
            -0.009555636261611867,
            -0.10856763429287129,
            0.5255114036462005,
            0.11931214039107133,
            -0.09713080559832821,
            0.5239336769294634,
            0.3620700455471143,
            0.7144363843126308,
            0.20954419136369126,
            0.02039603956332793,
            -0.03461222287747721,
            0.10868812969232557,
            -0.5077801823346049,
            0.08007784665589313,
            -0.46341119545244636,
            -0.7499601827758114,
            -0.048805012662654,
            -0.03337418648833667,
            0.04687235021078142,
            0.06262590659031579,
            -0.1124057448996273,
            0.10104305571487421,
            0.32159182334264913,
            -0.20424135576624852,
            0.535026065721544,
            -0.45323104783712304,
            -0.24731771586515527,
            0.4648789998381545,
            -0.4991199660652071,
            0.28310296855891,
            0.17139559414681088,
            0.3646144728264634,
            0.35242519954013835,
            0.27778719371014027,
            0.34236312324696344,
            -0.049185781037992975,
            0.5911102883770869,
            0.25967193701198743,
            -0.21455946352221125,
            0.18323014261647166,
            -0.022068649707159927,
            0.17939444342930305,
            0.1836837902197851,
            0.11729964589764107,
            0.09705178078001102,
            0.402962978256306,
            0.08921663200892667,
            -0.06428527362240845,
            -0.004405065302691904,
            -0.2696246247903719,
            -0.026625049029101407,
            0.581759942801087,
            0.04618583250652604,
            -0.0277482242653656,
            0.19117741598523724
        ],
        [
            0.34462570228033473,
            -0.7070133826844259,
            -0.5467844196023547,
            0.07197024738657648,
            -0.2922550702843878,
            -0.8634014404647692,
            -0.034836653337597084,
            1.34162972293615,
            -0.16336034589617318,
            -0.5561577743739717,
            0.20871034347295628,
            0.9159246613964468,
            0.9181967611666677,
            0.9297956893627274,
            0.09731169891083451,
            0.5335770555742078,
            -0.4407103050667454,
            -0.1174607941276594,
            -0.7664300857371029,
            -0.36687617772493586,
            1.09976487060761,
            1.0245912906922925,
            -0.12657380095578052,
            0.976258707148359,
            -0.053052592468381767,
            1.1368121020697701,
            -0.39928340458237516,
            -0.29767208347080776,
            -0.03629669820706282,
            -0.19274560556210552,
            0.47710231443962964,
            -0.5871344532162321,
            -0.4096983162099063,
            -0.09800940293153441,
            0.4904720798883055,
            -0.40019592940120524,
            -0.05970786729916356,
            -0.8195005260374884,
            0.4741165479655853,
            0.4453087832387547,
            -0.8000866804403742,
            0.13343902326698476,
            0.002142901020179619,
            -0.7848316682054636,
            0.03376339284335392,
            -0.06831501260955973,
            -0.12066197261926757,
            0.20658690019225037,
            0.7826518712456209,
            -0.5736068374856392,
            0.23071799583528607,
            0.7615585691960839,
            -0.5668428070150662,
            0.15394836577379273,
            0.5092937480374058,
            1.1802735280737053,
            0.1825154149279703,
            -0.07413166045741434,
            0.651763841078979,
            0.6947923594203369,
            -0.6517035454349468,
            1.2230180143899458,
            -0.05947824690678927,
            0.5541145562059455,
            0.5718671039614653,
            -0.10463695190731301,
            0.26387140788451363,
            -0.03269639949863037,
            -0.28340248049030364,
            0.35752337700543346,
            -0.313581668000861,
            1.0840251595141586,
            0.22951803773542986,
            0.6241903677218804,
            0.6705435336851879,
            -0.2936782542693451,
            0.8285801536438263,
            0.5177289421840914,
            0.7957499295183461,
            0.8979011704040526,
            0.38400842884005915,
            -0.01990240638629578,
            0.04213929102574381,
            -0.7924121443300394,
            0.5159624916071266,
            0.2966970786205933,
            0.6348086355408695,
            0.19766605330590795,
            -0.3550365603621941,
            0.5293903179995113,
            0.29714527284510783,
            -0.14719071619585664,
            0.2812472867580598,
            -0.26916865354251884,
            0.5612700090482879,
            0.09209418701282211,
            0.06210146614140189,
            0.2455356417547333,
            0.2688617250845619,
            0.7063785188529343
        ],
        [
            -0.14413268962637535,
            0.1426377645496803,
            0.09029999848841914,
            0.023827325142572416,
            0.0321384790867362,
            -0.12447866472106896,
            0.10051102285342817,
            -0.16336034589617318,
            0.27493995292757567,
            0.0977807451667534,
            0.08749049605222166,
            -0.11218161278565843,
            0.024419940510688288,
            -0.05173280101493887,
            -0.015874601981300734,
            -0.1932343005204564,
            0.09345605846463242,
            0.07928841497094741,
            0.23535684661937328,
            0.12002701169910958,
            -0.11200842156061729,
            -0.16071336921124982,
            0.26463617046417653,
            -0.15635286184377364,
            0.14646165117614665,
            -0.062155479700715464,
            0.15116346448127654,
            -0.042010665710584254,
            0.023991892374715947,
            0.1568764950110339,
            -0.07644005861344967,
            -0.03418148099096901,
            0.056538550273454447,
            0.013868983574289563,
            -0.11344181874820673,
            0.3797190761615887,
            0.0743118281469468,
            0.11917920927063103,
            -0.17314107261570666,
            -0.10746227374609534,
            0.17396265981664444,
            -0.027453532770053097,
            0.11423159090395298,
            0.22048498023072247,
            0.16316828000989944,
            -0.042831194142073946,
            0.023732995806386253,
            0.0015181656494561305,
            -0.049385618966824224,
            -0.06114987970403057,
            0.055320314160790474,
            -0.11635990144468224,
            0.0008761631624496028,
            0.11069467350945746,
            0.06111399335266088,
            -0.089394625870201,
            -0.033280404174299005,
            0.035378218012899254,
            0.08768283243810837,
            0.04608556536435129,
            0.005311571853301643,
            -0.08158730964530586,
            0.060325929241320714,
            0.1768203772313174,
            -0.08042169402585146,
            -0.08385002282807122,
            -0.017789536807715074,
            -0.04152018534184421,
            0.07668655462233831,
            -0.09936979742977009,
            0.051872205313655086,
            -0.19200244318301748,
            -0.11163975726431619,
            -0.00959162496299802,
            -0.14142246675795156,
            -0.01752880757370888,
            -0.15071692742773612,
            -0.020404527824846905,
            -0.04663092354242301,
            -0.1168162346312262,
            -0.22201225432477587,
            -0.06624515223887632,
            -0.06033737876773458,
            0.1579196034175974,
            -0.08228218722629534,
            -0.0278406667248136,
            -0.09994539060701342,
            0.11329163300080837,
            0.1357798866101162,
            -0.12874850822399894,
            -0.11553348120800958,
            -0.2039242179341089,
            -0.06928992937782269,
            0.014535571933283685,
            -0.03502957271231064,
            -0.2156953568479047,
            0.14955897332932758,
            -0.028823403466601335,
            0.012446388564898724,
            -0.045887169977586566
        ],
        [
            0.10333838428862274,
            0.6445296184266714,
            1.0108459059259487,
            0.9733340613362012,
            0.3651214021244961,
            0.11881717467659834,
            -0.14110353223674996,
            -0.5561577743739717,
            0.0977807451667534,
            1.303314409216877,
            -0.1594360496984053,
            -0.7134089722544623,
            -0.5149036032837103,
            -0.10881192104773107,
            0.5498012753199065,
            -0.6153939958573656,
            0.6008900737326884,
            -0.24720308440581373,
            0.2956695127285484,
            -0.001210397777768281,
            -0.6317189298165091,
            -0.3701815948002836,
            -0.1817090329118179,
            -0.364429568910321,
            -0.10216131141293046,
            -0.5201869888835906,
            0.4015792111348702,
            -0.30787823231820044,
            0.011987696439308049,
            -0.3482403932092635,
            -0.5744080057616398,
            0.4722194126359589,
            0.06603228377654206,
            0.056761086930535956,
            -0.014757700254107128,
            0.24047293058246713,
            0.9634671556340608,
            0.3219242665283687,
            -0.15557217543353608,
            -0.35012407962274156,
            0.7088899960338064,
            0.17818156273632046,
            0.23068135451046037,
            0.735111059827167,
            -0.24959596677329612,
            1.2832792993342539,
            -0.08183799882680141,
            0.3683324371170795,
            -0.40843327361799187,
            -0.18833628480034967,
            0.8200124384237445,
            -0.5761539633466515,
            0.22434369530063186,
            0.2874753748235551,
            0.5113488557883396,
            -0.5754339596465887,
            -0.18072877660113737,
            0.3307598192788513,
            -0.3162596406624085,
            -0.3811541762442018,
            0.3525494459551046,
            -0.48103926197222124,
            0.06543934898418426,
            -0.5335458817962612,
            -0.16422810906400465,
            -0.31589988833923555,
            -0.13358323826865964,
            0.7886759053257606,
            0.5402699456132778,
            0.03979726340562495,
            0.6652382386948092,
            -0.04198400215192148,
            0.21876727613087626,
            -0.20984640696015971,
            -0.3352710754735958,
            -0.08324748539567939,
            0.07151157161330414,
            0.46722730930785605,
            -0.5543189485388448,
            0.1880932475885728,
            -0.35524743756073696,
            0.5841047069532911,
            -0.339581085548637,
            0.2221919713761121,
            -0.463712165240479,
            0.33870157289395675,
            -0.16940307024686682,
            0.35539958905032254,
            0.012366319495564848,
            -0.3391500172973999,
            -0.3727990697707468,
            0.2475905502291999,
            -0.26809502495956283,
            -0.04813957102064773,
            0.1427460561112327,
            -0.5231365289763055,
            -0.12709863143179767,
            -0.1608164331083349,
            -0.5904284525904984,
            -0.28378633511437973
        ],
        [
            -0.3088931875033447,
            0.04384577134694262,
            -0.27375265189427356,
            -0.21323154453896145,
            -0.23798812012166562,
            0.24584712628600558,
            -0.43497763500501424,
            0.20871034347295628,
            0.08749049605222166,
            -0.1594360496984053,
            0.8925455562234199,
            0.20913948225905282,
            0.33635763886222025,
            0.30179393564633766,
            0.25762872105338486,
            -0.053687307288094836,
            -0.44210532907986005,
            -0.08779871108141173,
            0.17142398464562666,
            -0.02382141307838521,
            0.11256753379667386,
            0.08716392473232935,
            0.7019317730993915,
            -0.03761389250808698,
            0.2957740502852551,
            0.27208464600422383,
            0.03472004328857205,
            -0.006375217691707412,
            -0.15000172222920014,
            -0.22827671571992342,
            -0.1652065708538457,
            0.0705858220557885,
            -0.16158468729755546,
            -0.05217840357981021,
            -0.21146483026127857,
            0.1487184053855215,
            0.1184238185906686,
            0.12072841029449521,
            -0.26296609922897496,
            0.09999474993741811,
            0.09327083205728703,
            -0.1610369497648082,
            0.3415857261496248,
            0.2522173823785673,
            -0.4094111311895524,
            -0.25920086716630686,
            0.08807071624671405,
            -0.5643782731431133,
            -0.1563897370345802,
            -0.1538885420780947,
            -0.33986220298420106,
            0.06421318668439993,
            -0.34753570893184216,
            -0.0686798336846624,
            0.03283510031503387,
            0.25479322546791194,
            0.04675050234321093,
            0.14495984306661192,
            0.4421638594228816,
            0.5334742404398496,
            0.02716540979791975,
            0.34473533458437294,
            -0.18775425919912403,
            0.5395275730826973,
            0.03359282144769684,
            0.09698081889079552,
            0.20823070301313434,
            -0.21247273958349183,
            0.11163503727257656,
            -0.16867216897905463,
            0.376485396898174,
            0.023166676352256225,
            -0.42890766702547417,
            0.7114797945910983,
            -0.16969831508161487,
            -0.4415553820850509,
            -0.03794023841935369,
            0.0829933299254837,
            0.232361659254059,
            -0.13672234980784734,
            -0.2864968127736803,
            -0.44270909109391926,
            0.09402096452928435,
            -0.21464425994225833,
            0.015781881219545577,
            0.006289235229316317,
            0.10921056766935867,
            -0.09804411955962014,
            -0.028351724278341223,
            0.01514097233853913,
            0.26779795134352125,
            -0.12700140905938317,
            -0.2250152231852179,
            -0.17004181588613246,
            0.1681008839194531,
            -0.35764891482183403,
            0.10421867598473541,
            -0.26317914976681606,
            0.44822427622546757,
            0.22314912074722904
        ],
        [
            0.015393753564997994,
            -0.7646905150977203,
            -0.5824058440764815,
            -0.22373210439767302,
            -0.4775239308212247,
            -0.45865466485753703,
            -0.14690746197014573,
            0.9159246613964468,
            -0.11218161278565843,
            -0.7134089722544623,
            0.20913948225905282,
            1.001255697705522,
            0.6585096018305241,
            0.5303355709999227,
            -0.1238287364279278,
            0.37091070565749473,
            -0.43687999486892554,
            0.17173316816425716,
            -0.47889358404182847,
            -0.27860746845735995,
            0.8818557936709884,
            0.7906492655926238,
            0.2619719001459509,
            0.8347543441096659,
            0.21361165060014484,
            0.8436425726943836,
            -0.3936148995814923,
            -0.024047109793869436,
            -0.1675192495241437,
            -0.02984030278696112,
            0.5069584213655605,
            -0.588036169032903,
            -0.21587077807576535,
            -0.08294521349264412,
            0.1876882836606263,
            -0.14361869778830533,
            -0.3178339349712435,
            -0.49172912950954484,
            0.248131912723584,
            0.19907338324883045,
            -0.7424206878484071,
            0.17805880761025414,
            0.06719208064245838,
            -0.6801837432805119,
            -0.04057062277486974,
            -0.36772132980847533,
            -0.0317825969300903,
            -0.0367766631911006,
            0.6321899148145388,
            -0.2297157107456835,
            -0.1368737398662475,
            0.5737120686366398,
            -0.4613036347226675,
            -0.006580467623268763,
            0.06557372860321722,
            0.9145891977150927,
            0.2008508719906664,
            0.08139796126640356,
            0.4218055593504022,
            0.6663997663606044,
            -0.39537828058914076,
            0.8506675185578393,
            0.15341425661139638,
            0.6379740956651625,
            0.3512050231398493,
            0.10875155349944132,
            0.11710424887065955,
            -0.2731528338092469,
            -0.35901576548155606,
            0.08838665148855683,
            -0.29839807083745723,
            0.8002415807776679,
            0.046137248221187005,
            0.40290684793884685,
            0.5892953234711047,
            -0.12624413168205542,
            0.37798912055539113,
            0.1460554364924951,
            0.6054297579097035,
            0.4424276499521332,
            0.27406310458237504,
            -0.30359754037397063,
            0.2345513627214559,
            -0.46425962889424344,
            0.5656266539445661,
            0.016406907549896394,
            0.36529109716666713,
            0.13008309369884302,
            -0.23849945393522623,
            0.2930454347777695,
            0.2314619150712259,
            0.11696778120959392,
            0.3469664598252905,
            -0.13888194097797338,
            0.46859938030383874,
            0.294885917161114,
            0.08277862563336011,
            0.4112154332731371,
            0.4938706583312014,
            0.4389408422238543
        ],
        [
