{
    "fast": [
        [
            1.265688558166875,
            0.016892016238269743,
            0.1712534830357454,
            0.7541795092758173,
            -0.2507060383958099,
            -0.2095964866558357,
            -0.054460116201940946,
            0.22941513855726975,
            0.08436461973848632,
            -0.21365163854299873,
            0.11194212143164495,
            0.19399747253573696,
            0.5335871144509313,
            -0.09850633317649996,
            -0.025698088618777076,
            0.24395836422748873,
            0.32703943577921285,
            -0.25080660354654,
            0.33828430983041674,
            0.544038635600417,
            0.25029580897136955,
            -0.0034241745174719176,
            -0.36448622406753667,
            0.403296760090766,
            0.17864686708857597,
            -0.026285554150458416,
            0.027232314068578952,
            -0.06507070231628012,
            0.3601511211017976,
            0.49866237657146684,
            -0.049402714296914264,
            0.568504699264036,
            0.007144400046694398,
            0.020473922213907068,
            -0.35662743921790074,
            0.17918245767617766,
            -0.3465783989215087,
            -0.11674314784807492,
            0.21666632976840416,
            -0.24363178001132343,
            0.2767846637091537,
            -0.1076145866160325,
            0.2298683180067512,
            -0.029518343117798027,
            0.1054335452956827,
            0.5076974854604753,
            0.07916914741415927,
            0.02068538496235791,
            0.09124005689761396,
            0.09419991175583342,
            0.07548626482486602,
            -0.13744397008912043,
            -0.1366872893086834,
            0.36382532562282366,
            -0.09499708789914643,
            -0.020872646527274066,
            -0.29726981007395686,
            -0.057098400624694644,
            0.009012340386953642,
            0.6572462369567953,
            0.10356767579017984,
            0.15472546532863735,
            0.03801880085692262,
            -0.5719648095889659,
            0.1587408839036591,
            0.36518633540431494,
            -0.16255779654844288,
            0.26258079462222955,
            -0.21367037080134224,
            -0.11989463557922787,
            0.04753636112216286,
            0.39923914433070196,
            -0.0210515087669129,
            -0.5905122527955088,
            -0.46503835736846083,
            -0.3339936794353794,
            -0.0445113925456618,
            -0.312889499502312,
            0.2775346763018077,
            -0.5289388366842823,
            0.24218445784151152,
            0.5540784163751532,
            0.16229569066912958,
            0.3018738800758189,
            -0.25911643814974844,
            -0.12542456676619287,
            0.0657492215979489,
            0.012568271192174874,
            0.8865987556807988,
            -0.43577100824874854,
            -0.15147264325063958,
            0.20391787024370672,
            0.08738094160009176,
            -0.10662819060366605,
            0.22738680302735692,
            0.10019040574013767,
            -0.16366164895677346,
            -0.0006347908550377379,
            0.2003235673182946,
            0.14377148309090515
        ],
        [
            0.016892016238269743,
            0.9655158763818874,
            -0.42902406207212224,
            -0.1565439993202682,
            0.10455268053903709,
            0.15571033516731525,
            -0.2708744546310316,
            -0.6265454824195058,
            -0.5175440114343417,
            -0.36912496433847736,
            -0.44980359722194874,
            -0.13948744810658686,
            -0.13667868715925002,
            0.2584705231004371,
            -0.06701363935051961,
            -0.34402357480046136,
            -0.5142213997870313,
            0.2264577141963578,
            0.40041890435787536,
            0.5718645470896787,
            -0.6135785766110429,
            -0.11472351139483934,
            0.5591330826425488,
            -0.05569142357513349,
            -0.5416579272128007,
            -0.3002390100492994,
            0.22113126809032838,
            -0.133724248796369,
            0.7852626437089788,
            0.018852004849004712,
            -0.36515885796454794,
            -0.36579158968192205,
            -0.509832661492056,
            -0.2536899613216005,
            0.630207449164729,
            -0.35152724079535175,
            -0.3757729641386815,
            -0.4138884005597115,
            -0.27239549832214394,
            -0.1091865536863754,
            0.5945809227446297,
            -0.4181974883659306,
            -0.3580098795558716,
            0.6176152329627037,
            -0.5990034517633029,
            0.04906133488382257,
            0.4244125320838815,
            -0.5410605762924124,
            -0.5091581080625585,
            -0.034264763888783765,
            0.5658808377464922,
            -0.23886422784366568,
            -0.5856104712192313,
            -0.18301485758528943,
            0.15216972485705801,
            -0.20903718904108615,
            -0.13466644331181205,
            0.7665617392657373,
            -0.25143086908995554,
            0.23234629812438026,
            -0.205321810681995,
            -0.1933839740824564,
            -0.4040360307484896,
            0.4422442221287399,
            -0.6031142754651131,
            0.0015024598115202887,
            -0.1443982825109592,
            0.24136445876953397,
            -0.3400919303147141,
            -0.17348245742813606,
            -0.3314023771856214,
            -0.3645063234295827,
            -0.07802961324095495,
            -0.14441020353541276,
            -0.0828349856893565,
            -0.1731118644096241,
            0.2581686155594886,
            -0.5013988850914342,
            -0.5172493948106613,
            -0.17090075326053053,
            -0.555891059118992,
            -0.14123066087731181,
            -0.4600483849927119,
            -0.28015621868906637,
            -0.45637452179830884,
            0.6040040897802472,
            -0.5947337583750608,
            -0.04710669691114111,
            -0.38544295498873593,
            -0.10765725427689153,
            -0.5130442959660785,
            0.19179882211214475,
            -0.2527834536485376,
            -0.6114038180206801,
            -0.2540161986047003,
            0.09500141274938623,
            -0.6038861764158742,
            0.2621324714854211,
            -0.6635121310028586,
            0.6490060372807398
        ],
        [
            0.1712534830357454,
            -0.42902406207212224,
            1.0186792626255843,
            0.4439785301386466,
            -0.09143449081342704,
            0.008844693343752225,
            0.1296476582120646,
            0.41110718951615705,
            0.16209745006804926,
            0.05559023808398641,
            0.40698939727757594,
            0.27898816734105497,
            0.0041863529250908025,
            -0.5250170144787093,
            0.07164392936565128,
            -0.09675315930269211,
            0.33235798263033617,
            -0.0736249877127766,
            -0.13968604846011567,
            -0.17114304412899303,
            0.5493630480893418,
            0.37939226584647895,
            -0.3272924273439686,
            0.3474991969713514,
            0.17356126591714466,
            0.21797838221006602,
            0.1264565305215044,
            0.38371002553413286,
            -0.21749983835040712,
            0.09688323706373216,
            0.10542965745637486,
            0.30325732304971337,
            0.4793992230966982,
            0.16158018464470822,
            -0.6433803153168116,
            0.36145571326939885,
            0.08609945400269534,
            0.48095559276782446,
            0.26868052083400484,
            0.30915166433706953,
            -0.09999179254479902,
            0.3557951825976462,
            0.5286581384102383,
            -0.4438884718978896,
            0.8967089590376944,
            -0.11231617119917231,
            -0.2610442764666446,
            0.6767374221159203,
            0.785032944226705,
            0.060912006974849255,
            -0.12475287242910173,
            -0.20724370229893357,
            0.5078672548244281,
            0.528618777490974,
            -0.143600011159184,
            -0.06615256071996117,
            0.1920993204579523,
            -0.583835092196616,
            0.5696806407975193,
            -0.27675760601954114,
            0.2523841718889883,
            0.4556831454933262,
            0.26896782143703435,
            -0.46645572546129166,
            0.6446608301875054,
            0.07816709880957835,
            0.100346282660031,
            0.10400280472021226,
            -0.014027519853105705,
            0.002455479542002599,
            0.2237676825466691,
            0.5563830157971613,
            0.09346929037332138,
            0.19945521478235498,
            -0.08731434651126783,
            -0.02991063420595386,
            -0.45757267276528624,
            0.396780697144645,
            0.740731216215018,
            0.19062072308797234,
            0.5819358859096038,
            0.04138092247148285,
            0.20143028098606572,
            0.3695054525467725,
            0.40289732240119625,
            -0.2951392747589499,
            0.6692093862408164,
            0.11001042396576569,
            0.1239611577765837,
            0.3206538535959515,
            0.32840972726969847,
            0.03972383499644236,
            0.3688791741645572,
            0.2411123775195251,
            0.5382774103833523,
            -0.030479923394404463,
            0.4483554637172362,
            -0.21171640986806523,
            0.463790183477471,
            -0.4005294617925232
        ],
        [
            0.7541795092758173,
            -0.1565439993202682,
            0.4439785301386466,
            1.5637532942024668,
            -0.27162110453706245,
            -0.3934579016710415,
            0.3092621062795606,
            0.43955054536089927,
            0.41703284604989743,
            -0.27621494972932387,
            0.08153607091938891,
            0.29654257852937593,
            0.31594805029192063,
            -0.4819033895311978,
            -0.07977741760705627,
            0.6993432959787653,
            0.20935127996388114,
            -0.3910783013092873,
            0.5702226803012648,
            0.013157220413562402,
            0.5342488131923111,
            -0.09395238145164504,
            -0.40945715084560447,
            0.7262258550600446,
            0.09093122334498437,
            -0.18166573759327592,
            0.2949777953664126,
            0.2807342650835056,
            0.4821267640219169,
            0.5427504409115211,
            0.35920148618797304,
            1.0053878197044805,
            0.040988747888848466,
            0.2793797673013556,
            -0.8309781755594888,
            0.6309820342009392,
            -0.4653636714566556,
            -0.01710962169698791,
            0.5761560342615563,
            -0.34137065536396216,
            0.4369678782172412,
            -0.13790630410756385,
            0.6309044430049465,
            -0.15921991504853117,
            -0.10378774017584476,
            0.31853929568062705,
            0.21410388870055388,
            -0.07031087629073512,
            0.030929188277476986,
            0.0394210074776171,
            0.1851195258593429,
            0.1804190925778061,
            -0.021987188073183398,
            0.6159640539914648,
            -0.222541467793769,
            0.7206188606702223,
            -0.32564347854106024,
            -0.18109315066584955,
            0.5046557635200326,
            0.366374854864309,
            0.4353771775712272,
            -0.05716879271441736,
            0.09124201808713528,
            -0.7430357666541999,
            0.1301734448040532,
            0.8103585245243969,
            -0.21371141179101938,
            0.254786252871289,
            0.09057734045463389,
            0.040093035111911535,
            0.11113857831672828,
            0.6750617755900309,
            0.03975961271946362,
            -0.4057057236013822,
            -0.6932380655101011,
            -0.22391133041436614,
            -0.17113086881005607,
            -0.3426013036885638,
            0.3004989665465752,
            -0.3970673549812526,
            0.502271761851339,
            0.4522942135398562,
            0.47614526382856776,
            0.30816577173152127,
            -0.23545107732825293,
            -0.13860908316947385,
            0.2783756250022865,
            0.12588372924773655,
            0.5655760627565867,
            -0.5216912361459937,
            -0.08911858777054861,
            0.7858050019493628,
            0.042108927015686026,
            -0.24875564868017896,
            0.5365924740145714,
            0.3067570856160678,
            -0.10026671897092342,
            -0.16340738569491342,
            0.4639628684433416,
            -0.15299191971439982
        ],
        [
            -0.2507060383958099,
            0.10455268053903709,
            -0.09143449081342704,
            -0.27162110453706245,
            0.13756151826706406,
            -0.030274593747054677,
            -0.04591002294677473,
            -0.07840464558311876,
            -0.06347162703650484,
            0.04356146140314212,
            -0.029789149570572833,
            0.025275028960407026,
            -0.24471036091281065,
            0.15370947754792505,
            -0.0230744137217378,
            -0.11130082054745168,
            -0.11697161169165565,
            0.14536442309742983,
            -0.024555751143018098,
            -0.046912654470311975,
            -0.07087717561899469,
            0.017101557133751954,
            0.15577605597521135,
            -0.25506250038758466,
            0.0058149288478252644,
            -0.07117789121327747,
            0.10038808377454018,
            -0.1009255371062125,
            -0.052627625553159495,
            -0.07881740277922102,
            -0.037731537132175134,
            -0.18421945946050985,
            0.014714858843282419,
            -0.03253394023345554,
            0.21745642459830647,
            -0.019657555683297474,
            0.03157684070066204,
            -0.0007467228165111802,
            -0.0856998756112555,
            0.07138799334972126,
            -0.1161010912864316,
            -0.01042266168738997,
            -0.09614818628051143,
            -0.0401411989988404,
            -0.04473255063269889,
            -0.11928879818790301,
            -0.01892684561126021,
            0.00847125485124794,
            0.00044345596578965337,
            0.15291964633283234,
            -0.05226767755192527,
            0.007555023354985643,
            0.0037035387826946623,
            -0.0831643050931686,
            0.13480802021583396,
            -0.07224733020525183,
            0.0815896335777377,
            0.16417621493709425,
            -0.0951264808207933,
            -0.19875732022589057,
            0.018116602364130863,
            -0.11099518416815062,
            -0.05196168013976476,
            0.14187622663197505,
            -0.10619312059115285,
            -0.09025009923825734,
            0.05029646399742547,
            0.006935199096963918,
            -0.0005533140783859432,
            -0.027472913935058046,
            -0.13015257028986693,
            -0.1315142215606572,
            -0.02429294727368149,
            0.13509828008091554,
            0.21204040241283603,
            0.01089624875591305,
            0.038001659443017276,
            0.06041835725770797,
            -0.05301770906781688,
            0.13472802006270368,
            -0.044785935587751145,
            -0.032463131598188665,
            -0.09579533291976737,
            -0.039133397056146504,
            0.015667497804237502,
            0.13974987112747586,
            -0.16181876530715308,
            0.07927185529266233,
            -0.23010488423595551,
            0.01651723846257888,
            0.03482010848727913,
            -0.1023952200518844,
            -0.022550328687953945,
            -0.08537246331320887,
            -0.1083105069417168,
            -0.045391036931908484,
            -0.11634950768965249,
            0.031074055686839092,
            -0.08853229019191707,
            0.08465087327656427
        ],
        [
            -0.2095964866558357,
            0.15571033516731525,
            0.008844693343752225,
            -0.3934579016710415,
            -0.030274593747054677,
            0.9819713780399323,
            -0.33011092173305456,
            -0.6391768750957575,
            -0.5957277624073355,
            -0.24995939726115943,
            -0.3429516171922951,
            -0.010919752791955182,
            0.047192250628059866,
            0.030406966005466957,
            0.2708347987530031,
            -0.6003626177811336,
            0.13583583031831034,
            0.07095871917883105,
            0.03774697431493404,
            -0.13435948429886446,
            -0.4868216831102237,
            0.261205490119643,
            0.03143087822052241,
            -0.023861562791540995,
            -0.48459815081036256,
            0.23705740816529847,
            -0.5599534954844666,
            0.230273629914329,
            -0.1889132618400516,
            -0.23066783464946697,
            -0.5752031907747054,
            -0.705332737671633,
            -0.41868638215417814,
            -0.4183552226786095,
            0.4970308161184981,
            -0.5643321474988308,
            -0.08121398457310108,
            -0.08284377731943958,
            -0.6043602979223135,
            0.2932920376850829,
            0.3424044733128915,
            0.053011856908772005,
            -0.4088300773987662,
            0.6920222505216184,
            0.03160890580170381,
            0.09194266363334806,
            0.45485420976573415,
            -0.18101469410658502,
            -0.21590413414208903,
            -0.6383205052611209,
            0.3203591139051074,
            -0.4556211616810409,
            -0.2880660127236445,
            -0.44775233039660817,
            0.11398834755003232,
            -0.6927788220835797,
            0.3110826893685017,
            0.14956502430698929,
            0.42075027214432625,
            0.2918978246235665,
            -0.5984316546287727,
            0.6875793794178838,
            -0.6074551145764825,
            0.4827066139851392,
            0.11823940553533753,
            -0.673480995775354,
            0.26329546378600643,
            -0.30087898222641063,
            -0.3517896440724083,
            0.048469295107952885,
            -0.07522571994383505,
            -0.6125821863818633,
            0.059006527893699756,
            0.4354854428493938,
            0.06899339744151886,
            0.4097800530709869,
            0.0458270292686764,
            -0.16271789274406595,
            -0.2441557217458647,
            0.10989542534493912,
            -0.6831379498391084,
            -0.6349683282605035,
            -0.6331389975641144,
            -0.43512989325149665,
            0.4418996547424668,
            0.17219040189059295,
            0.09124161150635705,
            -0.43884193013974665,
            -0.42424437441816487,
            0.24811563395926817,
            -0.3602391282361403,
            -0.10408803363832166,
            -0.07860513708571235,
            0.36112553003328596,
            -0.19528021145081723,
            0.08555323056964584,
            0.06819267848286079,
            0.16338945146864697,
            -0.27626788823952486,
            -0.24091700252197204
        ],
        [
            -0.054460116201940946,
            -0.2708744546310316,
            0.1296476582120646,
            0.3092621062795606,
            -0.04591002294677473,
            -0.33011092173305456,
            0.32148215478587083,
            0.3711212586425927,
            0.4033813868029191,
            0.2688400927446752,
            0.1628209913232023,
            0.028606043088619373,
            0.08967000576695305,
            -0.053951954128466276,
            -0.06820062464699232,
            0.42715684881728044,
            0.12780451330705603,
            -0.1276012707885974,
            -0.04233999074575487,
            -0.22075563677386978,
            0.36367207712051436,
            -0.12852296926042522,
            -0.13770292185501073,
            0.16418883600620263,
            0.3290464861179751,
            0.028929960574093274,
            0.19692160252705732,
            0.06815445029948722,
            -0.04642703091793716,
            0.12900620374110844,
            0.35508543685008537,
            0.4181779835733581,
            0.2564996393884919,
            0.23975414400198222,
            -0.37423901758891087,
            0.3525635425416502,
            0.1895734534701629,
            0.15580948715858434,
            0.38492471702459036,
            -0.15884238347133406,
            -0.16710289768499503,
            0.05175978840960909,
            0.23876560119832524,
            -0.3672237644355808,
            0.07445295282493937,
            -0.07153119990232863,
            -0.27328732246436466,
            0.17298586075371727,
            0.1609036664302097,
            0.1574111977220677,
            -0.12718230394544328,
            0.3061106419459963,
            0.24144636507631095,
            0.2788377717822461,
            -0.07283263462232067,
            0.4118602412582067,
            -0.2546376670767554,
            -0.2518488789166944,
            0.07068427238743973,
            -0.20891659090196563,
            0.34726898704004305,
            -0.22883350325762006,
            0.3665202716358928,
            -0.2389694460794251,
            0.1170152580727874,
            0.34470936647155687,
            -0.08549505010228708,
            0.09899282834834762,
            0.33889193196439704,
            0.1305795381367664,
            0.15364224428814655,
            0.3380663057611194,
            0.010364245174578653,
            -0.15279089979166233,
            -0.030905577309965147,
            -0.15740014558470508,
            -0.012218134681167182,
            0.1910902421690173,
            0.14932404431862017,
            -0.009231314244799291,
            0.3752441269982289,
            0.12983073207329682,
            0.45815084467689426,
            0.21885332666043872,
            -0.08284834408206877,
            -0.08065271191560595,
            0.19016356628272377,
            0.19697877709736628,
            0.09215658191017334,
            0.02204406970937777,
            0.30545078199347314,
            0.12743486497003645,
            0.035678138814328034,
            0.10541735851180188,
            0.12537159329401246,
            -0.040749197253510214,
            0.09316574997957795,
            -0.14693469013375882,
            0.2921336374250717,
            -0.062269067419329624
        ],
        [
            0.22941513855726975,
            -0.6265454824195058,
            0.41110718951615705,
            0.43955054536089927,
            -0.07840464558311876,
            -0.6391768750957575,
            0.3711212586425927,
            0.9067365745115795,
            0.7495988378862729,
            0.506382098388637,
            0.5582685626980773,
            0.13675204049288098,
            0.15687813497314593,
            -0.33156297562453324,
            -0.11382590471587181,
            0.5933486510138437,
            0.133341641082765,
            -0.20311637977418381,
            -0.02832495398505905,
            -0.16812175619657196,
            0.9088601262367276,
            -0.004718011387755305,
            -0.5354286996114354,
            0.2230854583647582,
            0.822368687602255,
            0.030892721811423197,
            0.4190312124111772,
            0.07707965249017891,
            -0.31883608619127485,
            0.24339429870879623,
            0.5249269882867446,
            0.7356963687581148,
            0.6370097950043125,
            0.4630303872040313,
            -0.7661166346134389,
            0.7084862985403612,
            0.297538793677719,
            0.4586948450713957,
            0.6532967404164961,
            -0.20112741907352683,
            -0.5173795019457563,
            0.29998574734550376,
            0.6351526244403083,
            -0.7959445815285656,
            0.5712123698437744,
            -0.07027443194233088,
            -0.46021325580727607,
            0.620925327433383,
            0.6414738289446515,
            0.44636320675594865,
            -0.35741775737023884,
            0.34809858930958704,
            0.5977603340980404,
            0.5784402973953936,
            -0.27624896885459554,
            0.6826890573128703,
            -0.24616021467963015,
            -0.47959522685802203,
            0.11896658358562906,
            -0.2659917488235609,
            0.6696888947787087,
            -0.21219301840506408,
            0.6778314206340721,
            -0.7162149744441922,
            0.4511287478254288,
            0.496442122549496,
            -0.1689212906742296,
            0.11419187622263259,
            0.416578069053491,
            0.16087814648087198,
            0.3834951712481226,
            0.7841743379938128,
            0.06532751353079067,
            -0.20100558957804776,
            -0.07159810330769398,
            -0.3258929968808577,
            -0.3125566092543179,
            0.40490686130631387,
            0.7135184264256288,
            0.04378256252113289,
            0.9386796533878478,
            0.5620111863802636,
            0.7292906646243039,
            0.6428121208709869,
            0.08936069306371928,
            -0.27218285931069636,
            0.33583880122986276,
            0.3803493235363162,
            0.5087903643105023,
            0.1323658897975459,
            0.6346800909496073,
            0.1117105241068444,
            0.27938161083809726,
            0.0901769061341891,
            0.301033329060266,
            -0.05412741609529582,
            0.24240817577579654,
            -0.2995185294000153,
            0.7138504855794552,
            -0.13169660419649068
        ],
        [
            0.08436461973848632,
            -0.5175440114343417,
            0.16209745006804926,
            0.41703284604989743,
            -0.06347162703650484,
            -0.5957277624073355,
            0.4033813868029191,
            0.7495988378862729,
            0.9482081321739974,
            0.30944090824168613,
            0.241296876891164,
            0.16759990412833692,
            0.32302338228627386,
            -0.23429491828508023,
            -0.20494665222795946,
            0.7572992047941643,
            -0.033329798867761155,
            -0.2857455655914098,
            -0.010620174817080077,
            -0.0724571385775773,
            0.6193363828403523,
            -0.3993137124635062,
            -0.5373985379739546,
            0.15712261698716906,
            0.719807765390014,
            0.19449623372154137,
            0.5903643160705105,
            0.0027926764599495663,
            -0.17476620324293587,
            0.2083677490917072,
            0.576237071540364,
            0.6298777928963553,
            0.4303943021318304,
            0.4610484526246108,
            -0.6700829050697191,
            0.6754524692328846,
            0.18950520181082633,
            0.24187015688415095,
            0.6328932968742209,
            -0.28196009430129615,
            -0.5035435113089527,
            0.13905266938364239,
            0.43852535632152423,
            -0.6360197962806854,
            0.09180416534770153,
            -0.06653372967083152,
            -0.3110242687003053,
            0.2558137894300103,
            0.06661058799118245,
            0.32099259555615645,
            -0.23617168755810097,
            0.5078989278317491,
            0.24454838423846575,
            0.43342820463028014,
            -0.31467073889939456,
            0.8649014554448743,
            -0.1784868658791141,
            -0.27720106921564236,
            0.08490506870987612,
            -0.12467037168514526,
            0.7041091378390075,
            -0.3032634858766188,
            0.6609942439551081,
            -0.6156635617539253,
            0.39543172702852425,
            0.7495450737890083,
            -0.2495461973148214,
            -0.13255194481156626,
            0.6216603425923026,
            0.29806092867767997,
            0.25363521845805576,
            0.6974619813333388,
            0.007287180702502747,
            -0.2803753243956207,
            -0.24479606789410183,
            -0.3896762579507897,
            -0.2501302245961457,
            0.3439945581694799,
            0.25783553677341714,
            -0.09450303457701066,
            0.6044990817973952,
            0.4482013229909658,
            0.8030914473682433,
            0.32305874420377945,
            -0.21770276687183324,
            -0.0871165416079727,
            0.41690239089096925,
            0.39675585020623877,
            0.5013237150149242,
            -0.021831152829415196,
            0.5271064966980855,
            0.2097984151074701,
            0.1988821112078322,
            0.35402507143432277,
            0.26998453233189346,
            0.017051391111524754,
            0.1509985416411684,
            -0.21600545721604686,
            0.7161881306677447,
            -0.11285247891693441
        ],
        [
            -0.21365163854299873,
            -0.36912496433847736,
            0.05559023808398641,
            -0.27621494972932387,
            0.04356146140314212,
            -0.24995939726115943,
            0.2688400927446752,
            0.506382098388637,
            0.30944090824168613,
            1.1561262504559424,
            0.4134077791462279,
            -0.017292651278429255,
            -0.09677632071686962,
            0.14971708669411357,
            0.0752987028481539,
            0.1626571494232953,
            0.18711656033487345,
            0.037773188062171364,
            -0.310818465257172,
            -0.36336266083936386,
            0.5429494047835718,
            0.12260733851529301,
            -0.444556752160034,
            -0.2852102767543084,
            0.8894282515510483,
            0.23633850672985632,
            0.34690695668997673,
            0.0440525424893409,
            -0.530183916734554,
            0.07682118936753723,
            0.14884661042311298,
            0.26235539616479203,
            0.5137332735364615,
            0.16076688324223928,
            -0.0056985594123289225,
            0.3192995824187171,
            1.0508814899126058,
            0.35144282998838394,
            0.30069497475802426,
            -0.20785256869225952,
            -0.6354321826991874,
            0.15319297441580818,
            0.23724564410584295,
            -0.6006036979235027,
            0.5594607163420469,
            -0.17534911442919648,
            -0.6062560564397135,
            0.6842248283992963,
            0.7607112696284306,
            0.33942034884230543,
            -0.23241673501505813,
            0.2484952993524747,
            0.753506046566061,
            0.2703115009840895,
            0.20957193438691288,
            0.2731414011584241,
            -0.4067271373949374,
            -0.3399652056050736,
            0.1774571402932577,
            -0.48133772450495405,
            0.3478367869422259,
            -0.15357657486117166,
            0.323342367744646,
            -0.09937137743158016,
            0.34724544463600215,
            -0.21501333812554338,
            -0.10384861192128869,
            0.1999972391573614,
            0.3328030440966312,
            -0.09878327311725335,
            0.3397616337946404,
            0.1700948232087885,
            0.01023913999901236,
            -0.26417658332454813,
            0.563740993183815,
            -0.32870908672665683,
            -0.09141180605956434,
            0.48199257408202445,
            0.46777114383599216,
            0.1858867320934861,
            0.5741096876504154,
            0.22323161537719272,
            0.41137440642867035,
            0.5345662989996227,
            0.15591673304997122,
            -0.08646565894278081,
            0.1713913440711593,
            0.36532011713209905,
            -0.16164575865942704,
            0.5740324334098464,
            0.8679611881254695,
            -0.21407308030077277,
            0.05053608491981102,
            0.15534669302945314,
            -0.2083371302357285,
            -0.34611794087001796,
            0.4136657279624266,
            -0.14818543883042665,
            0.4228514944480707,
            -0.01474807477273255
        ],
        [
            0.11194212143164495,
            -0.44980359722194874,
            0.40698939727757594,
            0.08153607091938891,
            -0.029789149570572833,
            -0.3429516171922951,
            0.1628209913232023,
            0.5582685626980773,
            0.241296876891164,
            0.4134077791462279,
            0.5957051466511698,
            -0.025655760893160857,
            -0.11757577027880015,
            -0.3100594826098506,
            -0.00853142832985982,
            0.0744846369247789,
            0.19627747402049742,
            -0.04256744841993108,
            -0.20769415215257628,
            -0.17008592937094244,
            0.6543248701533302,
            0.3343827462516871,
            -0.2632155680098549,
            0.08585545849443106,
            0.4791489570555656,
            -0.052760061018522195,
            -0.012810741472387806,
            0.15880330506881624,
            -0.3774440627480334,
            0.04008525178581363,
            0.21724438041219812,
            0.4385031790761786,
            0.5136984921856829,
            0.21560676435925769,
            -0.5430004033993974,
            0.31238628070537905,
            0.31984072957962206,
            0.47935049956117426,
            0.27940529474163023,
            0.016179299714547804,
            -0.3906700267111444,
            0.3228998919777674,
            0.42916314398524325,
            -0.5564320512156381,
            0.7375552350346624,
            -0.12573050099324432,
            -0.4832121559367961,
            0.6227720955877913,
            0.786159586387208,
            0.30065633048968304,
            -0.3619899954520382,
            -0.010171681131278854,
            0.5856751814246918,
            0.39737447130898873,
            -0.11047349790420287,
            0.15902812744851588,
            -0.0766951241342739,
            -0.4823679605884245,
            -0.012689988666362251,
            -0.33302770656251734,
            0.24695206796294947,
            0.1639204222877966,
            0.3950676827991764,
            -0.4428982092947439,
            0.377967535572785,
            0.005904939807548082,
            0.04040293085437512,
            0.22690393861378932,
            0.028368198443242114,
            -0.07450902155509401,
            0.28501501530685114,
            0.4268609191904504,
            0.0896386883912396,
            -0.10286886082277613,
            0.16171947290270233,
            -0.13915028254864878,
            -0.2686059048734917,
            0.29846656535312877,
            0.7290960578686262,
            0.15928995820204045,
            0.722204081672588,
            0.3567095516446392,
            0.3017195123554946,
            0.544482229518406,
            0.2911984570119386,
            -0.43877327268653465,
            0.10856071959017309,
            0.09347976632142077,
            0.2723376670947936,
            0.18248037824667326,
            0.42439336039453923,
            -0.18724242585066478,
            0.26915624377934166,
            -0.1151497287386201,
            0.2995091927559335,
            -0.12050407311212195,
            0.355319818311466,
            -0.20336270796292885,
            0.2928610478144394,
            -0.18429834255325392
        ],
        [
            0.19399747253573696,
            -0.13948744810658686,
            0.27898816734105497,
            0.29654257852937593,
            0.025275028960407026,
            -0.010919752791955182,
            0.028606043088619373,
            0.13675204049288098,
            0.16759990412833692,
            -0.017292651278429255,
            -0.025655760893160857,
            0.46811673978881035,
            0.0035348344631253486,
            0.05398529522523733,
            0.026228660253987263,
            0.14113056337759802,
            0.20876971148587034,
            0.011365894495632798,
            0.0967542177404962,
            -0.12273892554801138,
            0.21423037772244546,
            0.03286296149102463,
            -0.2349444209807925,
            -0.02399268080162136,
            0.2161055653500796,
            0.11778595923781371,
            0.23277946467415575,
            -0.02541510238570653,
            -0.11026098965192413,
            0.2192799237264445,
            -0.02409613427279299,
            0.05091471056102107,
            0.13368608069579582,
            0.039532601323975486,
            -0.06672851665873991,
            0.31223401266538786,
            -0.06930088772362107,
            0.02627224695821127,
            0.1340379403218887,
            0.061794182909119595,
            -0.1430830202517527,
            0.027324816474398658,
            0.1471264982527256,
            -0.1793008636533573,
            0.13075931437463806,
            0.12004511684885477,
            0.07574935982908708,
            0.1264550595323923,
            0.11182313853983722,
            0.22801575398467758,
            -0.03643536934036733,
            0.045824295482425545,
            0.03750266662505914,
            0.20569226859257314,
            0.13432597156008222,
            -0.12447602168121567,
            0.16212357263797503,
            -0.06742754709728821,
            0.4158281189208807,
            -0.04350732071537846,
            0.2351896457615187,
            0.000624273993515193,
            -0.03178082186763949,
            -0.28742439976927325,
            0.15914254922245197,
            0.1623547266200449,
            0.06741461611359169,
            -0.02875645813078127,
            0.09196444441170072,
            0.049513953919822426,
            -0.16338475888488618,
            0.10456543345597417,
            0.01596326113023498,
            0.165623187865188,
            -0.021814149046007328,
            -0.058251248900609856,
            -0.22305759335357572,
            0.09869707622714412,
            0.18000467406772608,
            0.017887311906022652,
            0.11157528176962964,
            0.1621694409773252,
            0.09675357160036145,
            0.08895506454358308,
            0.15234219084359954,
            0.09103414246641302,
            0.2196589202881253,
            0.21409063412992071,
            -0.017406416216076744,
            -0.06977564561997816,
            0.14005368655488323,
            0.20365104993044664,
            0.07029254826004197,
            0.14548226615112078,
            0.1312964968921294,
            0.0440293593705748,
            -0.13724556842626548,
            -0.06732789489650033,
            0.4010657023979814,
            -0.281171440397725
        ],
        [
            0.5335871144509313,
