{
    "pos": [
        [
            0.8378860285980263,
            0.5690746783917344,
            -0.18560559273050684,
            0.13323134282367774,
            -0.31645315355026926,
            0.7986475739187852,
            -0.12848097046292542,
            0.06094377253358475,
            0.14383659174121913,
            0.5547764985878908,
            0.052663431546448945,
            0.7007867677201922,
            0.6578285428346282,
            0.35210194802541933,
            0.08534066399163154,
            0.6371296933399099,
            -0.04166510048414076,
            0.5345987898735203,
            0.7588788887134871,
            0.3595368976217996,
            0.1503873462144555,
            0.5141619806194021,
            -0.37535830150130167,
            0.7011387135796018,
            0.40558228802874263,
            0.09117962971895768,
            0.12370219292152795,
            -0.08590291116769871,
            -0.20627766551881976,
            0.6684061489170767,
            0.33436408465154094,
            0.03575290465780017,
            -0.07895664551443267,
            0.5691152814999638,
            0.49544443262307325,
            0.7463806788837788,
            -0.18150317327406512,
            -0.3999583182971183,
            0.010344226893196324,
            0.16612184720505585,
            -0.402576138319107,
            -0.10094175615269163,
            -0.4155290497617218,
            -0.4167693989404524,
            0.522194499136695,
            0.022599550543388976,
            0.11718403869468047,
            0.6055792442820479,
            0.6045121007769195,
            0.3560664891802936,
            0.25529483190632324,
            0.39294423273828893,
            0.636757600354435,
            0.8026812249992997,
            -0.3827781575793033,
            0.4961532266908369,
            0.6487260577253412,
            8.889507767761926e-05,
            -0.08500390432611464,
            -0.022765878478638316,
            0.26333952798727733,
            0.594763999941103,
            0.12148329366866134,
            0.7584148200156193,
            0.07903335730448045,
            0.1027982970617434,
            0.7720241750783418,
            0.38567520174322034,
            0.5274024056663015,
            0.7647725939069645,
            0.7143729112342577,
            -0.031315942548510466,
            -0.4793403957930059,
            -0.5608299935497463,
            -0.34574093944300643,
            0.5463791433331343,
            -0.30238790942899657,
            -0.14657419754433476,
            0.371886384764143,
            0.3207069888922363,
            0.7455888794717201,
            0.19412648178604422,
            0.6586340887558787,
            0.14202412745224993,
            0.6759934666164741,
            -0.10752266830566821,
            0.25627023228636203,
            0.36063868346020633,
            0.045559208878692664,
            -0.6017831290864358,
            0.12840297704200698,
            0.5483912200121229,
            0.25685039989889463,
            0.32021042029290653,
            0.4310905607732349,
            0.33584535974155844,
            0.1668409202412614,
            0.6941440263561706,
            0.7348115138234094,
            0.7622670053316888
        ],
        [
            0.5690746783917344,
            0.703827747346136,
            0.09164052510420287,
            0.10560423100378367,
            -0.1858161291263717,
            0.4895986421794579,
            -0.03261414379549523,
            0.007559540660128886,
            0.48193852433776585,
            0.33952772842723866,
            0.17816927928472423,
            0.4636086700281181,
            0.445204213398311,
            0.2208249783176378,
            0.04115984741733593,
            0.3655798153986173,
            -0.09921259491545005,
            0.29182555392478077,
            0.7735269978421573,
            0.42371053957719157,
            -0.05123667031564926,
            0.2679725684210069,
            -0.4376413019503113,
            0.3653713327671256,
            0.266813211691458,
            0.21647982049245965,
            0.07544048413443237,
            -0.2508262033438082,
            -0.04948107698892749,
            0.4979615108736304,
            0.18201043092917055,
            0.05720690974717248,
            -0.2811941215213451,
            0.479109160114421,
            0.44477506891427027,
            0.5626440160622969,
            0.030168236989846494,
            -0.3194216639232548,
            0.015278950906352357,
            0.009910817893224323,
            -0.1538926404445019,
            -0.13186037554065538,
            -0.29105371787141493,
            -0.2622796799693421,
            0.327352929863765,
            0.08359088744441737,
            0.25032564878317787,
            0.3937756522739029,
            0.25883272900397886,
            0.32169573479459734,
            0.09859781989055807,
            0.1926150707386006,
            0.4386946618882379,
            0.5495772877259885,
            -0.3585225953554129,
            0.3522621908825335,
            0.3860987701321404,
            0.028056489065544525,
            -0.10036559407580561,
            0.01796355406849676,
            0.16272580748146406,
            0.3308184436054014,
            0.03195734327056629,
            0.4355581194853182,
            -0.0276504016200347,
            -0.015288478263549888,
            0.6173296655206844,
            0.12940782078457086,
            0.43499093554459306,
            0.5365512770798728,
            0.5734581996713337,
            -0.12153177560412229,
            -0.3855686760212602,
            -0.5164198996438223,
            -0.3131478708934144,
            0.33204425852335706,
            -0.06143126335094199,
            -0.10695172926937362,
            0.31164652540654514,
            0.23835093461940543,
            0.5661233475219382,
            0.17168538722943136,
            0.437836069453051,
            0.2017736043277314,
            0.48595663383966253,
            -0.14854479795828487,
            0.33172902029084866,
            0.32716517777100523,
            0.06531085129500828,
            -0.23689026489911488,
            0.15764252341582347,
            0.17674854213565247,
            0.15589287536417484,
            0.2879589336358135,
            0.19004267123762794,
            0.3268888346797771,
            0.3260534333014142,
            0.3386400689399723,
            0.49415041185223524,
            0.46049733110695
        ],
        [
            -0.18560559273050684,
            0.09164052510420287,
            1.2912724850670787,
            -0.07637821478942103,
            0.2793006843821695,
            -0.26170161038130263,
            0.22311260886929274,
            0.6698173216048481,
            0.4186156745689732,
            -0.09243074860865205,
            0.6030151232812443,
            -0.43752295476183944,
            -0.10674858490765969,
            0.28204557873908814,
            0.004941947133895231,
            -0.4921137765347499,
            -0.19019854027921532,
            -0.5545708230371874,
            0.5571490580314891,
            -0.31133445354507255,
            -0.14022214261651747,
            0.1528348472470259,
            0.8511489052194431,
            -0.42085417818110615,
            0.047663680584202076,
            0.5382786296077493,
            0.00909021255447047,
            0.3847493417838404,
            0.3906480849688441,
            0.06383772542076993,
            0.0884956283939191,
            -0.17264193327364555,
            0.5285256556368355,
            0.1866111453234047,
            0.07395168403758735,
            -0.05450257944633264,
            0.7430243998235423,
            0.5629619178106731,
            0.13794352698622414,
            0.26358860896914443,
            0.45491419310223336,
            -0.01412685122675572,
            0.1465443857626004,
            0.3029757505361657,
            0.03374479044779462,
            0.39998604968061413,
            0.29916659083692293,
            -0.14066949318291339,
            -0.1808361811713267,
            0.05377435759230522,
            -0.24686348151888682,
            -0.22265702702297543,
            -0.08404687375385288,
            -0.18718296651176744,
            0.07574668131795288,
            0.04864288169554683,
            -0.21354919659751997,
            -0.016970816448198114,
            0.03942814310040211,
            0.2079207347278663,
            0.015024461808033253,
            -0.4675779156809231,
            -0.17360736735304913,
            -0.5915197255659644,
            -0.03535314946388258,
            -0.05471824915925372,
            0.02469080645710955,
            -0.04581270615826651,
            0.1867921054300248,
            -0.2701657269480217,
            0.24357455800108083,
            -0.1118069654307499,
            0.3018331954421207,
            0.021702187540732273,
            -0.2414200593792398,
            -0.3770509679798723,
            0.2212813013817801,
            0.15822364605978856,
            -0.43710152737681185,
            -0.12803886516890164,
            -0.07623675575375544,
            -0.00963414306198779,
            -0.23503177140733614,
            0.262603491458126,
            -0.008568745869933992,
            0.09492809074170175,
            0.22440912090022624,
            0.3538282696322851,
            0.3034664847631045,
            0.12059301669331836,
            -0.3232208056386697,
            -0.7760675933131208,
            -0.0869156862256604,
            0.294721773381347,
            -0.3113456711854647,
            0.18006319626157813,
            0.5127067209933766,
            -0.3206114073822289,
            -0.33245468709757253,
            -0.3155974536984747
        ],
        [
            0.13323134282367774,
            0.10560423100378367,
            -0.07637821478942103,
            0.7972234351257746,
            -0.28211754524567545,
            0.21084516713796572,
            0.06873118438621703,
            -0.025027168709227738,
            0.26154391968870466,
            -0.04235979010688833,
            0.42653191545229485,
            0.11327684009654516,
            0.3752314530961022,
            -0.37770482684684226,
            -0.33631210840883724,
            0.21269816445705045,
            -0.24704146300021554,
            0.19912225201565723,
            0.12406426363613567,
            0.2546243593727515,
            0.07792086603095802,
            -0.31099056495542887,
            -0.2756164038877334,
            0.35582194262475647,
            -0.27510634394145916,
            -0.2028092432658232,
            -0.19983479183496475,
            -0.3672671350310687,
            -0.13512363720598192,
            0.3023503773272261,
            -0.15527659517617168,
            0.15155605258613025,
            -0.3177425889720055,
            0.08194077056870665,
            0.17722487156584132,
            0.13396070022522807,
            -0.136177094172585,
            -0.3714355169904646,
            -0.22435532677598302,
            -0.13511547380626623,
            -0.30466581413719446,
            0.2309837913990518,
            -0.252860619346565,
            0.1786781132401871,
            0.0965817248890663,
            -0.13561779950439254,
            0.13946429621403264,
            0.08753370353048018,
            0.0035878676663515887,
            -0.19487599859374477,
            0.011656259250690127,
            0.22784399051297485,
            0.08331507585966602,
            0.18076666438975988,
            0.15992965156734237,
            -0.21412612863805588,
            -0.16113922120352497,
            -0.2128846554484403,
            -0.04331013818324208,
            -0.3023597455015238,
            0.012862407137366711,
            0.2699068510469082,
            0.07476949078327953,
            0.4620303184290202,
            0.12556902299101408,
            0.14579801537356568,
            0.1375838001223516,
            -0.24221226882939115,
            0.06357982743751495,
            0.28539147049650243,
            -0.10929520035428819,
            0.214235269026089,
            -0.08618034792225812,
            -0.06446125487524465,
            0.019215802233630255,
            0.07013579178610811,
            0.20021006853799816,
            -0.22665522706792834,
            0.3106672301935118,
            0.173510390651774,
            0.11725969522389175,
            0.06693706177343062,
            0.28655467881001395,
            0.06268826516584555,
            0.046492323191225086,
            0.26051893634903706,
            0.0580455293459575,
            -0.4021865044113626,
            -0.2962701371613137,
            -0.10427635372971368,
            0.412677380928047,
            0.1540311106488493,
            -0.17353543251583123,
            -0.320633263592686,
            -0.20172997760318429,
            0.48635585312943164,
            0.21179862443006894,
            0.11206230439715857,
            0.18929390382109504,
            0.25534771931214245
        ],
        [
            -0.31645315355026926,
            -0.1858161291263717,
            0.2793006843821695,
            -0.28211754524567545,
            0.5627938915697306,
            -0.4131040274553223,
            0.19635669350913162,
            0.18929166665530556,
            -0.06829375675659204,
            -0.3333125562544121,
            -0.020225220947492597,
            -0.20009332281097592,
            -0.37792371990526186,
            -0.20539126134755759,
            -0.12228885510501922,
            -0.32581479477168207,
            -0.03395632089964939,
            -0.14004727020775057,
            -0.3172112069241459,
            -0.4150691370726304,
            -0.053498745625422756,
            0.009309598435055489,
            0.5710278128708092,
            -0.3355913100062334,
            -0.1460788961241149,
            0.060956246414339915,
            0.03398655927649085,
            0.34552232157899126,
            0.18884344262715136,
            -0.4124659590327442,
            -0.10321318881481734,
            -0.16431973881897668,
            0.35979539669086846,
            -0.2214551020212175,
            -0.16882553676656398,
            -0.30726448967773634,
            0.18055586962524303,
            0.33997848548636933,
            0.15956936728077822,
            -0.028661725624784366,
            0.47548689090078095,
            -0.10531984684394026,
            0.2620428894417923,
            0.18471960550733005,
            -0.10649881476178158,
            -0.195276120485097,
            0.06410140211887419,
            -0.15047710046510873,
            -0.06310020502478288,
            -0.01956648509912399,
            -0.2827729942504425,
            -0.4573707083733151,
            -0.22660786984577416,
            -0.36077169481068533,
            -0.00891311594996995,
            -0.1149058384674164,
            -0.3734151480034476,
            0.1889588961163028,
            0.030195193925119105,
            0.37169305534824554,
            -0.12479396068306278,
            -0.16756293399544825,
            -0.09855580696377317,
            -0.418921542676797,
            -0.14640219410587932,
            -0.16956852427026622,
            -0.22255880353594296,
            0.11587567133700595,
            -0.134871136802859,
            -0.3524948902715404,
            -0.3271288509664483,
            -0.11305368825939698,
            0.29246323922602463,
            0.26168907971239314,
            -0.39878156147871224,
            -0.06159387812809409,
            -0.0016731181066056175,
            0.34747047907196515,
            -0.46246463762602213,
            -0.16650704970177607,
            -0.3084729549425707,
            -0.1287898706952843,
            -0.3139524255775521,
            -0.052791924552019566,
            -0.30469024528330946,
            0.03125692957789056,
            0.008739576255827844,
            -0.030966451723035963,
            -0.014960013847108707,
            0.1293636908193197,
            -0.1268089886484772,
            -0.38476366765946185,
            0.0016043583358308292,
            0.06747568554368236,
            0.04375520815107272,
            -0.1681237645897993,
            0.13516884117923034,
            -0.28318727444738906,
            -0.3492621581123588,
            -0.3570648752442777
        ],
        [
            0.7986475739187852,
            0.4895986421794579,
            -0.26170161038130263,
            0.21084516713796572,
            -0.4131040274553223,
            1.1136477605117698,
            -0.04935425419244395,
            -0.09857297477249544,
            0.1720649117097383,
            0.66493896822239,
            0.022397461147195364,
            0.7809671418396197,
            0.900125696316232,
            0.4800324193054627,
            0.07339311409833893,
            0.6081372001905464,
            -0.07970662757879839,
            0.5832899069655391,
            0.7718159152213927,
            0.49985860315237046,
            0.10406827230936,
            0.4970672499707061,
            -0.6409952913770284,
            0.7979826260702497,
            0.38636271360127256,
            0.23061352593842407,
            0.21774995739204822,
            -0.29938026265598877,
            -0.11517054141503309,
            0.740825810676867,
            0.4730707119378563,
            -0.07049259417354362,
            -0.38249917279883333,
            0.4822217949977205,
            0.6977449714349463,
            0.7991140585379534,
            -0.16817311067903948,
            -0.4082549109888939,
            0.1301323331686423,
            0.008887756975711777,
            -0.48907249015770976,
            -0.17940508423675547,
            -0.35426010690105736,
            -0.4870755982886399,
            0.663821766656272,
            0.2297234153205194,
            0.10078828358305612,
            0.644947650314628,
            0.5095091615146574,
            0.38487708671916254,
            0.37144512319078876,
            0.6774410714866633,
            0.6884041470500587,
            0.8620057903381091,
            -0.3957966914325067,
            0.4621986966330703,
            0.7953167314047981,
            -0.08153824342840892,
            -0.12107115844993308,
            -0.0026843786037219165,
            0.3522699477803421,
            0.7648769520395737,
            0.22211823419267357,
            0.8405136963163846,
            0.11671196653218806,
            0.13419151272141272,
            0.8587651899196242,
            0.3328315367914268,
            0.4986612055563468,
            0.7683241264534898,
            0.8622856919209767,
            -0.01923188433067304,
            -0.631174214986525,
            -0.6778770138908828,
            -0.021929257001402816,
            0.5830809084243262,
            -0.30314195567750923,
            -0.049577898107989606,
            0.46446184467079654,
            0.325718796202391,
            0.7695288338659871,
            0.22096218699975,
            0.6507154877027242,
            0.32481265334171044,
            0.8016035641489693,
            -0.1293908848172487,
            0.37189129152100997,
            0.4883843767603629,
            0.14195902727555165,
            -0.5707265303078949,
            -0.005570955516292657,
            0.680310462188361,
            0.31054782172871864,
            0.3892854556822074,
            0.5305511953842038,
            0.18974364421594067,
            0.14317221695846757,
            0.6999383126499252,
            0.7232182712012869,
            0.8752499777978843
        ],
        [
            -0.12848097046292542,
            -0.03261414379549523,
            0.22311260886929274,
            0.06873118438621703,
            0.19635669350913162,
            -0.04935425419244395,
            0.6480734900592289,
            -0.05994436172106652,
            0.43427561972692375,
            -0.25672776638089834,
            0.15123382148145648,
            0.07071654905881868,
            0.12313906490083922,
            -0.4558695262050292,
            -0.3486275876580104,
            -0.05005142812871578,
            -0.11776298084942853,
            -0.08097114597940566,
            -0.016800000493020353,
            0.02545556787573076,
            -0.30708015465892846,
            -0.12082764990441101,
            -0.0094932633195098,
            -0.022668357602684427,
            -0.3261988679187142,
            -0.09596623303458891,
            -0.12165602964727146,
            -0.11775554734980415,
            0.08361245193501962,
            -0.06727740834920769,
            -0.09351877824865568,
            -0.029671576399893995,
            -0.13079471879374124,
            -0.06707387591954699,
            0.0704839701704288,
            -0.14376054899560264,
            0.12413291878852269,
            -0.04607081091540809,
            -0.015259076051965186,
            -0.2788821651242242,
            0.1968958484496188,
            -0.09600374513469052,
            0.06642879981705549,
            0.21424905301942726,
            0.058363221514084025,
            -0.18765392710586926,
            0.27601862984949793,
            -0.24152287283060805,
            -0.23778067813644474,
            -0.14027772671167113,
            -0.1277827734217408,
            0.06222143296374055,
            -0.18310722672244345,
            -0.204251744610421,
            -0.025334497262577194,
            -0.17227105613854055,
            -0.5360489504074526,
            -0.10719518242033133,
            0.03899999954419192,
            0.091334750478812,
            -0.2175999319948003,
            0.15791102623509365,
            0.047194702344761294,
            -0.11045146983536519,
            -0.1614417832882762,
            -0.1791427160297684,
            0.011250214352441099,
            -0.0952782938377156,
            -0.06757553833124416,
            -0.09342150456748181,
            -0.14560939122904537,
            -0.23880368873336352,
            0.04520215835362877,
            0.004738262387943448,
            -0.04727025300650828,
            -0.07207738869397075,
            0.03782655894677096,
            0.15219969074436812,
            -0.13204858124698088,
            -0.021838987436679863,
            -0.09145685887537804,
            -0.05810555043290247,
            -0.2209096089712131,
            0.14445553423258226,
            -0.20453003899681957,
            -0.1669470723703297,
            0.16692338991985467,
            -0.12316265102894822,
            -0.15422324374831833,
            -0.08451010638895096,
            0.15378953987966626,
            -0.14021563498407608,
            -0.30265163484633745,
            -0.05978522508303965,
            -0.04564220348890644,
            -0.032699312586349956,
            0.45926053270740397,
            -0.09182676901970334,
            -0.16445186016740695,
            -0.21958272066456494
        ],
        [
            0.06094377253358475,
            0.007559540660128886,
            0.6698173216048481,
            -0.025027168709227738,
            0.18929166665530556,
            -0.09857297477249544,
            -0.05994436172106652,
            1.116420565737976,
            -0.2810002965750728,
            -0.048461337992737386,
            0.5718426929850777,
            -0.18533466799099202,
            -0.14468400568716502,
            -0.05405464474380543,
            -0.1283575210171936,
            -0.2817181935752957,
            -0.11696619179575352,
            -0.14912628960914062,
            0.19248162462761045,
            -0.5306022433851119,
            -0.019232306559138896,
            0.07573821478670478,
            1.455213392725967,
            -0.17333338486590352,
            -0.0937485429958163,
            0.09338534105948876,
            -0.03951468768079132,
            0.901597309404054,
            -0.01494565928047761,
            0.08560505107990973,
            -0.21047806925542326,
            -0.21187144359816415,
            1.2204451259450182,
            0.15819158812828382,
            -0.19198411454995967,
            -0.04693338337528088,
            0.08229380988673812,
            0.6309771403715138,
            -0.005124281564874488,
            0.7090188079924198,
            0.23127053495163322,
            -0.1096499661525481,
            0.018262380186719034,
            0.11240590804309193,
            0.04360984755742301,
            0.303142032189107,
            0.12238703626950219,
            -0.1016988140111327,
            0.33204303285272196,
            -0.04913147485903194,
            -0.27930807777127287,
            -0.3108070909005516,
            0.051733682564156946,
            -0.05719874208708016,
            0.3476584369110259,
            -0.07034582517438585,
            -0.25839426996813003,
            0.2515504071132012,
            0.04299237694355556,
            0.17282671951987824,
            0.2011186016824645,
            -0.12608730562138018,
            -0.18635304636781955,
            -0.22618358129413524,
            -0.027243568746207085,
            -0.03222921528303533,
            -0.08290343196234666,
            0.13132232958245402,
            0.3482043738196283,
            -0.1484547002212157,
            -0.004175662718418834,
            -0.044307279440635255,
            0.6143108086735586,
            0.2987459152613743,
            -0.45089169955138503,
            -0.12621485314659026,
            0.18901305089740852,
            -0.0812841285313094,
            -0.4922771665902871,
            0.08450061153491817,
            -0.1261774392668838,
            -0.012384405700909212,
            -0.11484080941535256,
            0.14668791168348277,
            -0.11107763926321602,
            0.030118955288626105,
            0.12701349648256063,
            -0.07958977791551734,
            -0.07572326155993894,
            0.09122936103170352,
            -0.17151366911396707,
            -0.24610910140699976,
            -0.26189095136047147,
            -0.003342633291415895,
            -0.08515077958590972,
            0.31606216007729476,
            0.4429562090194214,
            -0.04373556243300147,
            -0.14607717079633672,
            -0.1750420669099818
        ],
        [
            0.14383659174121913,
            0.48193852433776585,
            0.4186156745689732,
            0.26154391968870466,
            -0.06829375675659204,
            0.1720649117097383,
            0.43427561972692375,
            -0.2810002965750728,
            1.5602889461558036,
            0.03685606995765494,
            0.7814920325591065,
            0.11653132123554344,
            0.5011707828335004,
            -0.12953997127111685,
            -0.4202342451248898,
            -0.016892477134461605,
            -0.17109342662522248,
            -0.06128953671399409,
            0.5123103790032761,
            0.4998591785842402,
            -0.40936188489337777,
            -0.07880071593983344,
            -0.6906224105567691,
            0.016075529828890524,
            -0.3314457486510419,
            0.2543392315786364,
            -0.1795808465509976,
            -0.6447949430427562,
            0.33012486722638024,
            0.3645912880830183,
            -0.01608943812265173,
            0.20638922302745968,
            -0.7284963502333635,
            0.2580071299228758,
            0.4766205525407468,
            0.17207897568620817,
            0.41335815346307486,
            -0.2806416860722637,
            0.06631483816998783,
            -0.5384085463311804,
            0.14246780566524533,
            -0.008272480292800418,
            -0.13527648961902494,
            -0.002903815798991863,
            -0.03371782936830677,
            0.15520808474584966,
            0.7030256024801256,
            0.004957619999816123,
            -0.22141773761380878,
            -0.05075095358896459,
            0.17522279253106732,
            0.332433617322275,
            0.08148982075366423,
            0.1840701337419373,
            -0.20391985635654813,
            0.015941254788071298,
            -0.25688822749743356,
            -0.2282012821526194,
            0.061242481810713345,
            0.19544056619813144,
            -0.195427052346476,
            0.15165526462495124,
            -0.0351238093313028,
            0.00445232408110741,
            -0.1899830277093937,
            -0.19035556694084788,
            0.24749216200064492,
            -0.32431721844194494,
            0.2905694678748551,
            0.1913416752070121,
            0.23620952425394495,
            -0.35392516953598935,
            -0.373915861274066,
            -0.38136027372135217,
            0.02123368778831663,
            -0.04799277818648785,
            0.07153490331662794,
            0.00972369967103992,
            0.04919914236687175,
            0.44090786929877296,
            0.3245403898853382,
            0.008340379599656248,
            0.05842215817953206,
            0.49427560924380703,
            0.2893953863554675,
            0.09181115146864782,
            0.43749260963980996,
            -0.0023672490613651995,
            -0.03585849918015824,
            -0.07645568170971365,
            0.20948288302934123,
            -0.32467251125458546,
            -0.1736724075408993,
            0.1159331588559375,
            -0.12263530418326962,
            -0.004551781668162798,
            0.502050787069426,
            0.044089829410919955,
            0.044935365683627285,
            0.034420618145884735
        ],
        [
            0.5547764985878908,
            0.33952772842723866,
            -0.09243074860865205,
            -0.04235979010688833,
            -0.3333125562544121,
            0.66493896822239,
            -0.25672776638089834,
            -0.048461337992737386,
            0.03685606995765494,
            0.6733430646943649,
            -0.1472702308483825,
            0.36470839665729593,
            0.48499123624487966,
            0.7953410945504996,
            0.3765652986498536,
            0.35113835350403994,
            -0.027679243965797698,
            0.23124288717886893,
            0.5265144021429617,
            0.28413642885468376,
            0.19820610245830358,
            0.5971053875358462,
            -0.2717308888451425,
            0.4150832466789365,
            0.5026740164100532,
            0.33324463114879976,
            0.3017639950714504,
            0.016167386793213123,
            -0.057554487205428696,
            0.40310039779310947,
            0.36871986359782993,
            -0.10002000968879066,
            -0.024026557719365398,
            0.3405500130798185,
            0.4367469084647299,
            0.5573461616612789,
            -0.040398291737355256,
            -0.10378125660645578,
            0.12493063342153146,
            0.2256181784576546,
            -0.3219633866885041,
            -0.09211157609187647,
            -0.21649413070526943,
            -0.40836930069951627,
            0.29955743215708974,
            0.35544362148726805,
            -0.22572040503817956,
            0.525336833690198,
            0.4210281419855908,
            0.3678580227889964,
            0.3157223804954154,
            0.444902917742558,
            0.42161920735966074,
            0.6044088262456269,
            -0.3184430309556587,
            0.560787396979391,
            0.8093557125169012,
            -0.06940387913558127,
            -0.03883418065583429,
            0.04854071880977632,
            0.31547519414770114,
            0.2729584188730128,
            0.012737357848649204,
            0.39644997864646514,
            0.06747043353094584,
            0.08156008486702937,
            0.5320167241260902,
            0.3633921102701352,
            0.28453796435764456,
            0.4253376149406233,
            0.7468040628096256,
            -0.04456855168680484,
            -0.363367835558232,
            -0.394872538811168,
            0.0822087971401683,
            0.2897444321365792,
            -0.2392078526944986,
            -0.10400363211052892,
            0.4040300387449717,
            0.1733529625859547,
            0.5812284191892851,
            0.14642538202296623,
            0.4578651797834487,
            0.07146538036938052,
            0.6302163114830428,
            -0.040537275130589474,
            0.22356176467429614,
            0.6346771688764176,
            0.33666706491233506,
            -0.4225444422193493,
            -0.070100389365137,
            0.4555090926722115,
            0.3708819538332574,
            0.43637642783619224,
            0.4161355246464318,
            0.17263183088361714,
            -0.27760444011768914,
            0.44294768810148283,
            0.5478813639117321,
            0.5689053269117568
        ],
        [
            0.052663431546448945,
            0.17816927928472423,
            0.6030151232812443,
            0.42653191545229485,
            -0.020225220947492597,
            0.022397461147195364,
            0.15123382148145648,
            0.5718426929850777,
            0.7814920325591065,
            -0.1472702308483825,
            1.98050368784806,
            -0.07845442173892737,
            0.12387288215967852,
            -0.2566940749553944,
            -0.45684656133635704,
            -0.4121799023384967,
            -0.3374264266664696,
            -0.16755065080018433,
            0.535966253962887,
            -0.20537303435455564,
            -0.12665103673046305,
            -0.34014936842515137,
            0.379041874657082,
            -0.0820989062414391,
            -0.47537646305285697,
            0.0039477138441623765,
            -0.18936832382512797,
            0.07702784995775257,
            0.2314042087053411,
            0.5008468891356972,
            -0.04150516131596848,
            0.15591049240968852,
            0.2113168817666743,
            0.21782445484635982,
            0.01831534839782327,
            -0.026236690053163286,
            0.23045991179602887,
            0.1568716137118872,
            0.07226024766962531,
            0.211722395123323,
            0.1804116718207456,
            0.262309527336251,
            -0.00983370721470159,
            -0.06034953185851377,
            -0.11071285638852399,
            0.0010730233538848043,
            0.9673542915921892,
            -0.07641590739624073,
            -0.01620059887380666,
            -0.35505429292521634,
            -0.08545403671731175,
            0.03646579575552813,
            -0.06769586759444639,
            -0.00588933204023994,
            0.24196906366550885,
            -0.30733296723870956,
            -0.4536692194878898,
            -0.14291995859071985,
            0.1765199136039921,
            0.2858097859039336,
            -0.29348836736163714,
            0.1995977611933051,
            -0.07131554480556748,
            -0.0030808520978087327,
            -0.02985194679922189,
            -0.01196172079272021,
            -0.01379633553089701,
            -0.2421334634390361,
            0.4909184529925372,
            0.0149198122172306,
            -0.010461041889462983,
            -0.17847377767512135,
            0.10605764001208093,
            -0.18336078459891578,
            -0.25481885642378443,
            -0.04934556000790329,
            0.42375573577183323,
            -0.12085963526552776,
            -0.5170354276314504,
            0.519325986770923,
            -0.07513972190406588,
            -0.10289531572439163,
            -0.2200241935834415,
            0.6826543179626041,
            0.08388703749371126,
            0.6251224311115856,
            0.598054231278145,
            -0.4229262515724049,
            -0.28428742211470187,
            0.5620414188957854,
            -0.2066713656249759,
            -0.5177618309857712,
            -0.3349533525567342,
            -0.06357826601473497,
            -0.16242462890690854,
            0.45359094361567637,
            1.2062197003844233,
            0.03829498876445321,
            -0.07656492793818576,
            -0.045694217186335706
        ],
        [
            0.7007867677201922,
            0.4636086700281181,
            -0.43752295476183944,
            0.11327684009654516,
            -0.20009332281097592,
            0.7809671418396197,
            0.07071654905881868,
            -0.18533466799099202,
            0.11653132123554344,
            0.36470839665729593,
            -0.07845442173892737,
            1.1005945503629735,
            0.7044137583658696,
            -0.08893966774855097,
            -0.14087212583158645,
            0.5871778039268295,
            0.20448209460382014,
            0.7343554432825081,
            0.5277001286701929,
            0.5090873496298625,
            0.08037948833640789,
            0.25917001556019503,
            -0.6875426276426677,
            0.6673387732238659,
            0.0983681219997149,
            -0.17706038747674083,
            0.053962560783352445,
            -0.2902616373382705,
            -0.23108937126572232,
            0.6130224773771481,
            0.3388389613944638,
            -0.021013055043404033,
            -0.4593577089648813,
            0.3344824018662857,
            0.4521473124092589,
            0.523401044564494,
            -0.3367364886193594,
            -0.6708138822334037,
            -0.01640719727529101,
            -0.08638330177552064,
            -0.4050008334268954,
            -0.17006026965419907,
            -0.316936052196313,
            -0.41396219800881784,
            0.40234643497332856,
            -0.24542505738704992,
            0.07418881391814479,
            0.6981817713429018,
            0.4943574828992241,
            0.13074763051610222,
            0.48290085053205184,
            0.6295731632685383,
            0.3954011601185288,
            0.7024755421574866,
            -0.5025780855189234,
            0.21425208697223252,
            0.45101119578226323,
            0.2120454479068902,
            -0.08490482395866103,
            0.22887569204700775,
            0.1906493685356504,
            0.79476348964203,
            0.2064627420066311,
            0.7731751903274672,
            0.07087367011965215,
            0.0891884569883246,
            0.7266156836742413,
            0.2828419672576939,
            0.24586814073370247,
            0.6669800434602107,
            0.3872160416593637,
            -0.0725160356660967,
            -0.5762043654868214,
            -0.4793229953547132,
            -0.3246661285957068,
            0.841968372244974,
            -0.3141362278729579,
            -0.04839177513698232,
            0.4570576908691551,
            0.34635937180947984,
            0.5156435105055812,
            0.1455409001133441,
            0.49353372229584763,
            0.22850877659149307,
            0.410782042924044,
            -0.08635336933794718,
            0.1983844869146796,
            0.05770492587536917,
            -0.2639284425357494,
            -0.6153473674538984,
            0.2046074385757892,
            0.5221558592029039,
            0.05849277810747294,
            0.27268614319880013,
            0.8363931116282961,
            0.2951631720093545,
            0.48766690867173773,
            0.7393659269809736,
            0.5109734338530998,
            0.7389719691660424
        ],
        [
            0.6578285428346282,
            0.445204213398311,
