{
    "pos": [
        [
            0.8022600946945587,
            -0.4126204367893055,
            0.15467870820422575,
            -0.03280899711561884,
            -0.03644699945318276,
            -0.2666024330625995,
            -0.4214471993854079,
            -0.13369880532537892,
            0.07240546285056453,
            -0.01232240485847957,
            -0.3994132098352207,
            -0.27763051637491126,
            -0.31335030594054286,
            -0.2246317000330937,
            -0.3321009874989939,
            -0.11077846937291164,
            0.021764915052868327,
            -0.2801653502058941,
            -0.12582519892470412,
            -0.35561980283920347,
            0.10826280713921382,
            -0.04596790057720025,
            0.19730225724421543,
            -0.12715573908531166,
            -0.034615987787440086,
            0.09237841422941698,
            -0.34266510230755487,
            -0.21902597889327613,
            -0.12800174530146216,
            -0.14327802528303318,
            -0.22495868882833414,
            0.21014047092008123,
            -0.08146732585742202,
            -0.09433698686571046,
            0.30132613922979984,
            -0.18119809433193615,
            -0.1977298027113489,
            -0.013994492995683594,
            0.19592698239710293,
            -0.4148959288815167,
            -0.4450605834878538,
            0.1069091962959103,
            -0.2813836757912732,
            0.11001817735989379,
            -0.18768228110127866,
            -0.2960688833959513,
            0.3610183843632066,
            -0.06313302027389969,
            0.3489145243251599,
            0.2110011156708924,
            -0.30042329719094296,
            -0.394730841790596,
            -0.11842643006477584,
            -0.2937680811327467,
            0.05324576997446364,
            0.32032296997263066,
            -0.11661502535512551,
            -0.2188281158570265,
            0.19894458727203893,
            -0.045597860983012765,
            0.04492823038102443,
            -0.16305582608866023,
            -0.46776250102897865,
            0.055268464148060255,
            -0.24408116730604937,
            0.1427436185364553,
            -0.22432153090940204,
            0.0004998213948397747,
            0.03283230732157692,
            0.0452611975807676,
            -0.05587701065865387,
            -0.0741224073746356,
            -0.11168084979269528,
            0.13113304283400762,
            -0.03953411160382173,
            0.10868848141657454,
            0.1337328845288809,
            -0.21366857697417718,
            0.08597094692833814,
            0.1484070607166333,
            -0.16033619683342715,
            -0.3092268009980909,
            -0.28392727740980106,
            0.36418754051341906,
            -0.3803456519123784,
            0.13637384439854586,
            0.09566664504360274,
            0.015790054070710727,
            -0.1311092300689174,
            0.09388146772995876,
            -0.19799227903581557,
            -0.1924986674087622,
            0.02353243542813021,
            0.15266169239386626,
            -0.38946112324357157,
            0.28968898449916336,
            -0.11813681572443119,
            0.15570885634725887,
            0.09635381978193772,
            -0.2058537853392095
        ],
        [
            -0.4126204367893055,
            1.6704478354873735,
            -0.2937227363432988,
            -0.07086778103316778,
            0.21063511827002693,
            0.18165616998005799,
            0.6044974067899088,
            0.32667230675163134,
            0.03817130463676167,
            0.15761772597532567,
            0.3513930577890256,
            0.3291396575216721,
            0.43342135905694407,
            0.3230230446174025,
            0.3835756834000937,
            0.1496461950757691,
            0.11754478115070406,
            0.32332375223647175,
            0.42142850604000154,
            0.20384135117585478,
            -0.2510199921603954,
            0.23722242759030285,
            -0.2192751980932611,
            0.3186590419659863,
            0.1158360202635707,
            -0.18979261381360246,
            0.42054488813920926,
            0.0824541769789025,
            0.11585365436384144,
            0.1025610083409962,
            0.281913146343082,
            -0.4518804328723021,
            0.06185729488353681,
            -0.20410803777056707,
            -0.08441077277622595,
            0.34640219730304256,
            -0.061486412258740825,
            -0.28037063278057667,
            -0.29270053489420667,
            0.45524280411019585,
            0.59440299248947,
            -0.014010113216926454,
            0.3444582801144477,
            -0.17116754633476297,
            0.24321193308526468,
            0.259832103349059,
            -0.4601851900531271,
            -0.14491673511163441,
            -0.4088458985129556,
            -0.34282082318250817,
            0.2873968017712655,
            0.5230018229836422,
            0.4713053507145169,
            0.36245276972112656,
            -0.01647417055685547,
            -0.42625596485066763,
            0.35568961974279445,
            0.39706468892128594,
            -0.1729044497383201,
            0.21882741294426253,
            -0.11767848117451028,
            0.1362754048828517,
            0.5152840860329096,
            0.0876572714479976,
            0.30632775135986146,
            -0.16052953226802896,
            0.1325827531132572,
            0.042026256083820566,
            0.05532782795666187,
            -0.21119407333069096,
            0.3109904050485775,
            0.1782327210965267,
            0.23218523552022688,
            -0.1647328726963706,
            -0.0042440234720208135,
            -0.11046522593960338,
            0.004639716570889116,
            0.2701107868139764,
            -0.10850612536761158,
            -0.45224087682033776,
            0.2815048235609061,
            0.3048658149658241,
            0.3971055075852557,
            -0.3353503197716378,
            0.41173211821072375,
            -0.04131550043358958,
            0.16068172770660447,
            -0.10887519995478526,
            0.5507533612153346,
            0.07617176092402148,
            0.18611850812789246,
            0.39639364828211426,
            -0.1048464744464233,
            -0.2842831104702372,
            0.580694903047679,
            -0.40984624531079195,
            0.20931775464888963,
            0.011326897635667455,
            -0.12971662816725543,
            0.3288162902137242
        ],
        [
            0.15467870820422575,
            -0.2937227363432988,
            0.7606054208301066,
            -0.05627078403841508,
            0.5739017671902614,
            0.161161033872101,
            -0.15967505529032713,
            -0.0044633940035653545,
            0.177895551541293,
            -0.0879926095832494,
            0.27773234265975033,
            -0.08052679093257127,
            -0.00856602901435739,
            0.17639586489911818,
            0.264152085498435,
            0.29664183941026495,
            -0.22987461948703133,
            -0.08124493300560108,
            -0.018337459402955336,
            0.09889210631626195,
            0.14976886108327983,
            -0.27942755362261906,
            0.5827530777433533,
            -0.011769559475606147,
            0.12065519766415243,
            0.15539881227469107,
            -0.1297197180108117,
            -0.08063818521834071,
            0.13684656981545318,
            -0.20552915792795787,
            0.1981211160949332,
            -0.3830480127275181,
            -0.24794970889588264,
            0.1208595183728213,
            0.0704622070428088,
            -0.04915832096747532,
            0.14366572022234894,
            -0.18422799311954483,
            0.22283422103946615,
            0.05790011715135859,
            -0.07565589345178192,
            0.360078995821862,
            0.17453152326738045,
            0.27488786663101883,
            -0.18607123903139175,
            -0.11327806049836005,
            0.6669818972489795,
            0.2749364943702541,
            0.32085373843109466,
            0.11280041514106291,
            0.033192103050855015,
            -0.047775428701159195,
            -0.35171625716584903,
            0.20517345911257331,
            0.10178093017701127,
            -0.0741565833426006,
            -0.2579657523669838,
            0.010836688210846358,
            0.26598355513029437,
            -0.21701729444286444,
            0.18362425065121146,
            0.12808827280620785,
            -0.04183683232631412,
            0.313848985900482,
            0.05647298408039809,
            0.37627546083113395,
            0.10009946233467364,
            -0.29885551975447694,
            0.04648274727974769,
            0.2738458723859735,
            0.3300028932094287,
            -0.16466823078205425,
            0.15776771592884753,
            0.17508315390766813,
            0.15966902843304495,
            -0.0747055887956698,
            0.14270237364227267,
            0.036868794255938205,
            -0.10487052232320519,
            -0.1722205831263239,
            0.09326697086790414,
            0.20064524074731468,
            0.2201416223747136,
            0.3021210378300936,
            -0.022997178869311158,
            0.17284798877615054,
            -0.3095552004729678,
            0.41279580839194985,
            -0.09376955621730877,
            0.5271544176389149,
            0.23397494622227724,
            -0.34615515465722985,
            0.44752225155360525,
            0.3876980198812397,
            -0.0935335282465772,
            0.07136335560456958,
            0.3063121478204213,
            0.46683410263906516,
            0.3744480317072316,
            0.07861756248973069
        ],
        [
            -0.03280899711561884,
            -0.07086778103316778,
            -0.05627078403841508,
            0.9841574025991395,
            0.2586155863435851,
            0.11755160705358703,
            0.04564087218530739,
            0.1052259916088748,
            0.2853391349020801,
            -0.30195566978778066,
            0.26559415216266646,
            0.09267215278022126,
            0.2848124793179758,
            0.12529036726297013,
            0.3143201469019069,
            0.03293579174265541,
            -0.17465461211013228,
            0.1754563119497604,
            -0.052429071869993536,
            0.009576948526084856,
            0.1403294185155278,
            -0.2003238200016384,
            0.08269724465915299,
            0.19716699641190708,
            -0.2567291536249491,
            -0.18580855387373355,
            0.18682891783099853,
            0.032539350314710294,
            0.08600165314352262,
            0.20917883160738335,
            0.31188795376640854,
            -0.27676425641520935,
            0.09628458700054485,
            0.020485983788937047,
            0.04941074293183111,
            0.2669661255264163,
            0.3677895454208107,
            0.10728225762232209,
            -0.12159772637191442,
            0.27539022681932457,
            0.20400615808049102,
            -0.013140145158711744,
            0.15330279300850363,
            -0.07303383614160874,
            0.2840663957168128,
            -0.008864659008249384,
            -0.031062965292810173,
            0.12150873228036148,
            -0.10569248338188911,
            -0.09645912731674852,
            0.3152925052917991,
            0.19975080073921517,
            -0.12818329940082834,
            0.17032537291424796,
            -0.04316530651497606,
            -0.40090038612998474,
            -0.11955393701184003,
            -0.17548447361797415,
            0.1578548446580632,
            -0.02437575124883289,
            0.09316231584503101,
            0.061557265152953004,
            0.06405624639854927,
            0.1508656546798853,
            0.17415326589079674,
            0.11215713554772491,
            0.014575428468798463,
            -0.16856979731351746,
            0.24142856079009398,
            -0.1287567909334638,
            -0.26330283790883907,
            -0.021695794937090115,
            0.1763849598385264,
            0.006346393899923322,
            0.19316107923056614,
            -0.0014213308133121912,
            0.05644385820284576,
            -0.02936523424197784,
            -0.12413441797532772,
            -0.06542469671563068,
            0.07051970692051095,
            0.11070895488422722,
            0.43688807479618763,
            -0.12034938225893695,
            0.1282130150922891,
            0.15720594603263938,
            -0.23269230190901619,
            0.20910156397289426,
            -0.19279346443503184,
            -0.104097938377328,
            0.18439970535557887,
            -0.06754154627544995,
            0.36656248754113196,
            0.2743986703807704,
            0.2531198606145529,
            -0.19911929095975078,
            0.1793993682620708,
            0.18418579087415146,
            0.05974884705870464,
            0.29782026002902406
        ],
        [
            -0.03644699945318276,
            0.21063511827002693,
            0.5739017671902614,
            0.2586155863435851,
            1.3795141743449597,
            0.34046697125920833,
            0.291157816091837,
            0.3189678674506458,
            0.46924329088822714,
            -0.4715924995026803,
            0.7483557196639852,
            0.06944011328028372,
            0.4656146221197053,
            0.36991447666296023,
            1.0284429013561518,
            0.26289121239157737,
            -0.23106911582224177,
            0.3350540916537722,
            0.23803850975384463,
            0.2753755033367461,
            0.030545662263311665,
            -0.39212929286127246,
            0.7921657071330195,
            0.5199697819427547,
            -0.31539155527084517,
            -0.07878981404416695,
            0.28965045032640635,
            0.10281678507079577,
            0.53751703173635,
            0.252841890018408,
            0.7180046594170897,
            -0.6322689090094411,
            -0.33197580720135683,
            0.202749206918575,
            0.17639820162400957,
            0.35885368443848853,
            0.4443965890899189,
            -0.20686080098467022,
            -0.026378173215203728,
            0.5344318204491925,
            0.43623109272985466,
            0.21246073185695533,
            0.5897640878813855,
            0.04770021451203278,
            0.11638937150086358,
            0.04151464213865467,
            0.4979974609497957,
            0.49311344749536457,
            -0.023921868758896438,
            -0.27261611302373046,
            0.6897198261548905,
            0.611280395281789,
            -0.21968547605669464,
            0.6676007265759203,
            0.042017035638881484,
            -0.4991612289605163,
            0.10735763722181343,
            0.08244639560913143,
            0.05366402969120176,
            -0.10263403068003273,
            0.1443185037956392,
            0.4755132242380976,
            0.18224090652156502,
            0.9043221918969936,
            0.3677114263803478,
            0.1774908818387091,
            0.42449563867573437,
            -0.360703185115286,
            0.7134542845250763,
            -0.039918776905861396,
            0.20832159656273788,
            -0.3314412287276188,
            0.5169554883415841,
            -0.16262002705092543,
            0.1740446761639923,
            -0.08978254605876924,
            0.18880226029391992,
            0.2992656418230367,
            -0.16449505986052324,
            -0.37579603576084725,
            0.20510023291790175,
            0.43760484149567563,
            0.6002703488069528,
            -0.04330327601652983,
            0.31289895552866154,
            0.1933076680655886,
            -0.526271939880924,
            0.8904528266890136,
            -0.14994638265703716,
            0.4786598475000755,
            0.6201196053594968,
            -0.2253671721678277,
            0.7846102022060598,
            0.7135982570058209,
            0.3765678179220455,
            -0.3755036426110908,
            0.7617848158843156,
            0.5913390441117976,
            0.3573028351356881,
            0.4755232753823072
        ],
        [
            -0.2666024330625995,
            0.18165616998005799,
            0.161161033872101,
            0.11755160705358703,
            0.34046697125920833,
            1.028463719590437,
            0.65881812772999,
            0.5643618737093912,
            0.3770144880819177,
            -0.6868828497355002,
            0.8106530671217873,
            0.8211798669141629,
            0.8901737901312967,
            0.7338128474075908,
            0.6242203326101845,
            0.8726343664780102,
            -0.41547060404257324,
            0.7775012904547831,
            0.5595495803452347,
            0.8305694553990681,
            -0.1104430017204698,
            -0.34838553732978567,
            0.006914644013451332,
            0.5392322121624264,
            -0.49173246633266476,
            -0.4740634904280031,
            0.4321161989076236,
            0.32218213987988453,
            0.4186079333494643,
            0.46002335918026843,
            0.7834823937227513,
            -0.575987797337611,
            -0.45116413012511764,
            0.44208032235061206,
            0.2593796556660677,
            0.8098643112506642,
            0.646856747229769,
            0.030567906789210265,
            -0.4773514891743918,
            0.802789642087359,
            0.8627223209814038,
            -0.047975674561225916,
            0.9570755612083922,
            0.2487123139543081,
            0.24088767192858856,
            0.272621039271673,
            -0.2656946448544363,
            0.8524177119733862,
            -0.5652449240988912,
            -0.31562736650402295,
            0.4971302488426516,
            0.7100683902321993,
            0.40217533043203335,
            0.951738102421582,
            -0.09950190105580468,
            -0.4218224353816126,
            0.3768747263980139,
            0.17466766078217266,
            0.2942859034880264,
            -0.13681472820941482,
            0.22892974537066021,
            0.5196021088991183,
            0.7818711264305223,
            0.670662254475887,
            0.8777630898204571,
            -0.02536045093226875,
            0.8457039462368189,
            -0.315263398084041,
            0.5396594924346637,
            0.1858414878065174,
            -0.14536435398232564,
            -0.08016004651598088,
            0.8201575861322455,
            0.24489840035683347,
            0.4190969482072629,
            -0.1845768550158615,
            0.42600535637775655,
            0.5552280823781295,
            0.014848788204827476,
            -0.5028935905401101,
            0.2588392241677814,
            0.8923569099147571,
            0.7145318002493874,
            -0.4513044688266797,
            0.6354879612313538,
            0.236138379066204,
            -0.5352895476603237,
            0.13644598649146947,
            -0.13131801162834,
            0.14122577295765926,
            0.6883686423096954,
            -0.02865883294500697,
            0.06334136851742311,
            0.05448330403370467,
            0.7629772223322828,
            -0.39284926571181095,
            0.6617026519438116,
            0.283108418141264,
            0.16591750530682864,
            0.7588026995906942
        ],
        [
            -0.4214471993854079,
            0.6044974067899088,
            -0.15967505529032713,
            0.04564087218530739,
            0.291157816091837,
            0.65881812772999,
            1.057516587901234,
            0.5451932286747321,
            0.14616778222470034,
            -0.41197263915828164,
            0.7145043447471456,
            0.6367700753352483,
            0.7613342501907732,
            0.5937286001285488,
            0.6604340676969238,
            0.34547583816575883,
            -0.23588205720026867,
            0.746765645521908,
            0.5628596071201496,
            0.7410830155687815,
            -0.2505119111234066,
            -0.22151508661928335,
            -0.18220910231761414,
            0.6844450383579119,
            -0.437503645931095,
            -0.44855391099653324,
            0.6686844329750196,
            0.3046652205898393,
            0.3859868956980723,
            0.7660986629359756,
            0.6242958045996874,
            -0.23794884795002508,
            -0.16278597676867954,
            0.2787815323597475,
            0.14247070433181735,
            0.6384906383371108,
            0.3302176280378902,
            0.06417067210663267,
            -0.47807460697387993,
            0.8127954610972616,
            0.867191102012694,
            -0.1606667240733385,
            0.6597182792243321,
            -0.17048548941849137,
            0.30426833557876265,
            0.3704753380153542,
            -0.5481325044865614,
            0.5218894705425681,
            -0.6552195862221724,
            -0.45892252456238364,
            0.6149468457611666,
            0.8209603418888053,
            0.35229270885957953,
            0.5962344283164027,
            -0.10342050307365201,
            -0.4751976663541115,
            0.701545402760647,
            0.3651594653738714,
            -0.10350402132690864,
            0.21260773955163195,
            -0.058363963713237335,
            0.548311072781096,
            0.7345923807918128,
            0.540120053837838,
            0.7237359790294785,
            -0.18407792158967048,
            0.7044007852488189,
            -0.049051556452834814,
            0.6633119835358435,
            -0.022355914041563982,
            0.13374540785111624,
            0.010671434155782634,
            0.5329871011181954,
            -0.07021004360904401,
            0.21664184382543447,
            -0.21462200409902482,
            0.2427496706599023,
            0.5446340982348152,
            -0.133324507974946,
            -0.2742781140928735,
            0.26997433612338684,
            0.6064189365226206,
            0.5515324123472719,
            -0.5868131325779985,
            0.6377217445611036,
            -0.06462751831467396,
            -0.3567681950187546,
            0.026450296402359123,
            0.01677927656432491,
            -0.0032538161777813587,
            0.5540578068121084,
            0.3239451048558319,
            -0.1310640450908113,
            -0.08627982786512457,
            0.7532422032057166,
            -0.5846512116129889,
            0.5442742813368638,
            0.09963693096523073,
            0.001297706842323695,
            0.5843447824323074
        ],
        [
            -0.13369880532537892,
            0.32667230675163134,
            -0.0044633940035653545,
            0.1052259916088748,
            0.3189678674506458,
            0.5643618737093912,
            0.5451932286747321,
            0.689109219426236,
            0.3268970325473033,
            -0.4246333377016576,
            0.6130791419061,
            0.4665641665775205,
            0.6419855995257805,
            0.4641090209859625,
            0.5698787562023369,
            0.4061296799316883,
            -0.19739517892853034,
            0.6045781786660686,
            0.5147760615774722,
            0.6939147420454201,
            -0.1695046173903599,
            -0.10200510618482199,
            -0.06766904516124847,
            0.51870563039772,
            -0.48160732466446826,
            -0.43845916311962907,
            0.42696745347328174,
            0.2862947322527641,
            0.4246963582258171,
            0.5251593894962319,
            0.5648911251767901,
            -0.22719910314068056,
            -0.20819721530716484,
            0.2473683022978106,
            0.2889983177864987,
            0.5897009526760678,
            0.3387273250138976,
            0.09351651561615888,
            -0.3735542433938734,
            0.5296843062943797,
            0.6461145956427321,
            -0.04870568849929478,
            0.713635224435663,
            0.05901678345238443,
            0.1487733897915861,
            0.09495607228616201,
            -0.33549036946680616,
            0.3419075561822883,
            -0.43498437140064966,
            -0.17675966428443848,
            0.3760839373534091,
            0.6157797728177583,
            0.4540233688065683,
            0.5099135865590134,
            -0.05457324939799973,
            -0.1689365711558722,
            0.5680122095997876,
            0.19514929990415048,
            0.060905360648348374,
            -0.062054450479355414,
            -0.004928355976046486,
            0.574342669328251,
            0.6484203780054211,
            0.5759723706179395,
            0.64225648970853,
            -0.10507464990301829,
            0.6716154513086787,
            -0.21076560857270246,
            0.47534043895161626,
            0.04921595285118241,
            -0.07989008946184534,
            -0.17357271539133437,
            0.5711051757365725,
            0.2055671129484285,
            0.14879279836764633,
            -0.1319827912997397,
            0.2363516039927264,
            0.4551505924359621,
            0.013102775013846657,
            -0.16443650687635863,
            0.2285570202268671,
            0.5345755528721194,
            0.5454457156720325,
            -0.4563293483356146,
            0.4896957451048985,
            0.031638504212128306,
            -0.31971152801179115,
            0.1226227017836885,
            -0.09357579047489,
            -0.020637894890242252,
            0.5230350482493998,
            0.16903373266490032,
            -0.09681093215336602,
            0.11013938458384323,
            0.5612040484568025,
            -0.019039788977105055,
            0.5514903148955103,
            0.1649111120541226,
            0.04543059828836322,
            0.5632199844785586
        ],
        [
            0.07240546285056453,
            0.03817130463676167,
            0.177895551541293,
            0.2853391349020801,
            0.46924329088822714,
            0.3770144880819177,
            0.14616778222470034,
            0.3268970325473033,
            0.7969104519127544,
            -0.54649571242915,
            0.3703624608639059,
            0.14845601918799836,
            0.3802109205665629,
            0.24017706030377503,
            0.5037602892701615,
            0.2660081291451311,
            -0.42052339970767927,
            0.2211763302632139,
            0.19150390341510387,
            0.2215318825515826,
            -0.10526231868430387,
            -0.021385871390731954,
            0.3488443709636759,
            0.3103695539572631,
            -0.24781014287435896,
            -0.16091414985609684,
            0.07806368239187261,
            -0.07821750107527427,
            0.30317192173582164,
            0.26645260346645133,
            0.4869908004315326,
            -0.1213745627903825,
            -0.30310332916531807,
            0.1984912852097061,
            0.2667204577503166,
            0.36669182123362837,
            0.43354289639573074,
            -0.048227888429001796,
            -0.18840090042789456,
            0.4052728778153007,
            0.380862064701721,
            0.04984826863336638,
            0.40434672092567336,
            0.055851398495407656,
            0.1698834408996191,
            0.06774762836017464,
            0.08621855516948082,
            0.5053969420200779,
            -0.1990585339331816,
            -0.2805414902192176,
            0.3543132712950261,
            0.3185956474821013,
            0.15433180849534636,
            0.30265968950934613,
            -0.03144444231968794,
            -0.26626248208884884,
            0.2283746912138062,
            -0.1420639261108302,
            0.09501555914450568,
            -0.16217312640614584,
            0.02207267515359674,
            0.3612703499939111,
            0.24512036003795262,
            0.5662604709886917,
            0.28209505660113887,
            0.06562033165822857,
            0.37955100864759567,
            -0.19928326748333763,
            0.44479128136393986,
            -0.23727578649003161,
            -0.16815032170063474,
            -0.28633708751369147,
            0.49380784653297494,
            -0.02103397027657692,
            0.23406580881925337,
            -0.2491192866239848,
            0.1699541816961839,
            0.30331857555415326,
            0.3588002931169491,
            -0.1705110122726013,
            0.039758092898681034,
            0.28656316435713974,
            0.5058490977779334,
            -0.14150055999962804,
            0.28926736184899693,
            0.12381742167456525,
            -0.4444595229932401,
            0.40035224745351133,
            -0.1298586377370279,
            0.02292839129863763,
            0.4353758001269201,
            0.23595493278956825,
            0.2234799061719887,
            0.29404049001532495,
            0.26385025504047327,
            -0.3257890846379031,
            0.5284711498039403,
            0.14398788455802541,
            0.038395214751439324,
            0.3411046358796077
        ],
        [
            -0.01232240485847957,
            0.15761772597532567,
            -0.0879926095832494,
            -0.30195566978778066,
            -0.4715924995026803,
            -0.6868828497355002,
            -0.41197263915828164,
            -0.4246333377016576,
            -0.54649571242915,
            1.566040462214863,
            -0.6496904814816499,
            -0.4352853945958345,
            -0.7080072917773319,
            -0.4517969098206158,
            -0.8627147592524823,
            -0.3925478419992645,
            0.3446660569253918,
            -0.5514555854569755,
            -0.3968094209945727,
            -0.4059040831326407,
            -0.11008379321625122,
            1.243091937847924,
            -0.2244362983574678,
            -0.4707318818146805,
            0.7788148488830732,
            0.43012224383892905,
            -0.4009518525059507,
            -0.3737597638661538,
            -0.6903541163203772,
            -0.7114074849225966,
            -0.7484124887138632,
            0.01056034940336303,
            0.36876713367985153,
            -0.38203631599016663,
            -0.39907145551492196,
            -0.642741425167778,
            -0.6257307253774446,
            -0.2821386903646106,
            0.37580170596720464,
            -0.7234666589326796,
            -0.6318254858596859,
            0.35161938479521726,
            -0.6943379646803232,
            -0.010681524818096103,
            -0.29196428408473996,
            -0.23604538868472788,
            0.11987293909200834,
            -0.6540678034819626,
            0.5276217891056746,
            0.14553459246115624,
            -0.6447717149071343,
            -0.6220936414860665,
            -0.008470339417519799,
            -0.6494485727444824,
            0.16546772039798055,
            0.2897973294223561,
            -0.6374841743788479,
            0.39631384854554286,
            -0.2366394666995318,
            0.13066282683121666,
            -0.20539729042843455,
            -0.646068385426544,
            -0.45241976158287794,
            -0.8395379605075141,
            -0.6044879757836139,
            0.2215615842333902,
            -0.6208008066892274,
            0.2080761436217285,
            -0.8161430068115207,
            0.33105686639780496,
            0.633438260704543,
            0.008723228459786608,
            -0.7659822684288378,
            0.12037284216079654,
            -0.2172429900160867,
            0.020793937366261107,
            -0.3298765003033802,
            -0.4445538865127937,
            -0.2942465537094853,
            0.27130480191461614,
            -0.0324466271509792,
            -0.42680013577945203,
            -0.6619767677563636,
            0.3679567532673221,
            -0.4198775592898753,
            -0.29354536028956507,
            1.028539848905499,
            -0.5057586133320644,
            0.4043546063238059,
            0.04384185388597681,
            -0.683313649558568,
            0.07931342448419879,
            -0.246805045596711,
            -0.32378974502341845,
            -0.5566521946759652,
            0.25867985552179584,
            -0.6536907431619874,
            -0.13209759658239223,
            0.04724147242269929,
            -0.5609122819069947
        ],
        [
            -0.3994132098352207,
            0.3513930577890256,
            0.27773234265975033,
            0.26559415216266646,
            0.7483557196639852,
            0.8106530671217873,
            0.7145043447471456,
            0.6130791419061,
            0.3703624608639059,
            -0.6496904814816499,
            1.1281355345518058,
            0.7293830742592069,
            0.8894778181856493,
            0.7286800894643032,
            1.0570300320033499,
            0.6096865587831379,
            -0.3397944538182514,
            0.6833187483619877,
            0.5649170424551992,
            0.8596055665565464,
            -0.12478788329873938,
            -0.5259428737891598,
            0.04742419938245447,
            0.7122264239839059,
            -0.45418830743505334,
            -0.41050029687665107,
            0.5997739055881952,
            0.3964768732973794,
            0.5114746018339763,
            0.4510968055944085,
            0.8189175269574831,
            -0.666705547590819,
            -0.314826818733673,
            0.445004350372081,
            0.09252077558906772,
            0.6795251284272066,
            0.47053506289336844,
            0.015541089045575286,
            -0.29775970918427563,
            0.7850098529723089,
            0.7441771672955088,
            0.009698687772043838,
            1.0742365850406133,
            0.18702273284659385,
            0.10783804470897147,
            0.26188331541618115,
            -0.23159761843526178,
            0.6734516653920851,
            -0.38743902255081686,
            -0.3345298338910839,
            0.5447340414954622,
            0.8497090117038891,
            0.20823599432609882,
            0.8972749144158275,
            -0.05530686224781089,
            -0.44930876710801937,
            0.3310087359214307,
            0.2007092664852442,
            0.061233007797783685,
            -0.019110939577811067,
            0.14893924294879332,
            0.623533647325593,
            0.6772393842221032,
            0.8572973656395076,
            0.7546025027140512,
            -0.021507740351635416,
            0.7156777834506866,
            -0.33896751666129993,
            0.4308915066128211,
            0.024350852589088697,
            0.08205927731961046,
            -0.13042443515880725,
            0.7965237353758525,
            0.1501731823576249,
            0.34655242550856363,
            -0.17132918595707403,
            0.30808952305252246,
            0.41436159200868483,
            -0.00671879842108732,
            -0.45842149610162825,
            0.5230075336668008,
            0.8147790130761128,
            0.7779128167876926,
            -0.368470939000779,
            0.5571699522627995,
            0.08672017887602546,
            -0.6138030046233487,
            0.5278466272732938,
            -0.1456113353093906,
            0.2119741597163737,
            0.8352730658601039,
            -0.1428059369984236,
            0.12216092286530465,
            0.16955946445784492,
            0.7313955874597241,
            -0.24253274758490814,
            0.8105026367310378,
            0.23198139919993999,
            0.13423267200346162,
            0.7618026660935494
        ],
        [
            -0.27763051637491126,
            0.3291396575216721,
            -0.08052679093257127,
            0.09267215278022126,
            0.06944011328028372,
            0.8211798669141629,
            0.6367700753352483,
            0.4665641665775205,
            0.14845601918799836,
            -0.4352853945958345,
            0.7293830742592069,
            0.9517522777848317,
            0.7803930571817558,
            0.6323386245457863,
            0.4291736629933101,
            0.7117260603757918,
            -0.220307820028703,
            0.6173232501791013,
            0.5248836731235009,
            0.7653201059879093,
            -0.2170164012856342,
            -0.41082399104909545,
            -0.39030523374808074,
            0.5269872985022115,
            -0.313922673222237,
            -0.43799116565596974,
            0.4301045391478066,
            0.33528539880534647,
            0.18639544561351032,
            0.3575368807789812,
            0.5149727789475672,
            -0.4594265278141324,
            -0.26097109516626077,
            0.4125286284445818,
            0.13902837921165062,
            0.6528122061384123,
            0.2985393559878174,
            0.05891173907607996,
            -0.38206510953949163,
            0.5773871428731775,
            0.6194572963272268,
            -0.1582618065599863,
            0.8217028783565317,
            0.274401051707214,
            0.08620979116141043,
            0.29137747111525086,
            -0.5176177807163136,
            0.7178141178463133,
            -0.5056215985073862,
            -0.26227838250367697,
            0.1906554482117114,
            0.6060692525820478,
            0.64242635509075,
            0.7138903688458376,
            -0.07539542345468636,
            -0.2153784437718234,
            0.3141778317686848,
            0.2808907758732745,
            0.12547929024086993,
            0.10001981529962933,
            0.17977381972709902,
            0.29546372248114416,
            0.6529133282119813,
            0.43151153149151,
            0.708719295982164,
            -0.10591936586152959,
            0.6051476551458501,
            -0.1526515212358881,
            0.13126780637402988,
            0.12244704492027772,
            0.008850601805140973,
            -0.008413071942305535,
            0.6921664971478798,
            0.272181332013455,
            0.32628894374415557,
            -0.12285068831567927,
            0.2875517759762142,
            0.32867341512873,
            0.1584927685496432,
            -0.42801855814662854,
            0.35712899159546696,
            0.8000231218691444,
            0.4538199813258881,
            -0.33451611073621995,
            0.48021887333968927,
            0.154686828859561,
            -0.32548338639653435,
            -0.037811641389835594,
            -0.12951406917148175,
            -0.03451281614715169,
            0.5703690858665628,
            -0.16089462600389282,
            -0.2282353303158572,
            -0.2252208208990015,
            0.6924870404097162,
            -0.21299436569327576,
            0.40379491168924714,
            0.03921821372670555,
            0.012037344578480082,
            0.6558427200499983
        ],
        [
            -0.31335030594054286,
            0.43342135905694407,
            -0.00856602901435739,
            0.2848124793179758,
            0.4656146221197053,
            0.8901737901312967,
            0.7613342501907732,
            0.6419855995257805,
