{
    "fast": [
        [
            0.7919692088442284,
            0.5579183116446437,
            0.036445318640219326,
            0.13188518607734356,
            -0.15979417793533526,
            0.4283825316581382,
            0.43781422083425625,
            -0.010966410085649345,
            0.2599078298459738,
            -0.104594149878872,
            0.3150547437382515,
            0.3548958179232837,
            0.3655032120872196,
            -0.10165348125547452,
            0.1468985315029486,
            0.44078644938239,
            -0.19729029709582055,
            0.023074567952898112,
            0.1455672077236292,
            -0.4159658120976467,
            -0.47981021679583946,
            0.41122562677977786,
            0.0608744517426572,
            0.6450400500978332,
            0.5509592127075145,
            0.15098706225050781,
            0.5029884251092781,
            0.09713255672156004,
            -0.18733381880127883,
            0.16184439136488318,
            0.22850036094098278,
            -0.3366915402564599,
            -0.024102078770349575,
            0.32985417484562274,
            0.27344497111491667,
            -0.41387452987757084,
            -0.08555591528999455,
            0.2548812160051918,
            -0.10657036244645766,
            0.02925996483533112,
            0.29359838369718577,
            -0.3111665530783067,
            0.15195983904901977,
            0.028182281631836528,
            0.31902392956700804,
            0.2248956594409315,
            0.43721212363831236,
            0.09873990235310297,
            -0.2713309242598119,
            0.4609410006268495,
            -0.2642553604433084,
            -0.17739469083822007,
            -0.08388410661119945,
            0.4244553634406458,
            0.1264642531296445,
            -0.02382106795745783,
            0.31001098977698444,
            0.19157094667615468,
            -0.3551419371797525,
            0.5037118233985212,
            -0.21734295139638785,
            0.022831258402263518,
            0.5342994361082604,
            0.12020655918430173,
            -0.007766590830041329,
            0.3227036531863251,
            0.06352712348041908,
            0.4530937001921871,
            0.20433776396218503,
            0.7575234156905781,
            -0.060577550798759545,
            -0.04527323807423823,
            0.18201245151686216,
            -0.44929477139354795,
            0.006893012819696152,
            -0.10102627195033,
            -0.3076889793808678,
            -0.3397422908226057,
            0.4467866651256062,
            0.3750765043733823,
            0.38915071706419857,
            -0.05617390714381937,
            0.2533654849838476,
            -0.14843740366608243,
            -0.019500971156275443,
            0.2342862697844081,
            0.41038724916401975,
            0.38168592396002593,
            0.11356085111909013,
            0.3385524034193737,
            -0.46224813745467297,
            0.4037011468086782,
            0.20203516888703782,
            0.4122782794919985,
            -0.2198232785193749,
            -0.5049218066522292,
            0.5762781949066206,
            0.002514178672129086,
            -0.09701628709056935,
            0.16198364603709
        ],
        [
            0.5579183116446437,
            1.1024196535904622,
            -0.36872282067126944,
            0.6106048622762879,
            -0.21322570843126085,
            0.9191020822310735,
            0.08732131730588125,
            -0.20605846790711543,
            0.35409747750122816,
            0.6282821419983909,
            0.05181168632088031,
            0.7357992154526501,
            0.2962808415584573,
            0.19471920979034782,
            0.512730671098328,
            0.5967480566081406,
            -0.4391561116022473,
            -0.5453079472686718,
            0.4856733610818308,
            -0.6147201517436897,
            -0.5627043626162251,
            0.5419577691692486,
            -0.5052662424334399,
            0.7845501317056907,
            0.9993043108578434,
            0.034673525296735744,
            0.7720121855284774,
            0.21151627012516375,
            0.3318731144631482,
            0.6420367117243696,
            0.2806825626527471,
            -0.4208358824128172,
            0.028691489016547347,
            0.5946873252901301,
            0.5451258646631079,
            -0.3106779968840167,
            0.8183108055412983,
            0.6204029801897626,
            0.27782036548463035,
            -0.1800145224469627,
            0.5067471076705679,
            -0.260978354148943,
            0.19228011730045622,
            0.4018783501427151,
            0.44199867570288764,
            0.23183648902467358,
            0.700389150477806,
            -0.25866559052715726,
            0.15229384467149304,
            0.6839140523428278,
            0.3547501197191476,
            -0.03912478370118364,
            0.3303286208512254,
            0.3266602888579967,
            -0.16106488014622797,
            -0.2528470240923543,
            0.4527653551449611,
            0.32776333700845167,
            -0.09469708723324717,
            0.5130847414594828,
            0.16030217157702,
            -0.22894444409491088,
            0.6163742431537093,
            -0.052130718182424256,
            0.5292260174235602,
            0.4912102001881288,
            0.1974671458244579,
            0.7140457456207436,
            0.5800339957479033,
            0.4747610124222712,
            -0.24695182850379271,
            0.16292371827562976,
            -0.13981128319607214,
            -0.3691251243532385,
            -0.5328161677473883,
            0.17319811646978542,
            -0.3360045274818293,
            -0.603362271237105,
            0.8893934512288962,
            0.3776359158044297,
            0.2388768578545897,
            -0.3423908250278644,
            0.7537649834209516,
            -0.29966904007616596,
            0.1747622712416693,
            0.4058864159121298,
            0.017803460646661252,
            0.5531043307242172,
            0.04050868535460669,
            0.07546555737328546,
            -0.4022118964122759,
            0.8615694211765514,
            0.19127365079762496,
            0.8411454948473339,
            0.19037126744015784,
            -0.38370946030197434,
            0.7918949927608716,
            -0.16414706518950303,
            0.42998214165585463,
            0.4864490195892176
        ],
        [
            0.036445318640219326,
            -0.36872282067126944,
            1.1240977762329318,
            -0.5218503042469491,
            -0.08648646758570772,
            -0.5351670652273479,
            -0.33838342421356915,
            -0.008214859282605392,
            -0.23627247382074307,
            -0.7403157481924304,
            -0.1439333014473995,
            -0.29056710894844057,
            -0.16841095106795337,
            -0.4583884975198592,
            -0.25765385408700736,
            0.08171096350531439,
            0.11739725960801677,
            0.5282096222661119,
            0.569128062779527,
            0.28850279055767525,
            0.010298524145393997,
            -0.43040442665533285,
            1.1490033540566744,
            -0.40560168180335876,
            -0.3510776053069715,
            0.4251496673466465,
            -0.035003520548394854,
            -0.1634300784985858,
            -0.19879664327816368,
            -0.4979636387795257,
            -0.1261571485344376,
            -0.24587703093680868,
            -0.2025547538859085,
            -0.3115541412286109,
            0.1230549587244261,
            0.6542168437908307,
            -0.29653961661553074,
            -0.367547702138495,
            -0.28009004526654857,
            -0.014168730301663443,
            -0.14173590154330915,
            -0.176092389423614,
            0.36564679952692103,
            -0.6140898643977503,
            -0.2826650791451268,
            -0.05397967140497103,
            -0.2978901104312759,
            0.34975497782812076,
            -0.3263888813424452,
            -0.33872338005128305,
            -0.6287839319632729,
            0.5226690034660584,
            -0.3933728274130898,
            -0.24583760435550772,
            0.0234586762684149,
            0.6851515676785221,
            -0.3726298597088392,
            -0.6571978400394585,
            -0.4427222849131466,
            -0.15793708530962677,
            -0.6644848401956815,
            0.21025148288225728,
            -0.16560651833269666,
            0.00039360737002895504,
            -0.4113782351440362,
            -0.07267847982391402,
            -0.28680596853800877,
            -0.5020740030374967,
            -0.298281809484421,
            0.17217802794061965,
            0.9373268366336857,
            0.1487271052906519,
            0.583751301690214,
            0.8320598216202494,
            0.07026417990660457,
            0.20975265916161145,
            0.2373350569781662,
            0.012118077500292486,
            -0.30264879825547314,
            -0.42068270149122877,
            -0.05098964831154862,
            0.2726661344130496,
            -0.40482540006678275,
            0.0626632709866775,
            -0.03132178201734759,
            -0.2753130055519273,
            -0.32656804818367213,
            -0.3991669084447972,
            -0.19261647368243137,
            -0.2500205811650606,
            0.7620061256926376,
            -0.5620867055354536,
            -0.013273543629778999,
            -0.5220472204380615,
            -0.04340935533196844,
            -0.1754350056485201,
            -0.2440870567102624,
            -0.17076609135161686,
            -0.5439895149639848,
            -0.6270902320242304
        ],
        [
            0.13188518607734356,
            0.6106048622762879,
            -0.5218503042469491,
            1.0518913119856257,
            -0.22086507289250962,
            0.8580022267949896,
            0.016307461620109667,
            -0.13658226615079797,
            0.1812231759393526,
            0.5821257017922638,
            -0.13521010681156817,
            0.26830843411350097,
            0.039617713231293296,
            0.21352405220479195,
            0.09496588885242033,
            0.3330791383861345,
            -0.08689551599596175,
            -0.7651773692978745,
            0.16258874468980244,
            -0.17226137564972996,
            -0.025599296434515133,
            0.20345360929665438,
            -0.8056432958154175,
            0.1740596477832674,
            0.4524741195774479,
            0.01613539289597393,
            0.3907608090762118,
            0.01643233288142262,
            0.30230080097588696,
            0.6947735557887936,
            -0.055374918491963104,
            -0.06633714823021822,
            0.39265596565153815,
            0.19725937586475129,
            0.23283414616876386,
            -0.2892566249474661,
            0.5508840787166153,
            0.2925311489965941,
            0.2924552054770201,
            -0.07822154973873793,
            0.12376846889232822,
            0.25015622812047966,
            -0.26048252789368814,
            0.4167320284641612,
            -0.16061867583137596,
            -0.13705042184651667,
            0.33577852772700056,
            -0.23332921235466675,
            0.02658347252234236,
            0.20246388582776834,
            0.32553572391997704,
            -0.1708736320994243,
            0.2792776542087906,
            0.3039112289456794,
            -0.28855946021026957,
            -0.5761005642867268,
            0.46537915375269545,
            0.1282118093827581,
            0.17279861142471498,
            0.15597409888949854,
            0.3494260559844042,
            0.06811363178790936,
            0.1312594488328582,
            -0.04924777120452293,
            0.6603815394845922,
            0.0008164678460354501,
            0.140811204548421,
            0.37455525104171433,
            0.4259287045988169,
            -0.05640692898102972,
            0.002227795644043413,
            -0.2338731427568944,
            -0.45185678628269765,
            -0.051629156492222876,
            -0.35929259568763394,
            -0.11116221481095542,
            -0.10704368422731772,
            -0.08487749996151021,
            0.7644231161441896,
            0.3499763340095766,
            0.24153409004307308,
            -0.06934939617976135,
            0.5051982198946225,
            -0.23215998321930315,
            -0.06608146789377284,
            0.33296127224573285,
            -0.09537772455401232,
            0.2594761389082911,
            0.1682215753937306,
            -0.1342005468652283,
            -0.12442350018395497,
            0.39320834334772786,
            0.04453962361509402,
            0.5644230688346106,
            0.47330654121321997,
            0.11602119645901013,
            0.22434584145552916,
            -0.02820362334087366,
            0.5073664522093391,
            0.19435959519830892
        ],
        [
            -0.15979417793533526,
            -0.21322570843126085,
            -0.08648646758570772,
            -0.22086507289250962,
            0.5929266603230555,
            -0.13411420290638063,
            0.06489239768682907,
            -0.07052998812237886,
            -0.03967844923348081,
            0.053846721401248215,
            -0.09674198402018239,
            0.10387704668699341,
            0.2420082180670314,
            0.10445864170674012,
            0.019094876344014595,
            0.009132743676609023,
            0.14703144559313988,
            -0.09181093970232171,
            -0.47122321921592913,
            -0.1798395842593781,
            0.0182459309325417,
            0.24809345673764938,
            0.1193451657822519,
            0.047235300461204534,
            -0.09640794614066242,
            -0.3069769601003988,
            -0.2499454198539361,
            0.231058368875753,
            -0.1433311482598528,
            0.1407886880840037,
            0.1923623226301798,
            0.3347437662103075,
            0.238953395381013,
            0.026205038412898216,
            -0.15942939989450325,
            0.15200052093332267,
            -0.007374329748489355,
            0.17078759941277477,
            0.2422559669187232,
            -0.23993423715373371,
            -0.033705086066340526,
            -0.09132216406545608,
            -0.2559173730255075,
            0.22553787264668743,
            0.18233156197094158,
            0.021024910675571506,
            0.1177757640477055,
            -0.15255245803325543,
            0.0963916662286358,
            0.04504237999256666,
            0.055254955889952745,
            -0.29564318496818,
            0.13824408609213057,
            0.16979243132127367,
            0.29020511493378337,
            0.11468719862511519,
            -0.025521999778202565,
            -0.0878526904975435,
            0.18356352990816605,
            0.1621974371489136,
            0.11776513069788458,
            -0.2573396849459714,
            -0.043877967029776775,
            -0.08553246071658707,
            -0.1956692440553563,
            -0.13145881312795915,
            -0.11887513929553167,
            -0.050278601370275955,
            0.10981129305842077,
            -0.2328752797960295,
            -0.20803409151180433,
            0.02368603011826283,
            0.16720024338611866,
            -0.2457413826341833,
            -0.14220219652060845,
            -0.19750635230829694,
            0.10798234835554002,
            -0.09230151765722643,
            -0.2478320842139569,
            0.1393337871239979,
            -0.009032059218912482,
            -0.3596132314388908,
            0.0289024967536945,
            0.03984741667535774,
            0.2875353716298018,
            -0.042202662404806746,
            -0.03208703834839123,
            0.08499835665864813,
            0.019556617839870043,
            -0.08450187657840405,
            -0.21225214902235912,
            0.10225132184036238,
            -0.042675788704073,
            -0.2603592609193618,
            -0.49385323758390265,
            0.17948886995250266,
            0.07059866094003601,
            0.3253592685531498,
            -0.1402203684506583,
            0.0444961838504432
        ],
        [
            0.4283825316581382,
            0.9191020822310735,
            -0.5351670652273479,
            0.8580022267949896,
            -0.13411420290638063,
            1.279473951189853,
            0.3535945273853351,
            -0.19474830069996085,
            0.44744529696566626,
            0.76327348202306,
            0.19495015309386693,
            0.6704621041090773,
            0.2808933466451409,
            0.23855412368202852,
            0.5502728742093423,
            0.6720093703108173,
            -0.10255322370019723,
            -0.8663170020495218,
            0.23846573701100993,
            -0.8184916290928017,
            -0.6025780228869491,
            0.5998102436903201,
            -0.9531829369410874,
            0.8474914533829333,
            0.9336558556329551,
            0.12245606573814101,
            0.6555275783753894,
            -0.09620045118271212,
            0.3330036581812506,
            0.8964805792114952,
            0.45040124307346324,
            -0.2485354532432351,
            0.4099824417280442,
            0.6571559851845544,
            0.21713586560145073,
            -0.46208465690735184,
            0.6623681112825035,
            0.6893841454238798,
            0.4780522973531437,
            0.08071418635073933,
            0.5413991212372552,
            -0.2680432770428788,
            -0.22825379395147816,
            0.48107203560143535,
            0.3581848781083961,
            -0.026405828669744495,
            0.7993451856896114,
            -0.38256939048006605,
            0.07474445784136152,
            0.6553179510045417,
            0.5330629710726711,
            -0.16013727522730947,
            0.3786488490652859,
            0.651950076516358,
            -0.35362167239171866,
            -0.495165126371202,
            0.7114198473854124,
            0.27130032389302206,
            0.06827120005253662,
            0.5753511314830474,
            0.3369758332945877,
            0.11669346812398025,
            0.33063950353638766,
            0.007815459207595502,
            0.8293226751889369,
            0.334089782446305,
            0.09838785019618494,
            0.8615686102054705,
            0.810002245628892,
            0.22190482578785056,
            -0.1734782359965272,
            0.11373270383248106,
            -0.2570595213058895,
            -0.45214794451470197,
            -0.2818308446779664,
            0.0778914950005378,
            -0.13745068012495,
            -0.5599634183737776,
            0.8827083783857695,
            0.6583851489627501,
            0.40556510185135547,
            -0.12552349652374759,
            0.8523171319536444,
            -0.33704974746921235,
            0.2943416807445877,
            0.6219221523260254,
            0.13983783840922975,
            0.7216332188417809,
            0.2694342933293276,
            -0.18229282075317915,
            -0.7613480523820655,
            0.7566813866801683,
            0.17120737007066367,
            0.813750900304014,
            0.21600980441285575,
            -0.268439832531939,
            0.7128961306742742,
            0.14284856883000535,
            0.7590925894210315,
            0.4785698851782048
        ],
        [
            0.43781422083425625,
            0.08732131730588125,
            -0.33838342421356915,
            0.016307461620109667,
            0.06489239768682907,
            0.3535945273853351,
            1.556546067041017,
            0.2774434681112904,
            0.378792521548783,
            -0.0628100394375554,
            0.08487911392370892,
            0.05070334035381963,
            0.39805748308623,
            -0.018787446029056146,
            -0.22815216416860537,
            -0.028389135085687515,
            0.25826641609962764,
            -0.3588382560462073,
            -0.42654593281891867,
            -0.6509116555831509,
            -0.1883608688898266,
            0.03865766509798931,
            -0.5465758129389459,
            0.7329325808412168,
            0.22855149195139055,
            0.022357558517398495,
            0.18303029793607323,
            0.09354381525280392,
            -0.08414381061984924,
            0.033291377233397555,
            -0.20796357871197005,
            0.33927365671751303,
            0.3250776812108043,
            0.2019221436705429,
            -0.2363731185044964,
            -0.10748006853984693,
            -0.5241403159371831,
            0.021779371970983057,
            0.10252500604909723,
            -0.268655122002024,
            0.14207851546610933,
            0.07528480311451721,
            -0.4213680362763046,
            0.48679585805394143,
            0.417651654457354,
            -0.08829007014883879,
            0.3918963697427428,
            -0.30559719187937096,
            0.048395629946479266,
            0.2235926335237495,
            0.10186448678241061,
            -0.2854128838833434,
            -0.19553567072036762,
            0.7067833749283455,
            -0.04406498312643606,
            -0.6009500654746974,
            0.4826154281877661,
            0.8169899412659962,
            0.31389762004553623,
            0.04382789189579578,
            0.21551524985136888,
            -0.11024249114987515,
            0.5924165414102811,
            0.21137856444766845,
            0.015066702284943988,
            0.14045619424666056,
            0.053755592077762177,
            0.6245380100570173,
            0.07094526669405485,
            0.2072763908232329,
            -0.4170975966382038,
            0.21693278377539324,
            -0.3948304602063253,
            -0.6399289016406483,
            0.13256343353653624,
            -0.08309127809049091,
            -0.2410198040636267,
            -0.3109785679416252,
            -0.13167606661580183,
            0.6031994793908028,
            0.2516645006329108,
            -0.3955572995535701,
            -0.06055422324903805,
            0.048891534743612096,
            0.30290255609152944,
            -0.005061358269521975,
            1.4071710194013896,
            0.2799378507604073,
            0.4414923491117164,
            0.140270086702906,
            -0.8269649709625413,
            0.37041544167096746,
            0.12676381703426662,
            0.5116513618777896,
            -0.5838010630017278,
            -0.010788272980922132,
            0.15500917615444446,
            0.6581263495546165,
            0.001637653602573567,
            0.33605163436268154
        ],
        [
            -0.010966410085649345,
            -0.20605846790711543,
            -0.008214859282605392,
            -0.13658226615079797,
            -0.07052998812237886,
            -0.19474830069996085,
            0.2774434681112904,
            0.3203789740173854,
            -0.19126810726807447,
            -0.02546575038303091,
            -0.09821604061804275,
            -0.2709795623365692,
            -0.0007860050346108678,
            -0.21336773184127095,
            -0.21897517179960366,
            -0.26970058699297633,
            0.09196300822730172,
            0.18424712583915165,
            -0.14295398951321384,
            0.16488702318825152,
            0.22180769852996124,
            -0.20860898988468737,
            -0.030699526755728842,
            -0.0624465119379342,
            -0.22722476810825848,
            -0.05071578573292066,
            -0.20090130393715686,
            -0.13179987755580416,
            -0.07641345359720482,
            -0.1310619887459464,
            -0.27543954570645485,
            0.024149851780724634,
            -0.12149246201284064,
            -0.2533765591306446,
            -0.1596545160916189,
            -0.035590489743897384,
            -0.35468124621893454,
            -0.16693970166290104,
            -0.2115563698944675,
            -0.14301569187098864,
            -0.18183166564602027,
            0.39458601303543095,
            0.0368767901256791,
            -0.2559306707221346,
            -0.05567598443331877,
            -0.03905470168935634,
            -0.16483861731897276,
            0.0430715240036472,
            0.08702828448078034,
            -0.130117220579764,
            -0.2185833018811911,
            0.08453126329223408,
            0.004152497354749272,
            -0.11082099137284429,
            -0.013075463425733538,
            -0.20823279802675027,
            -0.011820285626579862,
            0.1166253189831293,
            -0.07453895470777286,
            -0.16746061912862945,
            -0.05600980818670052,
            0.15829779949912942,
            -0.07041435505997079,
            0.11073520800605444,
            -0.2219827115894101,
            -0.1911581841369686,
            -0.027636371439714112,
            -0.08230161926160559,
            -0.29410845703038513,
            -0.20560440554332995,
            -0.16908454323698013,
            -0.12307658639366709,
            -0.1102108267457301,
            -0.12463105835213216,
            0.20183564875168825,
            0.02928489463569852,
            -0.19285645212922464,
            0.16742422915073144,
            -0.2412414147905084,
            -0.10063703338334205,
            -0.008448560698662701,
            0.11015966505644764,
            -0.19934036843838146,
            0.08905948918686399,
            -0.058936992692871365,
            -0.13763301130960312,
            0.34259071503976946,
            -0.19374330116073696,
            -0.005540124360659147,
            0.24708663904739997,
            0.019486718057229117,
            -0.16089281884086418,
            0.1146007633464701,
            -0.13106373514154626,
            -0.08706466100050234,
            -0.06207854009496468,
            -0.26494042279314656,
            -0.031890833021288735,
            -0.06201041860706996,
            -0.06016734690348322
        ],
        [
            0.2599078298459738,
            0.35409747750122816,
            -0.23627247382074307,
            0.1812231759393526,
            -0.03967844923348081,
            0.44744529696566626,
            0.378792521548783,
            -0.19126810726807447,
            0.8900818068474623,
            0.005177902829080719,
            0.4483371972321287,
            0.2898447576768096,
            0.2413054817529368,
            0.24713374869197016,
            0.357029565854859,
            0.17176715155237007,
            0.2500031397716105,
            -0.4671140681678042,
            0.11907944278897262,
            -0.5179637763808702,
            -0.6813275419499005,
            0.21829564867702292,
            -0.465611143139238,
            0.38395933759557954,
            0.4587915222156865,
            0.5879580936903165,
            0.4560978795848178,
            0.09130687186458786,
            0.13025296010135565,
            0.07839134618189789,
            0.3041211491925248,
            0.18652476331816148,
            0.4010832236186253,
            0.6783824442896157,
            0.15653630327224993,
            -0.0050520752855549075,
            0.19307919889606626,
            0.16746670053898047,
            0.36848089191065503,
            0.293536824994338,
            0.33791738608085703,
            -0.3917096850850091,
            -0.45226253231128666,
            0.4982768918626807,
            0.2913923481615966,
            -0.12951088403043598,
            0.3707115132720514,
            -0.5216081805647205,
            -0.18309439328814622,
            0.2618109835144672,
            0.8049198889698089,
            0.2549840505767792,
            -0.18855409254343258,
            0.479763923557805,
            -0.15281553885883256,
            -0.12831133143107043,
            0.3741799089604063,
            0.33202492663420013,
            0.35461890103217586,
            0.3692021705659218,
            0.4922975505999228,
            -0.20463480147095778,
            0.28182234736146655,
            0.13690574735511904,
            0.5366143227266947,
            0.3996473177355923,
            0.10958202454870931,
            0.44974658505854,
            0.7069203712251222,
            0.4120819494101221,
            -0.14494483378034034,
            0.5116753262129864,
            -0.3229564645364373,
            -0.2208944332964436,
            0.19038166251612224,
            0.33704358277082713,
            0.20147485668647458,
            -0.13392498386830187,
            0.27740814465974345,
            0.45620191236278756,
            0.3391193384353806,
            0.027574575979047247,
            0.2835787121442703,
            0.2816484693748928,
            0.06161826512294873,
            0.34333894821926386,
            0.2915123872241089,
            0.5990295613386979,
            0.3449187230257955,
            -0.2805357047800786,
            -0.45162852406777837,
            0.599562234383311,
            -0.09391667997317525,
            0.48826981985147616,
            0.2459969170992592,
            -0.19965999115323557,
            0.38954003954324273,
            0.3833359254322657,
            -0.006807556131484182,
            0.30014376246304286
        ],
        [
            -0.104594149878872,
            0.6282821419983909,
            -0.7403157481924304,
            0.5821257017922638,
            0.053846721401248215,
            0.76327348202306,
            -0.0628100394375554,
            -0.02546575038303091,
            0.005177902829080719,
            1.3155535189584768,
            0.015684102563282645,
            0.690191824887654,
            0.1964851438340235,
            0.32567987106554,
            0.6283852492749828,
            0.44599872015340747,
            -0.3152684938354755,
            -0.9818829892298367,
            0.004478816085159368,
            -0.23253113947240087,
            -0.059579390383415656,
            0.37943733546990954,
            -0.9435934968839781,
            0.5292214507060384,
            0.573848566678452,
            -0.30223590692629876,
            0.2520512773411153,
            -0.07323744743268165,
            0.48875072418841503,
            0.8234740827306058,
            0.4501385083135909,
            -0.09861065818639765,
            0.03777205017522582,
            0.29749182870829727,
            0.004116890514446034,
            -0.2193736557400239,
            0.9265982689784326,
            0.6067441932279963,
            0.54804898135077,
            -0.03889283075209847,
            0.2678729806004433,
            0.022521659416657333,
            0.2090079322849943,
            0.31646390662567986,
            0.5141297725179256,
            -0.03375277299730582,
            0.4764717925024446,
            -0.20018545452354777,
            0.5967281774209805,
            0.5835326498027859,
            0.49461540677601373,
            -0.27270786731403895,
            0.9101736658509718,
            -0.02653053931044964,
            -0.4686324484102839,
            -0.5502287155533938,
            0.46991303282441477,
            0.16603954138258856,
            0.14096208135425442,
            0.2892726232685953,
            0.589859278700784,
            -0.28523497069576115,
            0.12443475033242161,
            -0.09517989485333804,
            0.6352458041105546,
            0.08815537932397365,
            0.28275346278469526,
            0.47063773076352877,
            0.3885042965182496,
            -0.3235946528039778,
            -0.5794162405578708,
            -0.05719465097412893,
            -0.5403721627657169,
            -0.4681919530523706,
            -0.34589119079407726,
            0.01320064835845064,
            -0.1807809022470916,
            -0.3101781952498958,
            0.625614744749071,
            0.31899051876443824,
            0.0026019978864227807,
            -0.3035861167168021,
            0.7733607475988461,
            -0.41566538741163417,
            0.27909807155788996,
            0.29369543420285454,
            -0.12357208323575017,
            0.33635518081636195,
            -0.03890099020259519,
            -0.28825569380223126,
            -0.40459088416175526,
            0.7078905067401149,
            0.06313985401721411,
            0.5408827433310979,
            0.23249022332169586,
            0.08028721902114873,
            0.34206024645943867,
            -0.08827814273647724,
            0.9050699903391725,
            0.34628258245626947
        ],
        [
            0.3150547437382515,
            0.05181168632088031,
            -0.1439333014473995,
            -0.13521010681156817,
            -0.09674198402018239,
            0.19495015309386693,
            0.08487911392370892,
            -0.09821604061804275,
            0.4483371972321287,
            0.015684102563282645,
            1.1838719109979328,
            0.29292925548052284,
            0.20271969755547076,
            0.11010422732466492,
            0.4499157953181464,
            0.5246875531676322,
            -0.03329564815112953,
            -0.1300134786356289,
            -0.16734107227046677,
            -0.22812768668436187,
            -0.5269602143496404,
            0.27719556818454055,
            -0.26443055321611353,
            0.428371573672655,
            0.19526970398175153,
            0.3792185915908859,
            0.21802106200799035,
            -0.19885333255544824,
            -0.2797385802393763,
            -0.07017473811636553,
            1.064198281102466,
            -0.200369448369351,
            -0.08902785562695212,
            0.38056938416980207,
            -0.24443287198825514,
            -0.6444448534278318,
            -0.23945282376179278,
            0.040738610401540976,
            0.01979397706442819,
            1.3192416134890563,
            0.3188390979164278,
            -0.4085204939501146,
            0.127247120987579,
            -0.06419047004662701,
            0.41583452017230227,
            -0.034424337235679614,
            0.21052615487271006,
            0.2742414435615102,
            -0.26175144862518285,
            0.4319692744124131,
            0.09414734317634497,
            -0.2675968064693452,
            -0.027304245951658417,
            0.16975232966745007,
            -0.1372156396166658,
            0.17744834490991046,
            0.14220879941720696,
            0.003552529844414776,
            -0.2724620266895035,
            0.4751021061794479,
            0.0013232199604109195,
            0.2775966132011327,
            0.028368700594105904,
            0.0964631104309758,
            0.08682108339480911,
            0.3588147457705698,
            0.08261117603566745,
            0.2989742222130738,
            0.1920973451752974,
            0.6688980424686799,
            -0.3203535793821814,
            0.002309308924127463,
            -0.09690434621642519,
            -0.5512608164269658,
            0.939655532240987,
            -0.18404457608487404,
            0.10328502096944069,
            0.03122861926969008,
            0.2479145094375189,
            0.31294629165421817,
            0.16094371309504413,
            0.47164098490595713,
            0.10209491571543704,
            -0.33207889423566356,
            -0.36467501472170527,
            0.29184640859936556,
            0.07246231204569185,
            0.4446672852850987,
            0.14669966772455742,
            -0.12423747595153006,
            -0.5771775072790056,
            0.23724765072228732,
            0.14269914858966884,
            0.13086093540017038,
            0.0485371558504963,
            -0.4300455400977481,
            0.42524245212183337,
            0.07524515169475973,
            0.06254819253337471,
            -0.12928555302538203
        ],
        [
            0.3548958179232837,
            0.7357992154526501,
            -0.29056710894844057,
            0.26830843411350097,
            0.10387704668699341,
            0.6704621041090773,
            0.05070334035381963,
            -0.2709795623365692,
            0.2898447576768096,
            0.690191824887654,
            0.29292925548052284,
            0.9215163143441755,
            0.35163530552569866,
            0.34214515456792005,
            0.6638102204792533,
            0.780908998422888,
            -0.34713351999016284,
            -0.6570799150786056,
            0.11370670459134866,
            -0.5119156615887879,
            -0.5193299230811952,
            0.569757713519967,
            -0.25827306640579045,
            0.7707676253789576,
            0.7731674894537117,
            -0.09495458952745456,
            0.5126801361782853,
            0.19785579815274013,
            0.17381141928854457,
            0.4982443770639131,
            0.6884283330965952,
            -0.19160092108543175,
            0.05656347003205644,
            0.6049460542614468,
            0.1995981560279757,
            -0.23081446119719365,
            0.7945875893967813,
            0.5986758154437526,
            0.45268900732321726,
            0.10806158941749873,
            0.47147677316072506,
            -0.5918823945510291,
            0.3627621196537266,
            0.4234081940104529,
            0.6875784445445694,
            0.21203970723622417,
            0.6091605645807641,
            0.03576575755310445,
            0.11841907771722436,
            0.7310389766265342,
            0.3135996252436409,
            -0.36387081534779037,
            0.47388146224630884,
            0.2808928789437579,
            -0.14190343183966797,
            -0.006569820665974593,
            0.41826594870275424,
            0.148197821967795,
            -0.06041895665393316,
            0.6036611659697158,
            0.23971934599343903,
            -0.4137473834848554,
            0.48488076965481064,
            -0.08859823286197661,
            0.4918070074346379,
            0.46925308419233996,
            0.22916915554281342,
            0.5770950425370546,
            0.5046983648152269,
            0.5393409665598853,
            -0.153927659487628,
            0.08745512898594479,
            -0.005366936035194139,
            -0.4724549928043784,
            -0.3695955379201628,
            -0.051460113659322564,
            -0.04582345492384431,
            -0.7634761972520664,
            0.6372347873918095,
            0.49616403666365,
            0.14765108465357646,
            -0.3934702606834148,
            0.6359530201323038,
            -0.4015399629146459,
            0.19806829912168034,
            0.35666629591759597,
            -0.06113344425460438,
            0.5893798258288101,
            0.060965871458727505,
            -0.2575271691796231,
            -0.5114139908601032,
            0.7599889223754337,
            0.0530784589223072,
            0.6226691362519116,
            -0.03558745515393948,
            -0.1655344732701361,
            0.7185425137831869,
            0.08296172156711858,
            0.5505000022105396,
            0.33024180461810704
        ],
        [
            0.3655032120872196,
            0.2962808415584573,
            -0.16841095106795337,
            0.039617713231293296,
