{
    "pos": [
        [
            0.8066686406497692,
            0.5594332185914045,
            -0.19132401946910685,
            0.05728085837585051,
            -0.2715649876735716,
            0.7445383911406639,
            -0.11602012775593648,
            0.08807102321886491,
            0.09759756508771987,
            0.516915119909598,
            0.0921855930361554,
            0.6318514354260298,
            0.5749735182863391,
            0.40961617800335476,
            0.15605882154572184,
            0.5450445654039052,
            -0.03705616464404234,
            0.5000276712655163,
            0.7125143372907099,
            0.3655398194194725,
            0.21161718442634445,
            0.5440105961891626,
            -0.2571644030466067,
            0.6063707951104805,
            0.3928816211681291,
            0.19178713119404328,
            0.20343429196952612,
            0.017191299986974808,
            -0.15881849178786475,
            0.5653224331953657,
            0.3233295984028559,
            0.01592424781828636,
            0.04634950552247984,
            0.5042896484305556,
            0.46194744313449343,
            0.6702206587633078,
            -0.16570978725244231,
            -0.24590353215821528,
            0.08183195191980584,
            0.19385506638163946,
            -0.25714583268735436,
            -0.04591101981823479,
            -0.3336990729131483,
            -0.38120586566223497,
            0.49720794596621204,
            -0.012429773703134259,
            0.06126377439512949,
            0.6107837682271027,
            0.5907653029665583,
            0.3913812556364831,
            0.2041012132767713,
            0.3207266518549551,
            0.6065477540682902,
            0.7160427039655326,
            -0.4909977748577058,
            0.5129839630227524,
            0.629658927423994,
            0.017149011691459874,
            -0.08445804293803505,
            0.03402146969174305,
            0.21714305529637362,
            0.5536749337810343,
            0.0982889029667386,
            0.6448464558352972,
            0.07572459517454644,
            0.09104710663089446,
            0.7335643798435753,
            0.5427332340697143,
            0.4835550714185631,
            0.6727663225576573,
            0.7062260760544569,
            0.05343936257751543,
            -0.4431129147328446,
            -0.4918712800616176,
            -0.40047298717646623,
            0.5308622016172714,
            -0.3221011570724406,
            -0.10636549228700024,
            0.3113692140941663,
            0.2250328017737519,
            0.6433544505644766,
            0.19127435482041713,
            0.5488767966996371,
            0.17172105671391258,
            0.6296960927563391,
            -0.10973674529734144,
            0.23439948938388977,
            0.406032578920777,
            0.10029401531355078,
            -0.5934437062986522,
            0.07710508601524112,
            0.44191950929701235,
            0.3165697828421381,
            0.38875840279859514,
            0.43814222258345953,
            0.2855774287503701,
            0.2036633019102709,
            0.5941224977929666,
            0.7148191009883419,
            0.7121330333924434
        ],
        [
            0.5594332185914045,
            0.782324864036764,
            0.037538865610525586,
            0.08503081116004378,
            -0.10513239400778589,
            0.527137020738099,
            0.00617831725044692,
            0.050210201799161816,
            0.4087887364178334,
            0.3290564664156352,
            0.20955556015541818,
            0.43299441066413896,
            0.41412126124330634,
            0.19703643086396255,
            0.04429889306377723,
            0.35785953683836574,
            -0.09419912346919738,
            0.33973901060599276,
            0.7405335073812594,
            0.3906305661066585,
            -0.05965353726639609,
            0.3104892563858791,
            -0.4199119284638288,
            0.34598700899194607,
            0.10606145575392321,
            0.3266560253208607,
            0.045713418200314694,
            -0.24329646417198045,
            -0.017360987682286992,
            0.2505587546570353,
            0.1175464362535913,
            0.04979010873591264,
            -0.2726605803348837,
            0.46410884734223273,
            0.43553002816516095,
            0.5581425065758407,
            0.06665274659330604,
            -0.294940737012626,
            0.022513638090073004,
            -0.03154617094245405,
            -0.013201197973576549,
            -0.10488930254918834,
            -0.2887506467329081,
            -0.26176260284161207,
            0.3363986883943562,
            0.041286402248726435,
            0.22409677377855555,
            0.4117020593817654,
            0.2522153854079446,
            0.3692127139784899,
            0.02467665587447533,
            0.18050505894396435,
            0.4923674589939868,
            0.5548101058373869,
            -0.41538002020653203,
            0.34552697420727563,
            0.38487366192646943,
            0.03684593022770919,
            -0.3078032567498173,
            0.04602058614737429,
            0.1540563894167874,
            0.38027056326058073,
            0.04362721400539806,
            0.3992095326886851,
            -0.021940518208775343,
            -0.011869713227931556,
            0.6305328627122492,
            0.1511939004423263,
            0.46602069392680284,
            0.4916641080613189,
            0.5687547081154813,
            -0.17076657708159454,
            -0.3966504781262504,
            -0.47263027455771806,
            -0.3325240369504873,
            0.3636768379180723,
            -0.04864408039683014,
            -0.10080757279711101,
            0.28118417734734646,
            0.06505479429748955,
            0.5412903903231525,
            0.1641663237846988,
            0.3914474523235055,
            0.21087569001267711,
            0.4828813959447917,
            -0.15536526376371593,
            0.330500014167882,
            0.3169487424186431,
            0.03669615674411896,
            -0.19451778799697017,
            0.19427917420243862,
            0.1926579780835068,
            0.1908969762186001,
            0.3223719793232779,
            0.1880845062904607,
            0.2768743314936546,
            0.3913110058843462,
            0.2781341016965849,
            0.5250496685721353,
            0.4414256583012739
        ],
        [
            -0.19132401946910685,
            0.037538865610525586,
            1.1771851872536347,
            -6.561324592595592e-05,
            0.20198322135207994,
            -0.2599265302080425,
            0.17739870983116712,
            0.5093564357785686,
            0.3290753793462398,
            -0.08334477454122449,
            0.47386117537045813,
            -0.39839073912857587,
            -0.14475266797353475,
            0.17095736797530528,
            -0.16375535504782537,
            -0.45089962105531867,
            -0.18145742187063776,
            -0.48754292790615167,
            0.4779697388276982,
            -0.3137479538300549,
            -0.28320460193613345,
            0.044628595684782495,
            0.673171058441174,
            -0.3009774381880339,
            0.05932796841574576,
            0.5797541964742405,
            -0.059746470605486865,
            0.199163343523401,
            0.43647717787447415,
            0.11525533624909672,
            0.06270388377654638,
            -0.1357344358305443,
            0.2679468966355766,
            0.158231098536112,
            0.040528500197985255,
            -0.06150463886923824,
            0.6518890117450329,
            0.522417181142403,
            0.18944855181048195,
            0.0023164459425495257,
            0.4416192697451039,
            -0.08239091789721456,
            0.21934097756926674,
            0.2273222066904089,
            -0.01452588867265489,
            0.44634331108718617,
            0.32218102778206503,
            -0.24812754994609207,
            -0.2665842727876676,
            0.02266252239646206,
            -0.19670432362155907,
            -0.20608962759950994,
            -0.0415878217303704,
            -0.16006873873349026,
            0.16656418408073703,
            0.025847998292959525,
            -0.22993921677498555,
            -0.0472009000357969,
            -0.07906107711883603,
            0.07009968467928826,
            -0.019459428464513616,
            -0.397591271870959,
            -0.13278450060943497,
            -0.5200926761509229,
            0.03540880281027561,
            0.010105883760983985,
            -0.10381530533394172,
            -0.08929249350684137,
            0.17884486123115856,
            -0.2646374722922277,
            0.1408754079439976,
            -0.23957245827517434,
            0.2911423813584258,
            0.11198244664818198,
            -0.17562075126888826,
            -0.4364145928627967,
            0.15918350916959287,
            0.16259390076148544,
            -0.40233410093793126,
            0.05658973880713926,
            -0.10661021610042883,
            -0.006363609523853749,
            -0.22885902735671723,
            0.32228457754461254,
            -0.07169177613725464,
            0.09016178740628762,
            0.07277352296780129,
            0.2862176090333165,
            0.32745198049669105,
            0.0870681413507682,
            -0.28507094930159693,
            -0.7176952724337718,
            -0.15249608175844204,
            0.18642126118778884,
            -0.3990832537070896,
            0.07018291001851196,
            0.459885547076789,
            -0.3044668443968857,
            -0.34986603274612205,
            -0.31265082856737714
        ],
        [
            0.05728085837585051,
            0.08503081116004378,
            -6.561324592595592e-05,
            0.5694609245259373,
            -0.17189750024275252,
            0.04776042170641816,
            0.05153028906640605,
            -0.04044234156615981,
            0.19916244230797658,
            -0.1178580266249602,
            0.41398558435899585,
            0.08229212307552217,
            0.24797851380489674,
            -0.36000227259721324,
            -0.3540616937416608,
            0.11125331518265985,
            -0.1628906210230907,
            0.13210901054364046,
            0.06010111232517075,
            0.240480520975011,
            0.14807981064802012,
            -0.3626833206002863,
            -0.22498472878558348,
            0.22027134840367113,
            -0.317946395212545,
            -0.04040889536777616,
            -0.15447152987561244,
            -0.32022124099681826,
            0.04255967417146713,
            0.23592251267435144,
            -0.026589950827780685,
            0.17940004321732408,
            -0.29995131859223717,
            0.004261564662989907,
            0.1079289257713541,
            0.02190911809276051,
            -0.05456692192684734,
            -0.28016791520158374,
            -0.07363473576295348,
            -0.23378288329119729,
            -0.062109949001665804,
            0.2304393832313525,
            -0.08709460346336712,
            0.15656048898084102,
            0.0766428566229721,
            -0.08550140234471296,
            0.1391101675363744,
            0.06460463477637997,
            -0.07156698557493557,
            -0.1730312951188957,
            0.013250708928500596,
            0.20216230778733113,
            0.01653773746697849,
            0.08956756776847603,
            0.00495686639450848,
            -0.1980238128974122,
            -0.15608752321347943,
            -0.175363709143733,
            -0.11954076443308592,
            -0.21710090890853698,
            0.012460376986378592,
            0.20639310752304305,
            0.08204766376368718,
            0.287618984527676,
            0.17322588092847832,
            0.1818081123165235,
            0.03302134550007463,
            -0.18183797832044216,
            0.07268797579453438,
            0.17985543275491228,
            -0.17284476995474596,
            0.23728666860720649,
            -0.06517621857022855,
            0.042691554236484,
            -0.01167081847470291,
            0.005972209307309781,
            0.1478847323436141,
            -0.12323708156745267,
            0.21243733920799224,
            0.13487602811885516,
            0.00036081134904470096,
            0.066586277256457,
            0.19387452659091498,
            0.1477522605649336,
            0.021091369935904436,
            0.23591592291341618,
            -0.03421376472798143,
            -0.35597858488435363,
            -0.20722947225208652,
            0.016010795110977315,
            0.2744504450024238,
            -0.06447312927181582,
            -0.09957418440920793,
            -0.24095520799470735,
            -0.20580918440847557,
            0.3127974352054103,
            0.21073282270922503,
            0.04755163886072685,
            -0.013027051963275497,
            0.15645502767989244
        ],
        [
            -0.2715649876735716,
            -0.10513239400778589,
            0.20198322135207994,
            -0.17189750024275252,
            0.6035720106666895,
            -0.28187588774008115,
            0.22578924812156734,
            0.2833187103752658,
            -0.08972717567160315,
            -0.3106368607436014,
            0.022670326297379195,
            -0.15143506908417487,
            -0.3099525098982111,
            -0.22550631384644598,
            -0.09317752587712352,
            -0.23409683054092617,
            -0.05140334009503673,
            -0.036631055695641415,
            -0.29148556097245776,
            -0.3909314743814683,
            -0.030900662603953768,
            0.09146417728760577,
            0.5250641722579081,
            -0.2623056047710771,
            -0.32992799158094677,
            -0.005071584081218914,
            -0.04866586252794282,
            0.324920887798197,
            0.09347967921144294,
            -0.5322850201498964,
            -0.18798167171915203,
            -0.17815174196399822,
            0.31681400640823143,
            -0.1569713065076325,
            -0.11559262673793626,
            -0.20063366420278383,
            0.19055626398458833,
            0.23735318988275658,
            0.027580129015991543,
            0.010878364808718158,
            0.41680060973276456,
            -0.10291885374817736,
            0.10775037308127541,
            0.20110687176321748,
            -0.06116478571015145,
            -0.26847759100369284,
            0.03213835604404643,
            -0.06444219643605228,
            0.02945618459784687,
            -0.002589413675437419,
            -0.3608076862712992,
            -0.43151810772123894,
            -0.13453352997123652,
            -0.2517825045088143,
            0.046220970960939724,
            -0.13457554438375804,
            -0.3406617005106313,
            0.18829430172583717,
            0.007501226209092581,
            0.3902557945894431,
            -0.0736664226457958,
            -0.07851821757591335,
            -0.0871177208309482,
            -0.3238849503822685,
            -0.1937904479535873,
            -0.20347533978267318,
            -0.09905896512212191,
            0.011072690518273538,
            -0.09036610794315116,
            -0.31818214420390695,
            -0.2682729020570725,
            -0.09241401469711019,
            0.26143430599508505,
            0.16113942609623033,
            -0.3738147761685629,
            0.046180482371872035,
            0.03182243980275886,
            0.27172479406495215,
            -0.3991430071821409,
            -0.36684538020983354,
            -0.2121562713253071,
            -0.14991125884187823,
            -0.2278989805722237,
            -0.1385157522405472,
            -0.2350214199106204,
            0.032177724387498476,
            0.05984897058458594,
            -0.06289063797863875,
            -0.14021902874790984,
            0.11233355060031425,
            -0.012318567677998788,
            -0.20532857210704958,
            0.00038912711264784793,
            0.05249163963602771,
            0.08402750428290928,
            -0.09754443625526447,
            0.1604784130056446,
            -0.27257140576056227,
            -0.24965297229405078,
            -0.2789731962494682
        ],
        [
            0.7445383911406639,
            0.527137020738099,
            -0.2599265302080425,
            0.04776042170641816,
            -0.28187588774008115,
            1.1183386892422595,
            0.04897267283100688,
            -0.01563205346730997,
            0.17595360228569054,
            0.6537848833545906,
            0.023448682971402138,
            0.6840673684107098,
            0.9052199495429077,
            0.48233432505075186,
            0.17651666420411674,
            0.52897233858684,
            -0.0652089765105243,
            0.5603271021449927,
            0.7219820436807043,
            0.4744048207847492,
            0.17933383310052778,
            0.588606441633955,
            -0.5423163810123834,
            0.6653632520223611,
            0.32804672252538375,
            0.36167586905906096,
            0.2473590572312859,
            -0.22068148181209357,
            -0.0390862448461034,
            0.5120040414394793,
            0.45736108767197614,
            -0.10386270154349178,
            -0.24938168344002953,
            0.41079832876963224,
            0.6846098228033292,
            0.7277286709927643,
            -0.08358774586097527,
            -0.3159294222549871,
            0.1863565282710332,
            0.10850584801500383,
            -0.28643994092686265,
            -0.09945172664826492,
            -0.30027198409387096,
            -0.43080587985649255,
            0.6621724028406971,
            0.18526415040837188,
            0.05271457596709043,
            0.6577043061598986,
            0.47934367080195284,
            0.44757200942226477,
            0.32016676266008715,
            0.6605208858075913,
            0.6511078614677045,
            0.7750773728508419,
            -0.5181716015408676,
            0.469537287564612,
            0.7686628497306208,
            -0.06300561909677638,
            -0.16556771677145068,
            0.06646185470048711,
            0.3244682144171465,
            0.7183284647248792,
            0.21362231163864195,
            0.7175582160156044,
            0.1046849248852076,
            0.11610990262182444,
            0.8995596659603551,
            0.4412500464607716,
            0.5274079217918048,
            0.7124871998821666,
            0.8888055118295742,
            0.009150511056908589,
            -0.6666550856666014,
            -0.6110701113925137,
            -0.11653031639196179,
            0.599613965209944,
            -0.24087045579293043,
            0.04627286652423101,
            0.35697799102515093,
            0.14161726653365528,
            0.7312162394913301,
            0.20894617879954117,
            0.546355626073806,
            0.3382283508028098,
            0.8054221274340249,
            -0.17405215465417548,
            0.4454832455761859,
            0.5084459185900136,
            0.16966793540554875,
            -0.5152708152138032,
            -0.05630701968107189,
            0.5934357914693656,
            0.3838709306601073,
            0.5055214437940801,
            0.5679952847311492,
            0.13053806115729305,
            0.22446623915403702,
            0.6501248420773577,
            0.7416972976121459,
            0.7939174537206277
        ],
        [
            -0.11602012775593648,
            0.00617831725044692,
            0.17739870983116712,
            0.05153028906640605,
            0.22578924812156734,
            0.04897267283100688,
            0.7039833639860574,
            -0.0578932188024816,
            0.40856130086525533,
            -0.21798123509590114,
            0.04529757433468945,
            0.08047293132913269,
            0.21939226983044063,
            -0.5615278226111229,
            -0.3975147617642974,
            0.03821813636009793,
            -0.1218258805209363,
            -0.009631086123054279,
            -0.03514787456952011,
            0.0004246194317436154,
            -0.3168066992867831,
            -0.09456117977057149,
            -0.11822670077589748,
            0.05317003393750913,
            -0.3697425669342826,
            -0.12396501653763632,
            -0.22498991370084936,
            -0.2318054988130584,
            0.07968732081566074,
            -0.0996852702611075,
            -0.10817555283050215,
            -0.019163763352890967,
            -0.23966433131443182,
            -0.05463739496384903,
            0.10734597806910949,
            -0.0922657225818432,
            0.14304375979564665,
            -0.18080435821607518,
            -0.06778640977912219,
            -0.295512411228967,
            0.15339848306919723,
            -0.11169420434832368,
            -0.005768102106553871,
            0.2137173244334976,
            0.06505057771039598,
            -0.17750665779709582,
            0.28086049830503657,
            -0.2635488038835947,
            -0.25357748683392217,
            -0.1372106590062629,
            -0.1108415292795689,
            0.1269036454523762,
            -0.14914697655957188,
            -0.14575284501319935,
            0.038634066048186665,
            -0.19279032752467118,
            -0.5378456342711126,
            -0.12242151649303067,
            0.009380259925350685,
            0.021556175129831472,
            -0.18233880508964573,
            0.17963541406031153,
            0.07484329553798605,
            -0.04905639247061357,
            -0.14724739764871578,
            -0.1601996292255294,
            0.06812161310753766,
            -0.20939787345605487,
            0.009820486215624678,
            -0.01974174236916111,
            -0.13169982000952812,
            -0.24811420560770922,
            -0.03531861609732867,
            -0.013343186947595191,
            -0.05768692239303666,
            -0.0355731573227346,
            0.09076225552748621,
            0.17238723529813701,
            -0.12866467269783421,
            -0.03336935486820228,
            0.004586148483056288,
            -0.06559568541052425,
            -0.1539010007167388,
            0.11622912770687593,
            -0.15180811929016408,
            -0.1951900944031075,
            0.18404714966485342,
            -0.19081208213959813,
            -0.20750248308832545,
            -0.11617304116443955,
            0.18604430267827912,
            -0.025316007020462297,
            -0.33736811699462593,
            -0.09144128452540207,
            -0.05631481094931822,
            -0.05116775414017847,
            0.45458022864305225,
            -0.008470692593262445,
            -0.08148941410996986,
            -0.2052284514545183
        ],
        [
            0.08807102321886491,
            0.050210201799161816,
            0.5093564357785686,
            -0.04044234156615981,
            0.2833187103752658,
            -0.01563205346730997,
            -0.0578932188024816,
            1.2164725162497299,
            -0.3427905859571302,
            -0.050011476269976325,
            0.542849992445261,
            -0.22592072115894768,
            -0.1418201471789676,
            -0.06691762259662296,
            -0.0847365303849779,
            -0.24905593801470058,
            -0.1583432552706351,
            -0.05838156049014153,
            0.15343510337526226,
            -0.46335050864738087,
            0.02010592717985953,
            0.18672432977694717,
            1.454645278219068,
            -0.16214624981327483,
            -0.2673709751137956,
            0.13816027459477728,
            -0.060570766693672076,
            0.9268880146058494,
            -0.0642188892605814,
            -0.15322510548572194,
            -0.2885028308479571,
            -0.23236231859377432,
            1.222621631817963,
            0.15303100680499512,
            -0.21008461837232814,
            -0.0006754574066168507,
            0.08951824810983502,
            0.6818445179419467,
            -0.07807928721727253,
            0.7547715911999315,
            0.3151633498548947,
            -0.05655652519258972,
            -0.05971371156747845,
            0.1673936926038556,
            0.07218436316192435,
            0.24048492572510102,
            0.031821637399858806,
            -0.09528103505202114,
            0.4036098914618589,
            0.03228449877091871,
            -0.43757504296528854,
            -0.3741628001902731,
            0.16596801370890008,
            -0.0035709160468419604,
            0.3145594837953093,
            -0.0412438344396522,
            -0.21785014482786655,
            0.2517144729371667,
            0.2599363408828225,
            0.17347187879033585,
            0.2021046367737731,
            -0.08485291788511648,
            -0.18659948465471204,
            -0.20159215084896406,
            -0.04153851309431378,
            -0.041099201894275586,
            -0.04220884913112542,
            0.19049709780081706,
            0.40279773655857387,
            -0.1577854093066517,
            0.022614077872092447,
            0.0005524351950930575,
            0.5746635512489078,
            0.30609947616483163,
            -0.4983608807393525,
            -0.09365911931236622,
            0.18700193583352734,
            -0.12190234326680296,
            -0.5513615996851222,
            -0.17763271665736377,
            -0.10659517342417893,
            -0.023938967197726185,
            -0.06128018100793582,
            0.05229574605825455,
            -0.0639389307005304,
            -0.04484183897826065,
            0.12970377716126144,
            -0.09791778481889758,
            -0.1466954514465648,
            0.12534355834171115,
            -0.10653797965824843,
            -0.08158179948227844,
            -0.2152632635351792,
            0.007689249531422144,
            -0.11733852083151175,
            0.2908013238719381,
            0.4509717965267467,
            -0.03645646486135171,
            -0.05187624252456393,
            -0.17402944784886606
        ],
        [
            0.09759756508771987,
            0.4087887364178334,
            0.3290753793462398,
            0.19916244230797658,
            -0.08972717567160315,
            0.17595360228569054,
            0.40856130086525533,
            -0.3427905859571302,
            1.2454605221440105,
            0.06860863909595956,
            0.5824533783144517,
            0.0750637789186484,
            0.4284888988852731,
            -0.18527962441136983,
            -0.48372630051347526,
            -0.006126854745432859,
            -0.14718606450673008,
            -0.04206676875006161,
            0.41081597190797264,
            0.3338837061086317,
            -0.5238499736407576,
            -0.10492191990639232,
            -0.6775162090991282,
            0.0625413440204468,
            -0.24502983192007127,
            0.27018916798735537,
            -0.21374270247001906,
            -0.6644817650699304,
            0.32228207466019043,
            0.23977974059851292,
            -0.07288097648922447,
            0.1801278363696775,
            -0.7283531284857528,
            0.21032445882798276,
            0.39421575084659666,
            0.13269982841612377,
            0.3331701693195944,
            -0.274067396155828,
            0.08997875903828377,
            -0.5727943121242245,
            0.13893785167148207,
            -0.058919798453986365,
            -0.07096617756498136,
            -0.05322672480903893,
            -0.06270104049218966,
            0.1820618762512634,
            0.6514901574573124,
            -0.10164270801904508,
            -0.2835747046925491,
            -0.05179695605942868,
            0.2028717148591597,
            0.31844192052849807,
            0.08999773775437123,
            0.15220234271460062,
            -0.0883453600864078,
            -0.00046335601462211103,
            -0.24672206751414874,
            -0.21390151477481592,
            0.10963951071426105,
            0.07681057736670797,
            -0.19622133738248884,
            0.15708412123684967,
            -0.007060651291963296,
            0.021952589695905574,
            -0.1202885538393491,
            -0.12726737396207383,
            0.1479563437281687,
            -0.33155596910114815,
            0.26194082815417374,
            0.1757925178165308,
            0.14687286950097372,
            -0.5153436213282546,
            -0.3414900434223355,
            -0.2520243151684476,
            0.059560015347536424,
            -0.08921707421618691,
            0.07474714043255652,
            0.037514640202292025,
            0.026208210169417812,
            0.5043891727583947,
            0.28088151150747354,
            -0.0028644060013456583,
            0.005589590033083287,
            0.4776393481987925,
            0.19645983927796604,
            0.052590031300104714,
            0.35380603537201233,
            -0.049564512241074374,
            -0.012230161124215313,
            -0.08789946411489057,
            0.2020173487947643,
            -0.24900090354439702,
            -0.2167943901384474,
            0.04527041651716364,
            -0.16199439592553416,
            -0.07076691691148844,
            0.4313095177316791,
            0.05209043765742671,
            0.06951937889555858,
            -0.011791997223444341
        ],
        [
            0.516915119909598,
            0.3290564664156352,
            -0.08334477454122449,
            -0.1178580266249602,
            -0.3106368607436014,
            0.6537848833545906,
            -0.21798123509590114,
            -0.050011476269976325,
            0.06860863909595956,
            0.6981696755155195,
            -0.16410590012335224,
            0.28456319596525786,
            0.45984727230360956,
            0.814226871241601,
            0.4144523311867968,
            0.28912686297805107,
            -0.027128854966184605,
            0.17153902909825844,
            0.5145980745258043,
            0.21083982816610647,
            0.08737886689106411,
            0.6347021852798974,
            -0.21128393761891023,
            0.34157391753437905,
            0.570225139475896,
            0.3933466959684726,
            0.331486529235525,
            0.05577631957737154,
            -0.04857941238552246,
            0.2542107758011579,
            0.3111842789248758,
            -0.13966986713183047,
            0.04407131387093797,
            0.31599543596583335,
            0.3981632367793655,
            0.5028509184119138,
            -0.02924316587527693,
            -0.022928400802397234,
            0.1610656607087042,
            0.2832416095684674,
            -0.25211877590227544,
            -0.08035572351287641,
            -0.16291100241045295,
            -0.4115764611023961,
            0.2816343520901449,
            0.36192815941114387,
            -0.20995555288598686,
            0.4776509220843119,
            0.3746408405539654,
            0.39347716203538846,
            0.31481177418626316,
            0.42470235142955987,
            0.39807623694918626,
            0.5345572263446462,
            -0.3269658343467466,
            0.5689615111720002,
            0.7852501988852134,
            -0.059796410299547735,
            0.03286281945018554,
            0.05692644978617178,
            0.26501721739341033,
            0.2396735996570447,
            0.0021554657778412698,
            0.3375891700504674,
            0.06282863798269574,
            0.07066146218690228,
            0.5052935586289019,
            0.4453212934331424,
            0.2688390523158664,
            0.398512897959476,
            0.7399096057981104,
            -0.21691514888305422,
            -0.3535967034211755,
            -0.3283593630474283,
            0.07401495208790604,
            0.2556007304271895,
            -0.20221957696768536,
            -0.06538997157957423,
            0.3329110988044766,
            0.1819761949865948,
            0.5467958159222419,
            0.1413302280480332,
            0.3613492551161736,
            0.07748989048643821,
            0.5795068144802773,
            -0.07173935581556626,
            0.29085128464060006,
            0.6550935372286315,
            0.3780207630013293,
            -0.4215968925533981,
            -0.08724361416809748,
            0.4187800098904943,
            0.3708584958839136,
            0.47543738696173055,
            0.425166845414516,
            0.15507331470520033,
            -0.24937773886222395,
            0.4223808471294791,
            0.5777998985669388,
            0.4948822061549922
        ],
        [
            0.0921855930361554,
            0.20955556015541818,
            0.47386117537045813,
            0.41398558435899585,
            0.022670326297379195,
            0.023448682971402138,
            0.04529757433468945,
            0.542849992445261,
            0.5824533783144517,
            -0.16410590012335224,
            1.929970576820991,
            -0.09422899778749318,
            0.003852611031786866,
            -0.2965864329435449,
            -0.6082121880694494,
            -0.35778878573935047,
            -0.3436241104725189,
            -0.11217013082038135,
            0.5024738170339449,
            -0.19911411550891608,
            -0.24404818347913185,
            -0.3774929982500589,
            0.3288804167322429,
            -0.012819433783287154,
            -0.6384585065904079,
            0.10985363426603612,
            -0.2241283294552722,
            0.0504834396995013,
            0.2516110605095975,
            0.19429409511034612,
            -0.07287930132082135,
            0.1904624281647051,
            0.14529813870061722,
            0.24215505755290692,
            -0.0468040196852917,
            0.0019152198268725911,
            0.20578266148359767,
            0.16249224814226387,
            0.07503621727865553,
            0.07894127087950949,
            0.28452507770117685,
            0.24199471409524487,
            -0.00442147033065776,
            -0.1283368539514153,
            -0.07398560957308535,
            0.05879207344699473,
            0.9511231266567997,
            -0.13107107948244257,
            -0.006967618113814395,
            -0.2958182715713982,
            -0.172597176909218,
            0.017971579990571206,
            0.08412253108205073,
            0.07794307321364854,
            0.17931803412944974,
            -0.271906894264162,
            -0.3770947250574779,
            -0.13562508938018955,
            0.5264963623861835,
            0.23603505297459126,
            -0.2568223373082557,
            0.26115071350667707,
            -0.040691892567685926,
            0.027863279113109707,
            0.053633220625615464,
            0.0705457411007765,
            -0.1282066026837129,
            -0.22177302076671102,
            0.5383765868330954,
            0.020686579134905066,
            -0.08703837959808147,
            -0.3355643431599261,
            0.11840012059796476,
            -0.09307973084453029,
            -0.20019976559775593,
            -0.0931668427296129,
            0.34092988179370165,
            -0.18533252978716505,
            -0.5712771707376337,
            0.4234612001733666,
            -0.11173642802933045,
            -0.08432764389320502,
            -0.134915759079484,
            0.6614192788938473,
            0.08369456515317644,
            0.536849924503873,
            0.4499903006230407,
            -0.45350107337239964,
            -0.32336938147478755,
            0.6496739062026351,
            -0.13600287963436616,
            -0.3939543597930448,
            -0.3156060141494998,
            -0.11977430757688257,
            -0.25194573727093184,
            0.36247822746526437,
            1.1085276514674294,
            0.08049742011446592,
            -0.10983043714429129,
            -0.05993309715054129
        ],
        [
            0.6318514354260298,
            0.43299441066413896,
            -0.39839073912857587,
            0.08229212307552217,
            -0.15143506908417487,
            0.6840673684107098,
            0.08047293132913269,
            -0.22592072115894768,
            0.0750637789186484,
            0.28456319596525786,
            -0.09422899778749318,
            1.0402559094921546,
            0.6183110829015869,
            -0.15669432645855974,
            -0.19077084657472296,
            0.5258837674733655,
            0.22777345774863908,
            0.7207884096494386,
            0.4182748599727047,
            0.5033259706961252,
            0.17539275460158116,
            0.1699784312384907,
            -0.6779522045315487,
            0.620761832616883,
            0.020517767916942826,
            -0.06124891669664596,
            0.0386415792835591,
            -0.3355542292503128,
            -0.08143930357406026,
            0.6169926878851806,
            0.39471047840922185,
            0.02319001801255311,
            -0.5099463796122184,
            0.2334011930687009,
            0.42160013280160547,
            0.42530391148414803,
            -0.2898172189106254,
            -0.6244263907781052,
            0.09476948409896152,
            -0.25105510663542446,
            -0.2521317994788577,
            -0.13786264354616318,
            -0.191897825699592,
            -0.40216430725692526,
            0.3463341419622454,
            -0.2300673840232991,
            0.053220428765347466,
            0.6650200106383488,
            0.38965044248677355,
            0.11015318370785929,
            0.507293538137765,
            0.6115511669901267,
            0.32924931177903194,
            0.6172037477600044,
            -0.580223743773576,
            0.1752226075924572,
            0.37819443451864554,
            0.1862427089661868,
            -0.3334536908229704,
            0.21301640325367577,
            0.1596531934978105,
            0.7396197907122368,
            0.21564225518015195,
            0.6459164588424133,
            0.11966684610325577,
            0.12720544621611019,
            0.6233371624453211,
            0.30082782865142577,
            0.23743213306103836,
            0.5724600299771408,
            0.3040814909334678,
            0.09974345171620122,
            -0.5548901821477433,
            -0.3718360921293133,
            -0.3539063890246252,
            0.8030253501261468,
            -0.3331052374697206,
            0.03500579370366143,
            0.4204017939077428,
            0.3293540906343922,
            0.40521239583699514,
            0.14208880596282197,
            0.4101419734329391,
            0.31567647954411143,
            0.36391203108086967,
            -0.05687241693630657,
            0.06205479055412958,
            0.029137758334046082,
            -0.2069935272099779,
            -0.5829260263184578,
            0.13070081700764588,
            0.35855236303736043,
            0.0853412483261587,
            0.2786662931486015,
            0.7931023878611105,
            0.15657079372865254,
            0.4996808216368375,
            0.6369038934780356,
            0.39402119815416214,
            0.6806103769392644
        ],
        [
            0.5749735182863391,
