{
    "pos": [
        [
            0.7349788243459601,
            0.14004791207037506,
            0.4838695397961577,
            -0.2717678800087794,
            0.1549851076087308,
            0.24051664090725577,
            -0.3217230778738346,
            -0.29911264807281224,
            -0.22827350644843694,
            -0.09492804945508666,
            -0.24433013897467573,
            0.3229223987206743,
            0.48091608313524775,
            -0.09145337345327871,
            -0.08153111922628936,
            -0.26918880286723834,
            0.10764252339710335,
            0.17733288499255068,
            0.05518977541018803,
            0.06259470105235568,
            -0.30078064220929973,
            0.026482269110138353,
            0.4554601400815761,
            0.0968708890395916,
            -0.23622592862112962,
            0.1612090013141957,
            -0.0959663080434022,
            0.044951553747212616,
            0.004575573234416494,
            -0.07870247646870451,
            -0.3386020528650313,
            0.04192576586391029,
            -0.2761550588060746,
            -0.24622127755611034,
            0.13206030237427374,
            -0.22780201108259637,
            -0.26730300773102944,
            -0.32375162385867473,
            -0.2471536313949893,
            -0.1018078180318086,
            0.14243124129947826,
            -0.2863013235618221,
            -0.1993568480824916,
            0.3664915602978167,
            -0.17295167814844742,
            0.22788694091546746,
            0.451439287855785,
            -0.11419899723699535,
            -0.20726946706729926,
            -0.24445121164868125,
            -0.017349562358018954,
            -0.27437114303363025,
            -0.2518257935406837,
            -0.11069068881899277,
            0.3649963346181425,
            -0.3493841045404114,
            -0.18938932382533216,
            -0.0779000711537553,
            0.20799169268066578,
            0.24474467704701797,
            -0.29194366655506876,
            0.1930415425169101,
            -0.3364900302282737,
            0.3704753382135253,
            -0.18045991003582024,
            -0.049084638960793466,
            -0.1396714723781284,
            0.06020990088915096,
            -0.33503669361034694,
            -0.19863287043534075,
            -0.315296264878805,
            -0.29874533609683745,
            0.22966571363882488,
            -0.17953292153396433,
            -0.14424539802775965,
            -0.1970356395559691,
            0.16322527087363636,
            -0.25360956603650675,
            -0.01883970697640281,
            -0.35513675985595766,
            -0.4313442627015922,
            -0.07992073229083396,
            -0.28326279266157983,
            -0.105380290512227,
            -0.27919850518528444,
            -0.03149164662824154,
            -0.27939593424009446,
            -0.3638361266737866,
            0.1802279051123825,
            -0.2306217858132501,
            -0.3340997424453419,
            0.025253618930783473,
            -0.050168520077469025,
            -0.18700558115647237,
            0.23043099581567955,
            -0.19949013090142198,
            -0.0814157566012472,
            0.3292221283438997,
            -0.27827522339313954,
            -0.07056092089488337
        ],
        [
            0.14004791207037506,
            0.6726900554718873,
            -0.19097458399744105,
            -0.169068283026228,
            0.26101714247660546,
            0.06422600751021003,
            -0.5957125162895126,
            -0.4299535007047801,
            -0.35449914083929795,
            -0.1206120657523403,
            -0.44139319003781036,
            -0.16892259801873089,
            0.07199207603592314,
            0.5202206844412548,
            -0.01947614846783408,
            -0.40792360946806194,
            -0.2722413380340128,
            0.3055839491500891,
            0.13391065942565894,
            0.04651479422198796,
            -0.5280203690050129,
            -0.038607911941706236,
            0.7199386970112172,
            -0.09267106006417755,
            -0.18502660474645338,
            -0.23101068134613803,
            0.09804617430777468,
            -0.41946708690914536,
            0.12214846633999304,
            0.008131695605754502,
            -0.4076134487642227,
            0.03676112349468053,
            -0.28972600658275677,
            -0.39507094776537066,
            0.19110784900296618,
            -0.26340600971455824,
            0.03612210602555116,
            -0.4774423162491817,
            -0.33836042781751635,
            0.06600414440983526,
            -0.045144794930460926,
            -0.5491265523862704,
            -0.4037574310378267,
            0.3373272833141556,
            -0.2835164835837698,
            0.45687460808024577,
            -0.11530375024366893,
            -0.21073534139819763,
            -0.19691639043265932,
            -0.16883856546316706,
            0.2143227113298128,
            -0.4473756436545563,
            -0.2698849373480627,
            -0.034729931883453,
            0.40986519831567947,
            -0.09297247868658494,
            -0.1834038812303961,
            0.15998195453491704,
            -0.16859917858248155,
            0.16243098025042013,
            -0.3163113841816304,
            0.2067245886041949,
            -0.5647984827397334,
            0.4854836133894329,
            -0.4293003464450394,
            -0.18845950204188558,
            -0.3859078765398837,
            -0.005574483368796873,
            -0.3297491542163862,
            -0.2534698946657832,
            -0.43646038131821335,
            -0.33408118297390593,
            0.09956598768851754,
            -0.06744312138367616,
            0.3049417879791478,
            -0.1895674737909872,
            0.26809348350616047,
            -0.3806610300403449,
            -0.2102169654728191,
            -0.4191819893036504,
            -0.5166317155508059,
            -0.09631273348709496,
            -0.35422507583042984,
            -0.3650755680747884,
            -0.07229695996255739,
            -0.07425349146497093,
            -0.29467022059078163,
            -0.5146143853493692,
            -0.30248059950115247,
            -0.1757087324846156,
            -0.2737618226922799,
            0.3029517582797634,
            -0.17799488799674615,
            -0.2956520951864693,
            0.05882191296562798,
            0.26229799883780747,
            -0.08147686610409005,
            0.2059262258819447,
            -0.29351812759804,
            -0.09073499108193657
        ],
        [
            0.4838695397961577,
            -0.19097458399744105,
            1.468764525897683,
            0.1721613483000068,
            -0.3798777783805421,
            0.34696683701040054,
            0.2496324994734648,
            0.2513931701143825,
            0.20194105012556812,
            0.052431747431308226,
            0.4233822098538914,
            0.15881463445612712,
            0.4344486901172422,
            -0.34403889561420425,
            0.044271596694633916,
            0.18563982434337592,
            0.31200735630123944,
            -0.12040891908527958,
            -0.46116881137227894,
            0.10823921552693316,
            0.23154627919791804,
            0.32405363600090276,
            -0.4005151712153208,
            0.4814679337072805,
            0.072028457352711,
            0.334006692441236,
            0.06269115752082174,
            0.6806644874121943,
            0.11058131218469143,
            0.2674614689294088,
            -0.2019782477496749,
            0.20272233292175496,
            0.04985309352156398,
            -0.11846994960111845,
            -0.414278103702049,
            -0.042483061885125024,
            -0.3037295343207802,
            -0.04169846790610743,
            0.10510389039213,
            -0.09564371972086971,
            0.15546175967718723,
            -0.023292602637607455,
            0.43446020364028054,
            -0.08753220202214257,
            0.1338631219059765,
            -0.06639687456054369,
            0.07450215406931752,
            0.4661593798210758,
            0.2620693119117531,
            0.20668333269413008,
            -0.12252310766077068,
            0.052531379086763,
            0.32716618272948017,
            0.30905920582420443,
            -0.31850394409921223,
            0.013974369450726953,
            -0.24667827807586606,
            -0.19251557634057237,
            0.2804055970024338,
            0.20298805152409274,
            0.16416077608231314,
            0.021906790750707315,
            0.1311549717532251,
            -0.393828380083092,
            0.15265427504338236,
            0.15774708451222866,
            -0.18460831661854474,
            -0.016623442004780022,
            -0.08101948036194734,
            -0.427887577677871,
            0.17287584625277275,
            0.01713733948698059,
            0.5540196662874279,
            -0.4284112652699672,
            -0.33120163114578666,
            -0.15746705010865536,
            -0.02918017342959213,
            0.1078607451115762,
            0.32543887810342365,
            -0.3672172919442428,
            0.14081088193337954,
            0.28286235090900774,
            0.12459786192501379,
            0.49243662143299693,
            -0.2626395751704039,
            0.15217607628385443,
            -0.02868369164245201,
            -0.06107636360283545,
            0.35370779420971465,
            0.05101203622173426,
            0.10462175004105868,
            -0.12791266280228183,
            0.22799507424393273,
            0.06378594144567637,
            0.48812914930294166,
            -0.3372735709199258,
            0.020553076037607265,
            0.1369019163743556,
            0.041502728121696614,
            0.026911578305807426
        ],
        [
            -0.2717678800087794,
            -0.169068283026228,
            0.1721613483000068,
            1.389842167141063,
            -0.5097686887304973,
            -0.29065248278644173,
            0.7201965835739461,
            0.5026973262622099,
            0.48316615527718487,
            0.16113050105408822,
            0.049541664047219616,
            0.05344043125978451,
            -0.33617932746029366,
            -0.25483192966772533,
            0.4023390871889463,
            0.5646338604670788,
            -0.1312166695211286,
            -0.242563633706252,
            -0.41211147542143667,
            -0.04208883370614933,
            0.33688556235834066,
            -0.47081417986262153,
            -0.7220719775452322,
            0.048185281169978646,
            0.5566453462539249,
            0.33222309110394377,
            0.11096009256533498,
            0.16662673690225843,
            -0.2817808845800665,
            0.25700267514052055,
            0.24674874415765136,
            0.11250595497869144,
            0.43800592444150954,
            0.23046333272101754,
            -0.5709370603350622,
            0.48944187666210337,
            0.40543139950730867,
            0.12768049287438674,
            0.36034394790185686,
            -0.07798469420496688,
            0.04367737538418236,
            0.25868446975993753,
            0.5019754346535354,
            -0.36504664496679484,
            -0.03523787950806759,
            -0.07219339235217428,
            -0.3421548053849857,
            0.29197742812039823,
            0.07798451666887544,
            0.6741639979335488,
            -0.36039366844760323,
            0.3446601665959773,
            0.377193468926129,
            0.850987568423121,
            -0.4279936934337743,
            0.2935358426561308,
            0.12121786926507938,
            -0.2055700962997533,
            -0.17502963699442034,
            -0.2279504137695455,
            0.6243767189469331,
            -0.6585626055190323,
            0.7487429670101939,
            -0.5744760482558089,
            0.09200144640484532,
            0.2465769764877267,
            -0.034602376258123554,
            -0.13079027728498077,
            0.525909157990383,
            -0.14173959429432892,
            0.3317906436483671,
            0.24368885821561698,
            -0.48278366415259094,
            -0.13701420946708148,
            -0.3665140418813973,
            -0.15122567461841943,
            0.5381297866919281,
            0.5399297932340215,
            0.05933191012027753,
            0.047812707068902185,
            0.37636427381457366,
            0.4239063775978722,
            0.6157634597261263,
            0.31355634977820623,
            -0.5173598232745096,
            0.2142998525756858,
            0.3683531872479281,
            0.43645362638804364,
            0.4018099894808041,
            0.5602600727449252,
            0.6189390785384865,
            -0.1595004558018383,
            0.3343277751876649,
            0.28845731896669086,
            -0.14477004814668953,
            -0.44070155036037373,
            -0.15505461630829548,
            -0.2724656541633805,
            0.4912516904448874,
            0.28390826022365606
        ],
        [
            0.1549851076087308,
            0.26101714247660546,
            -0.3798777783805421,
            -0.5097686887304973,
            1.9417220778639648,
            0.6063511315025047,
            -0.19949061010646413,
            -0.7270452440442592,
            -0.47061419690513434,
            -0.15443693100663688,
            -0.4574487623044323,
            -0.08796180467068238,
            0.9893327835280206,
            0.4336359540482675,
            0.051951795584137886,
            -0.5444744599478724,
            0.053348210983097145,
            0.87990242383112,
            0.1281850755585789,
            -0.06413902369068732,
            -0.5124586891636207,
            -0.06261349785698511,
            1.1836129064214282,
            -0.43457058170775215,
            -0.4417049405411515,
            -0.1392884596227623,
            0.07282715266364673,
            -0.11292649292848013,
            -0.02025260190658555,
            -0.2629774919746165,
            -0.4160081321672762,
            -0.03371819609745647,
            -0.5226705342444335,
            -0.5698491631131934,
            0.31937665279855487,
            -0.5786232924937752,
            -0.07933144349252222,
            -0.5501206257937469,
            -0.42071352143840923,
            0.2926442105795396,
            -0.03500131519395545,
            -0.5400932506630078,
            -0.7184253148078876,
            0.36818212422582974,
            -0.3220122529790614,
            0.18948091535561734,
            0.19198176183808072,
            -0.334425012909069,
            -0.3775911509505836,
            -0.606479758693991,
            0.05069829277202789,
            -0.4042504037474204,
            -0.5146110472767982,
            -0.8683201076529912,
            0.5761361075946756,
            -0.5943683124225337,
            -0.07381822165598326,
            0.1242419506267538,
            0.05788197562767351,
            0.1525178022143816,
            -0.7361256258838806,
            0.6394556285374683,
            -0.517739942364897,
            0.9874026655345279,
            -0.6014484828047204,
            -0.31128090944098374,
            -0.011035531707820284,
            0.0628627362162288,
            -0.27232743265223197,
            -0.3791584605290375,
            -0.39554463166536424,
            -0.7133637862614256,
            -0.17519821260717477,
            0.8053223547435477,
            -0.12987555144834018,
            -0.11323168847823158,
            -0.043728504427733184,
            -0.4368655446851608,
            -0.4732062027272599,
            -0.312829545192729,
            -0.793002990924222,
            -0.5961438808862499,
            -0.6147795178765023,
            -0.37530952052255123,
            -0.2305865175509372,
            -0.0938086300061472,
            -0.22857925365448142,
            -0.786349548582957,
            -0.5028554948193945,
            -0.007084613383145408,
            -0.6372944377565788,
            -0.1252651081570913,
            -0.2551728354997762,
            -0.27188348397447815,
            -0.28375893061451407,
            0.0853810243660767,
            0.1392393469059031,
            0.3996219575942561,
            -0.5868938867794742,
            -0.40743558473387287
        ],
        [
            0.24051664090725577,
            0.06422600751021003,
            0.34696683701040054,
            -0.29065248278644173,
            0.6063511315025047,
            0.7395677790668393,
            -0.17170761460668696,
            -0.3954947283051774,
            -0.2853296056013703,
            -0.10121908184802388,
            -0.2052041910467975,
            -0.04043787695872575,
            0.7304748038320726,
            0.12419379379465441,
            0.00534007832683451,
            -0.3574001677350981,
            0.2835584623702447,
            0.2349137953263817,
            0.06696651795527575,
            0.06719587125875941,
            -0.3594727635119513,
            0.04252266786507866,
            0.2624340268687047,
            0.004738019964619511,
            -0.4022910735002859,
            -0.13749746887536068,
            0.05343323064806058,
            0.23010156349987643,
            0.03850031381310062,
            -0.1150719182088748,
            -0.220802605882445,
            0.1021087699103439,
            -0.5068511421794674,
            -0.3426764744407685,
            0.056304399378307564,
            -0.42356316985266107,
            -0.2665171998017688,
            -0.3204782431535966,
            -0.25872355044988443,
            0.025806403708043414,
            0.19056972649797035,
            -0.2738195225175508,
            -0.35899785461407896,
            0.2000706347732704,
            -0.23449384676095356,
            -0.0648426651911755,
            0.42660289327234585,
            -0.2063248723502727,
            -0.27691688167946726,
            -0.509533068124713,
            0.016020213192613195,
            -0.21502452206791595,
            -0.3120777972063311,
            -0.3442953047492732,
            0.20143776498696647,
            -0.38637117647003494,
            0.0993384570360898,
            0.06076462861032242,
            0.046432976615297536,
            0.21474237530820686,
            -0.359936343636475,
            0.46733185439207425,
            -0.30185699929471727,
            0.3885946707422819,
            -0.18367709614872554,
            -0.07104287448972564,
            -0.06071247143181414,
            -0.04324387481984911,
            -0.2783302137112492,
            -0.19347019563334034,
            -0.1855729769105981,
            -0.43502967950227955,
            0.3246181039004653,
            0.09112368063548056,
            -0.4158283788568869,
            0.16281442921499503,
            -0.14643100250949653,
            -0.17765857252876444,
            -0.3297654821419415,
            -0.3372531265346578,
            -0.3905491505196748,
            -0.3789306092010334,
            -0.34319879681574306,
            -0.3284852237428834,
            -0.22667457574935918,
            -0.07641336337848062,
            -0.13953711594760776,
            -0.48530893371660333,
            0.08091016136482579,
            -0.17412499986532615,
            -0.3819228234811219,
            -0.01902212145050499,
            -0.05090889633747733,
            -0.012159423549867227,
            0.10081370627759156,
            4.061424370767793e-05,
            0.117963172277817,
            0.26389738416337677,
            -0.37982434624858136,
            -0.23128295083387884
        ],
        [
            -0.3217230778738346,
            -0.5957125162895126,
            0.2496324994734648,
            0.7201965835739461,
            -0.19949061010646413,
            -0.17170761460668696,
            1.2354355683354483,
            0.5022750988574864,
            0.5687451743585874,
            0.1542301884506348,
            0.2777549139124227,
            0.05293489580145316,
            0.03557026251497441,
            -0.5234529412680763,
            0.2704407953100411,
            0.7370946698842219,
            0.11714186200551141,
            -0.36097943145595557,
            -0.4100872954676425,
            -0.06708219989413072,
            0.6355564979243333,
            -0.10188297045102188,
            -0.8729185612371785,
            0.15923529843446382,
            0.3606310811842305,
            0.36663617713786945,
            0.06432339554823034,
            0.7562835834090444,
            -0.22189107778473044,
            -0.03582940348313212,
            0.4831739105277528,
            -0.002398431654131423,
            0.22774670542903858,
            0.34194372986384536,
            -0.6109559859792755,
            0.35373022036017643,
            0.14702767953495516,
            0.31988208314034033,
            0.5445604420749626,
            -0.14363912960346367,
            -0.059833746157972025,
            0.421914014682679,
            0.7829780423159922,
            -0.4690228655508236,
            -0.032400166974818546,
            -0.4424014242603525,
            -0.07753035895068398,
            0.1504281320773404,
            0.08458752192998477,
            0.4334310212634096,
            -0.2997271249255067,
            0.6957845295114878,
            0.20494276876584483,
            0.21040377399899696,
            -0.5115920879969749,
            0.4160422481326913,
            0.03634315711605313,
            -0.3342934941159113,
            0.3045064897752934,
            -0.14376717644105663,
            0.49651085497754976,
            -0.431293420581038,
            0.8212567269873399,
            -0.6290644286474735,
            0.3614716159621145,
            0.35469840055783775,
            0.2758781790650824,
            -0.008079463409371717,
            0.7158817326779842,
            0.002282151458179756,
            0.7083160732936573,
            0.26904568201060297,
            -0.23580699641719807,
            0.2653298819831308,
            -0.4300575922201797,
            -0.0800640531081872,
            -0.19715463369489022,
            0.595670174521485,
            -0.08048899964448047,
            0.279678453531061,
            0.4830407611844152,
            0.01800094417694913,
            0.6122697051366439,
            0.2062074927273322,
            -0.09596173521731984,
            0.2360069842290981,
            0.5278900517128713,
            0.540991836791364,
            0.21916902070675515,
            0.5805791883414373,
            0.3573687862390871,
            -0.26319762539053604,
            0.2372660771758922,
            0.41852065434621416,
            -0.10163953850800181,
            -0.19613849371709527,
            0.11157773595413156,
            -0.3234278044976282,
            0.433209407597443,
            0.17398271907509513
        ],
        [
            -0.29911264807281224,
            -0.4299535007047801,
            0.2513931701143825,
            0.5026973262622099,
            -0.7270452440442592,
            -0.3954947283051774,
            0.5022750988574864,
            0.994285713911927,
            0.5876810358705462,
            0.2159825619393016,
            0.9082014007702589,
            -0.31621772058088193,
            -0.4269670523228031,
            -0.36840183598448417,
            -0.06969374308911265,
            0.6671345254685229,
            -0.1670417535084297,
            -0.341177366715112,
            -0.135976170102715,
            -0.020911167252520284,
            0.9489667120042832,
            0.26396565340728617,
            -1.0473526722528077,
            -0.011770729679513732,
            0.6359891545615342,
            0.09758664925582479,
            0.061535423768243176,
            0.14262200769164673,
            0.04021203519738694,
            0.36235395215716465,
            0.4888344856569795,
            0.08437644554143589,
            0.8173654014870542,
            0.5807788394941861,
            -0.5182364483070508,
            0.6668094469530734,
            0.05266569214033041,
            0.6770050180824865,
            0.5206981109214981,
            -0.1253193024803301,
            -0.1681904644150522,
            0.7036460800512254,
            0.6600623476983034,
            -0.43825213748566616,
            0.5801188735180813,
            -0.31776870202593677,
            -0.594623218887623,
            0.6663461812109552,
            0.7175390055430928,
            0.8879625524661147,
            -0.009148386974135225,
            0.47353529438400144,
            0.7593561752274272,
            0.4844352252454656,
            -0.7457699370377459,
            0.35202966723391277,
            -0.02482445468628239,
            -0.2601992178826552,
            -0.05316495350387489,
            -0.039749572470950234,
            0.7002028682426992,
            -0.4416377787667454,
            0.6979844968898212,
            -0.9559794288009842,
            0.6489606034585333,
            0.27097758220887763,
            0.2289579334331127,
            -0.07010320364439883,
            0.33489497611288055,
            0.29639013776957723,
            0.4796970771581886,
            0.7712012124994528,
            -0.21901641444182643,
            -0.3172348130070902,
            -0.023758186815544136,
            -0.3370374546154572,
            -0.0915972905620295,
            0.4985518523048875,
            0.8268360210895593,
            0.5384519818228692,
            0.9431892447775511,
            0.7089097445725676,
            0.5831863748451412,
            0.9443728105970828,
            0.22078568908007368,
            0.10237562244140194,
            0.3250673440235984,
            0.8365258401780854,
            0.31356986758836847,
            0.23890506747507245,
            0.7020259939701565,
            0.04749181163505493,
            0.280933445461446,
            0.1853689123566993,
            0.1056325845042907,
            -0.12006556481038466,
            -0.26117307970357034,
            -0.4313781338439394,
            0.616455139645349,
            0.29862464433889657
        ],
        [
            -0.22827350644843694,
            -0.35449914083929795,
            0.20194105012556812,
            0.48316615527718487,
            -0.47061419690513434,
            -0.2853296056013703,
            0.5687451743585874,
            0.5876810358705462,
            0.7693768491899872,
            0.14556889829092218,
            0.32977423150258883,
            0.016421065123902363,
            -0.2346415761874348,
            -0.056149321850263084,
            -0.06325594592737838,
            0.7048564320802992,
            -0.2229465139393641,
            -0.29890963891583566,
            -0.23776481709675878,
            -0.031287370195160424,
            0.5535863422784933,
            -0.0725669288103416,
            -0.7425213409744642,
            -0.00321118016464149,
            0.5117924196679556,
            0.12579846790078053,
            0.22876564325976437,
            0.4661888761431371,
            -0.07029042321657337,
            0.23422041156547224,
            0.32417585340498584,
            0.1147041162837499,
            0.4179408643955316,
            0.3981617111550145,
            -0.378929863865869,
            0.5086294869749518,
            0.10868593702134474,
            0.20911063519454223,
            0.5338347831090315,
            -0.13413079245282494,
            -0.12909981075196458,
            0.24207276520962986,
            0.44351986741739235,
            -0.4497765062350372,
            0.11745660506683217,
            0.04181162823238985,
            -0.08622478810224721,
            0.2405072216896337,
            0.16755982828329946,
            0.4988941633756362,
            -0.13318253889046822,
            0.49621677100418327,
            0.3208938260150061,
            0.42725021572069327,
            -0.5534886030225882,
            0.3777519255949078,
            0.014989724529816107,
            -0.10460183643944189,
            0.15185614242665987,
            -0.08209158840637361,
            0.5849705772295978,
            -0.4441590638210654,
            0.542268820845225,
            -0.6484307560283795,
            0.240723785567355,
            0.32255448997119773,
            0.02716449716529542,
            -0.10902139033211103,
            0.6005648003958157,
            -0.011178861319709566,
            0.3944984565172075,
            0.4446300460311368,
            -0.4382856310320462,
            0.5497929893806899,
            -0.25080278219184154,
            -0.15084073360619352,
            -0.0492511946219568,
            0.41014791713004106,
            0.20998670976451556,
            0.13179461887051194,
            0.4436216869613775,
            0.33801471602801203,
            0.6333798964596455,
            0.35017173198660156,
            -0.054743340148301595,
            0.091851880374859,
            0.343747242798912,
            0.5817875153597429,
            0.2703214876785427,
            0.1928219269106119,
            0.4753513493505553,
            -0.3258345479388741,
            0.2114670638436713,
            0.3727800344858115,
            -0.09328757950197164,
            -0.43325895842912293,
            -0.2754696282284157,
            -0.21471250933105582,
            0.3221556989276746,
            0.36371775319604477
        ],
        [
            -0.09492804945508666,
            -0.1206120657523403,
            0.052431747431308226,
            0.16113050105408822,
            -0.15443693100663688,
            -0.10121908184802388,
            0.1542301884506348,
            0.2159825619393016,
            0.14556889829092218,
            0.08309868912917756,
            0.18560404428188682,
            -0.04555458052175643,
            -0.10152127240908783,
            -0.09917054627693309,
            0.06075662731697171,
            0.1760487103319888,
            0.008774321391194098,
            -0.08710154834853902,
            -0.0972813493747718,
            -0.0127556825096503,
            0.22809746507064732,
            0.05481797527974766,
            -0.2502623315339875,
            0.044969119867093954,
            0.18040786584214946,
            0.03366701568565531,
            0.033887956594276056,
            0.052191862211260584,
            -0.03095052951614062,
            0.04547038442274063,
            0.09992973718943715,
            -0.053065443890841196,
            0.1769816898497671,
            0.16371614533470347,
            -0.11237748876316309,
            0.1505057338078502,
            0.08878805568169802,
            0.16306304586198617,
            0.10338434509142111,
            -0.04169710137253805,
            -0.043348819172668814,
            0.17639501036879093,
            0.13903805882642387,
            -0.11922077114151743,
            0.1627568890603184,
            0.0003072611106260012,
            -0.1229403940906538,
            0.16248701777912625,
            0.16322027962285193,
            0.18960666243240268,
            -0.02454480036725766,
            0.07774233821956403,
            0.1666013075753316,
            0.09456045474631526,
            -0.17467578570445566,
            0.06413120772862649,
            -0.005283442706524402,
            -0.04258564215703676,
            -0.05360401742039814,
            -0.009791414321797592,
            0.16266286567434518,
            -0.08627039522181307,
            0.17804155613804598,
            -0.22658317079774298,
            0.161379376884491,
            0.054729936816566835,
            0.07359219483508214,
            -0.04039342047900322,
            0.08884843404170731,
            0.02601753383740451,
            0.12935835492526165,
            0.13167847043496728,
            -0.10084982985112623,
            -0.043767361476049746,
            0.003349111827763206,
            -0.04264819975731841,
            0.0071786089436025186,
            0.14587046139386625,
            0.1079323181458832,
            0.11884001359946612,
            0.22440525610272533,
            0.17912302542564573,
            0.13137222607442162,
            0.2281427521311754,
            0.0794463895516673,
            0.0415469105750882,
            0.11782342672375384,
            0.22641380213714873,
            0.0237781762077309,
            0.05543365254528677,
            0.16900650692992464,
            -0.0980767042749709,
            0.08915595558163711,
            0.05817855568978446,
            0.029788057480498363,
            -0.054295495103417274,
            -0.023253878933130523,
            -0.10314739234597495,
            0.1693655707995512,
            0.08317746760006678
        ],
        [
            -0.24433013897467573,
            -0.44139319003781036,
            0.4233822098538914,
            0.049541664047219616,
            -0.4574487623044323,
            -0.2052041910467975,
            0.2777549139124227,
            0.9082014007702589,
            0.32977423150258883,
            0.18560404428188682,
            1.4598489421850163,
            -0.27415949004489604,
            -0.22818243720965717,
            -0.35315097449660066,
            -0.22844320472065008,
            0.48945800780086285,
            -0.14713759869933749,
            -0.17273403506322318,
            -0.16492916580040495,
            -0.02129683947715457,
            1.2015912851047255,
            1.0663609309488795,
            -0.7947554788895432,
            0.0036985842925650377,
            0.4504205733598737,
            -0.08248319375690236,
            0.03264483750842714,
            0.26099344961797577,
            0.3297586528625269,
            0.4480386327788771,
            0.13334167985151787,
            0.0131356413825499,
            0.8705759958636567,
            0.21227277542988535,
            -0.23793716829347,
            0.4136631200468891,
            -0.2656621984929026,
            0.7624035876222149,
            0.36569300221923934,
            0.017234707495281675,
            -0.1520856828047091,
            0.7020021965375972,
            0.4853692529212019,
            -0.3937997063560466,
            0.9371916176079904,
            -0.292955474004459,
            -0.6450995361302869,
            1.0078912153045416,
            1.1623635466490683,
            0.7436552557509359,
            0.34146745716769616,
            0.3318006006352381,
            1.1434608643719746,
            0.0671388604100788,
            -0.6978201640969207,
            0.19420444263951386,
            -0.2091699656478472,
            -0.1810883838761802,
            -0.0011829103681039134,
            0.13586228568969438,
            0.4356187039851127,
            -0.011679794905385388,
            0.46776593307960335,
            -0.8118933278643833,
            0.5436522705244351,
            -0.04580486803610493,
            0.281308602835716,
            0.05321546785666449,
            -0.06320770411673116,
            0.1275242059346403,
            0.5337018937004238,
            0.7240557692097643,
            0.17598411342556522,
            -0.674116190333198,
            0.15189650862850534,
            -0.28207452647567005,
            -0.3992454556880938,
            0.33372984275968,
            1.3610413954137006,
            0.47513076647723645,
            0.9493157548499368,
            0.8176880177576208,
            0.2944254652328582,
            1.5222357825566741,
            0.8386407767217445,
            0.06426094630169005,
            0.021154255665523182,
            0.39304929598871363,
            0.046788828241697986,
            0.021695043266929823,
            0.5859845923873369,
            0.0800222856241801,
            0.22864392814118328,
            -0.07489615419533878,
            0.4026504598669809,
            0.22684063366292842,
            -0.1321709867691687,
            -0.3892676100602182,
            0.3371937282811397,
            0.09066208944165106
        ],
        [
            0.3229223987206743,
            -0.16892259801873089,
            0.15881463445612712,
            0.05344043125978451,
            -0.08796180467068238,
            -0.04043787695872575,
            0.05293489580145316,
            -0.31621772058088193,
            0.016421065123902363,
            -0.04555458052175643,
            -0.27415949004489604,
            0.9798212524140835,
            0.19501920462935413,
            -0.10281448704392626,
            0.08061285231674739,
            0.08776924850712355,
            0.14410514882353853,
            -0.05165338128057004,
            -0.07923987719196558,
            -0.060390297725376525,
            -0.17360322477138426,
            -0.02381160968126932,
            0.33604171583810094,
            0.1390839505666751,
            -0.16875536579688927,
            0.274623361638049,
            -0.048548836516265556,
            0.37440902231960405,
            -0.027103919913000058,
            -0.009439183785402153,
            -0.26058320155784476,
            -0.08435366406993085,
            -0.1569953410929676,
            -0.2922519682503475,
            0.2696076282573273,
            -0.1125173472224605,
            -0.1143910406060737,
            -0.16571610526961816,
            -0.05243462691461154,
            -0.01900552024226632,
            0.21467414359710427,
            -0.18351697386633395,
            -0.15191250861471275,
            0.004504438684694008,
            -0.1267328339518243,
            -0.08422150450449703,
            0.7096790458593772,
            -0.2546407746238467,
            -0.2990526542106659,
            -0.3636217105637754,
            -0.058054020571343214,
            0.04429064739898471,
            -0.15251370625872518,
            -0.03003359061715165,
            0.2514036020595302,
            -0.2243373045702959,
            -0.07471837553602424,
            0.08568898889204113,
            0.30966638967142146,
            -0.10831264522183078,
            -0.15021515322714857,
            0.0432486419115173,
            -0.08231055671565063,
            0.31333996068246295,
            -0.34637479087820033,
            -0.1456945605520276,
            0.06035666292320971,
            0.03706259617688513,
            0.02742269349555613,
            -0.2449024773209404,
            0.07259408587110462,
            -0.341904774764622,
            -0.1075277410337689,
            0.11003469893888736,
            -0.2605316913015126,
            0.2711429457469119,
            0.013029877971235131,
            -0.03920831747085956,
            -0.2084310662878073,
            -0.32245483902971106,
            -0.3649221304140632,
            -0.09951332113557623,
            0.012106950131314,
            -0.11497986728036744,
            0.041626150467194964,
            0.040086205608377314,
            -0.13997778849734477,
            -0.26597522741577145,
            0.03766382166052643,
            -0.2218647555718597,
            -0.12192462074541127,
            -0.440197548312631,
            -0.014860862541064081,
            0.03776771458745959,
            0.01672164225110305,
            -0.4584249513305428,
            0.10560663615239432,
            0.20021908886819406,
            -0.2379531262865156,
            -0.1978860479341938
        ],
        [
            0.48091608313524775,
