{
    "fast": [
        [
            1.4800058989034115,
            0.021548793228497086,
            0.2107021048469829,
            0.8108775136191559,
            -0.5033863078410097,
            -0.25386480532177746,
            -0.05826757009150733,
            0.19390539844102045,
            0.09239888234034972,
            -0.22847941139878736,
            0.09058688240071688,
            0.25179594574122444,
            0.614015576883887,
            -0.10793282626857185,
            -0.058620501586904586,
            0.27455047031907986,
            0.35577901142524143,
            -0.47905802980392254,
            0.35570674663973634,
            0.7186530811777566,
            0.19203771282999996,
            -0.003945985594873734,
            -0.3567978084455595,
            0.5220270472750818,
            0.1598147561913019,
            -0.029813869348950917,
            0.03287393008323757,
            -0.09397683437979193,
            0.16757810833317627,
            0.3915550208119792,
            -0.040702348387035,
            0.3312053174566924,
            0.008563464727515416,
            0.015027921026241384,
            -0.3586085214874805,
            0.20452736668102764,
            -0.3946912055001445,
            -0.11395345726698983,
            0.2724810887285011,
            -0.4092862476592661,
            0.3107978735604569,
            -0.10479401434612749,
            0.2456047640818646,
            -0.031274637466184634,
            0.10361858642363621,
            0.7530749946135396,
            0.10368422718678884,
            0.02594216054375253,
            0.09087296839238276,
            0.09345011133999286,
            0.07445969689850579,
            -0.15887176084533086,
            -0.16920949023270165,
            0.4367641630118927,
            -0.1357175966735021,
            -0.022797569521789216,
            -0.30402919650077825,
            -0.055433525521733626,
            0.010014116987756725,
            0.6450696653857693,
            0.11809756625477204,
            0.16958286651133617,
            0.041708816500779296,
            -0.615155684258573,
            0.12912592136736978,
            0.410488686071491,
            -0.2848352802064151,
            0.29045226355822684,
            -0.287945105930473,
            -0.07775711765574374,
            0.0625329732761843,
            0.3128111944102571,
            -0.03051493065870775,
            -0.6331930573741942,
            -0.5615532055589305,
            -0.2301749065117358,
            -0.06048836148979281,
            -0.3202547082891798,
            0.3094143160338854,
            -0.41588908988953904,
            0.188851482966833,
            0.6715582221703796,
            0.1793805056232256,
            0.4159575154824799,
            -0.2701769294889827,
            -0.05611218266163369,
            0.07531547258920103,
            0.011191030954424665,
            1.1054172278530223,
            -0.5230101730190063,
            -0.1814409851332209,
            0.2058454629902207,
            0.2141622695843383,
            -0.12139592642162539,
            0.2317311445293402,
            0.13062629955179025,
            -0.16792222429614903,
            -0.0015271717163726393,
            0.1732267568561225,
            0.15781187561926138
        ],
        [
            0.021548793228497086,
            1.3437106350848005,
            -0.5758587667887619,
            -0.18362077866347262,
            0.22902170703158775,
            0.20575045711726192,
            -0.31617044094095514,
            -0.577730508312788,
            -0.6183843980626832,
            -0.4306447259170664,
            -0.3970997156444947,
            -0.19751162479177148,
            -0.1715851605992221,
            0.30896215771570157,
            -0.1667695600962783,
            -0.42237631321432345,
            -0.6102885427385143,
            0.4718904060348641,
            0.4593351619932268,
            0.8241145725512906,
            -0.5135798855236576,
            -0.14423043292311483,
            0.5971193159004896,
            -0.07864325183835325,
            -0.5286295631268779,
            -0.3715123005451715,
            0.2912206104003846,
            -0.2106931207098333,
            0.39861379262085045,
            0.016149110598914385,
            -0.3282126896250298,
            -0.23248868929739375,
            -0.666678230844527,
            -0.20314493978540787,
            0.6913440888923197,
            -0.43774358905470384,
            -0.466859671816961,
            -0.44074179200565217,
            -0.3737229227743646,
            -0.20010928661645278,
            0.7283696783539874,
            -0.444274745744577,
            -0.4173088082402288,
            0.7138766513580888,
            -0.642233639054172,
            0.07939212874029411,
            0.6063868821132058,
            -0.7402753649935525,
            -0.5532312484897449,
            -0.037083604624811986,
            0.6089521761943791,
            -0.30121528356229205,
            -0.7908794501781711,
            -0.23968744705921688,
            0.23716958562663665,
            -0.24908034487174846,
            -0.15025493589102043,
            0.8118963089537725,
            -0.30478847597669456,
            0.24878210611178128,
            -0.2554210433384094,
            -0.23123071746993987,
            -0.48356450994834455,
            0.5188989249703729,
            -0.5352160379187445,
            0.001842444474187989,
            -0.2760278330684428,
            0.2912661387757887,
            -0.49999607631757736,
            -0.1227441600603262,
            -0.47560196000860555,
            -0.31157249254859076,
            -0.12339384175958819,
            -0.1689312448853469,
            -0.10912413337584075,
            -0.13015217567159468,
            0.3827444978770034,
            -0.5598771846285651,
            -0.629112063522481,
            -0.14659559486403972,
            -0.4728993215230509,
            -0.1867438467046978,
            -0.5547235928968749,
            -0.42114202108634535,
            -0.5191341021262786,
            0.29479445029046486,
            -0.743226270395465,
            -0.04575958510493331,
            -0.5242809707084827,
            -0.14096132509428155,
            -0.6704415570157612,
            0.21122086638857857,
            -0.6758958110106138,
            -0.7593903812852986,
            -0.2824134880568292,
            0.1351261564409817,
            -0.6759603394321492,
            0.6879912332119305,
            -0.6259457111163294,
            0.7771780690879202
        ],
        [
            0.2107021048469829,
            -0.5758587667887619,
            1.3187418689028065,
            0.5022678341347614,
            -0.19316993050851242,
            0.011271822637457934,
            0.14595060141270969,
            0.3656080657539307,
            0.18679937396867327,
            0.06255071035862445,
            0.34653551027969026,
            0.3810055605225526,
            0.005068772068471322,
            -0.605279050959191,
            0.17195744097556626,
            -0.11456830898995392,
            0.38043387600055706,
            -0.1479678151152207,
            -0.15454542316598074,
            -0.23787109422138808,
            0.4434914584878076,
            0.4600244835979641,
            -0.3371086413528626,
            0.47327650604570926,
            0.16336805929146941,
            0.26014021833861584,
            0.1606205878278712,
            0.5830842796873625,
            -0.1064839909502638,
            0.08004380114805261,
            0.09139539638037984,
            0.1858948710307716,
            0.6046080749053996,
            0.12478972392566155,
            -0.6807168298418212,
            0.4341141081342218,
            0.10316900083514982,
            0.4939624709612791,
            0.35552814708796526,
            0.5464591113850429,
            -0.11813898593163182,
            0.3645509779622248,
            0.5943269988850584,
            -0.49484255698306395,
            0.9272636399858887,
            -0.1752945338169545,
            -0.3597193261546536,
            0.8930085074720273,
            0.8226780658430781,
            0.06358067072456325,
            -0.1294782289534945,
            -0.25205494867941175,
            0.661514955322469,
            0.66771252795036,
            -0.21586051575946774,
            -0.07602397247498907,
            0.20672032700252183,
            -0.5963917411598538,
            0.6660386078134772,
            -0.2858057390012521,
            0.30281103752281363,
            0.5255039788887492,
            0.31047214777811455,
            -0.5278603346681382,
            0.5517581933936273,
            0.09244928035356358,
            0.1850035807417132,
            0.12104580059200701,
            -0.01989020038356566,
            0.0016755970626069988,
            0.30972294335806017,
            0.4586864419816934,
            0.14255779663021373,
            0.22503262961043494,
            -0.11093807134413425,
            -0.02168893451570217,
            -0.6542648477871039,
            0.42731480467566946,
            0.868913743408806,
            0.15770122001325418,
            0.4774656563649246,
            0.05277223336369787,
            0.23425338897976727,
            0.535719134630035,
            0.4420186016526644,
            -0.13892948541820033,
            0.8065819190394327,
            0.10306738584397777,
            0.1626213656367122,
            0.4049311018971992,
            0.41391395803215264,
            0.04219199398296017,
            0.951268784883575,
            0.28883142854702365,
            0.5771891704039728,
            -0.041812990383623544,
            0.48403480470953425,
            -0.5359257201909927,
            0.42198532682793305,
            -0.46258789552228513
        ],
        [
            0.8108775136191559,
            -0.18362077866347262,
            0.5022678341347614,
            1.5459402422706492,
            -0.5014689545065011,
            -0.4381882276548489,
            0.30424187525235685,
            0.34160214353487817,
            0.41997221893867376,
            -0.27160137241051246,
            0.060668812783115776,
            0.35390252163910774,
            0.3342979177568535,
            -0.4855045603170764,
            -0.16732954036850337,
            0.7236704373174798,
            0.2094111279074008,
            -0.6868419514906143,
            0.5513135555254108,
            0.01598076759172645,
            0.37689506379031423,
            -0.09955230813125308,
            -0.36854748845646784,
            0.8643386133080811,
            0.0747960119532966,
            -0.18946027768893392,
            0.32741633416990457,
            0.37279894750627723,
            0.2062707700172939,
            0.3918594421593872,
            0.2721138943207694,
            0.5385683125737345,
            0.0451743941397409,
            0.18855443100738772,
            -0.7683151631256809,
            0.662242224412428,
            -0.48729546750983793,
            -0.015356082968799147,
            0.6662373718103365,
            -0.5273067566282621,
            0.4511588335832914,
            -0.12347908176332167,
            0.6198194364235137,
            -0.15511065493115977,
            -0.09378833914622872,
            0.4344503652468911,
            0.25782511409559067,
            -0.08107911168687958,
            0.028324459145304272,
            0.03595845163050612,
            0.1678995349396775,
            0.191755331686156,
            -0.02502708183482203,
            0.6799130469875233,
            -0.29233495815713184,
            0.7237033637382105,
            -0.30623216701519107,
            -0.16165700100896463,
            0.5156015903639729,
            0.33063445354701076,
            0.45648479216366833,
            -0.057613350418838874,
            0.09203823267733424,
            -0.734800406059365,
            0.09736233330299,
            0.8375443517616252,
            -0.3443163346856715,
            0.259138377402398,
            0.11223515191423651,
            0.023908551885168713,
            0.134428675082397,
            0.486336230213004,
            0.052992601691321965,
            -0.40000212816369835,
            -0.769712381726269,
            -0.14188606158260716,
            -0.2138321144862784,
            -0.32243151380485224,
            0.30804209580441344,
            -0.2870649643160433,
            0.36012795038553647,
            0.5040543947921333,
            0.4838955858764539,
            0.390437725770462,
            -0.2257344872371326,
            -0.05701776370982642,
            0.29320321720022857,
            0.10306426023018467,
            0.6483866552208944,
            -0.5757173005571079,
            -0.0981552250635198,
            0.7293646956600118,
            0.09489522325438694,
            -0.26040478591271754,
            0.5028143508229138,
            0.3677418258807021,
            -0.09459365266224636,
            -0.36147047418679595,
            0.36890121895364236,
            -0.1544113994775296
        ],
        [
            -0.5033863078410097,
            0.22902170703158775,
            -0.19316993050851242,
            -0.5014689545065011,
            0.47427865175745165,
            -0.0629646558378351,
            -0.08434432468940965,
            -0.1137914510765059,
            -0.11936747514748536,
            0.07999139973892622,
            -0.04139328534900174,
            0.05633059454727278,
            -0.4835333406978593,
            0.28919451699074594,
            -0.09038146881057475,
            -0.21508239180038521,
            -0.21850465067748773,
            0.47676821913676537,
            -0.04433671200446219,
            -0.10640929565392729,
            -0.09337688072506384,
            0.03384038319038396,
            0.26184348671341395,
            -0.5669110169797659,
            0.008932353233639495,
            -0.13862652465467748,
            0.20808906383653927,
            -0.25028590846928356,
            -0.04204809266154028,
            -0.1062694239298601,
            -0.0533793359314089,
            -0.18428872159723,
            0.030285856543121357,
            -0.041004784291998275,
            0.3754724748797167,
            -0.03852879833812202,
            0.06174824897085113,
            -0.00125157113963457,
            -0.18506536271966925,
            0.2059294219635643,
            -0.2238578507611543,
            -0.01742785702721563,
            -0.17640007962506046,
            -0.07302821069709546,
            -0.0754888009380503,
            -0.30383156457827226,
            -0.04256326926100844,
            0.018242749482389842,
            0.0007584023690370289,
            0.2604909406695747,
            -0.08852920062758277,
            0.014995358078417172,
            0.007872514965906893,
            -0.17143166572445193,
            0.3307056469180277,
            -0.13549798760784093,
            0.1432845884759217,
            0.2736899230710053,
            -0.181499952944416,
            -0.3349667163222756,
            0.03547263758133217,
            -0.20889320949726492,
            -0.09788421204481963,
            0.26201452848824075,
            -0.14832728051161298,
            -0.1741944736933762,
            0.15132944618725003,
            0.013172577198016587,
            -0.0012803748360180407,
            -0.03059462533256722,
            -0.293992266257737,
            -0.1769383206653617,
            -0.060465741021261614,
            0.2487465483030047,
            0.43966385800982116,
            0.0128942696631611,
            0.08867541151932516,
            0.10618751548654268,
            -0.10149487663842466,
            0.1818988742543146,
            -0.05996747926889048,
            -0.06756205674057902,
            -0.18180784471315328,
            -0.09259147443352653,
            0.028051297293704588,
            0.1073559157162623,
            -0.31828962680711986,
            0.12120306107655682,
            -0.4926346559319535,
            0.03403997667026922,
            0.0716195063052696,
            -0.17748665647371004,
            -0.0949028224493762,
            -0.1668975258709655,
            -0.18953514480253414,
            -0.10161892696905797,
            -0.20498676309392777,
            0.12836752334981166,
            -0.13145727939844737,
            0.1595505785774916
        ],
        [
            -0.25386480532177746,
            0.20575045711726192,
            0.011271822637457934,
            -0.4381882276548489,
            -0.0629646558378351,
            1.231967448335629,
            -0.36583911889375703,
            -0.5595910855513567,
            -0.6758278896980121,
            -0.2768804025844776,
            -0.28746603650188,
            -0.014680720604695056,
            0.05625053413874202,
            0.03450995480030644,
            0.639933842411176,
            -0.6998452632168015,
            0.15306519410081781,
            0.14039021219542486,
            0.041112539019044436,
            -0.18383990333448338,
            -0.3868875605809322,
            0.3117911694894545,
            0.03186981049610367,
            -0.03199256505518246,
            -0.4490401045222248,
            0.278507339171636,
            -0.7001658839584073,
            0.34447795168371337,
            -0.09104935320385682,
            -0.18760963522917862,
            -0.4908760560964203,
            -0.42563681940448267,
            -0.5198218012400385,
            -0.3180716455868501,
            0.5176915446630256,
            -0.667225497336811,
            -0.09580070006407741,
            -0.08376023838918534,
            -0.787268312471545,
            0.5103585471726941,
            0.39825143691129344,
            0.053471240312810094,
            -0.45246231516033714,
            0.7594553949150354,
            0.032177346025217796,
            0.14126422847325185,
            0.617036494625698,
            -0.23514636589865728,
            -0.22273682826584137,
            -0.6559187240828794,
            0.32731983003871457,
            -0.5455151425074877,
            -0.3693775641906261,
            -0.5567674412048733,
            0.1686818018724327,
            -0.7837680197201721,
            0.32955069851622754,
            0.1504043884762139,
            0.4842631086092702,
            0.29675037420190553,
            -0.7068270820333574,
            0.7805934877328885,
            -0.6902804135991109,
            0.5377505794666337,
            0.09962510275592713,
            -0.7841405695821976,
            0.4778716421722458,
            -0.34473514737851446,
            -0.4910552447753937,
            0.03256034597710613,
            -0.1025017791019953,
            -0.4971591531269515,
            0.08859539035863409,
            0.4836851776732929,
            0.08629618004125575,
            0.292517900141102,
            0.06450661453763129,
            -0.17251296983684294,
            -0.28194991137636594,
            0.08950217549871298,
            -0.551778085781423,
            -0.7971616674359298,
            -0.7248518058982604,
            -0.6210467084243937,
            0.4772642061165908,
            0.07979311102498748,
            0.1082601046809543,
            -0.4047478737580682,
            -0.5478947122467293,
            0.3084521764290815,
            -0.44696547657565816,
            -0.10883503527862988,
            -0.1995533741158981,
            0.425865218867995,
            -0.2061385862320198,
            0.11553745791955143,
            0.07247377950712283,
            0.40715814867028455,
            -0.24745443552551658,
            -0.27391529634327805
        ],
        [
            -0.05826757009150733,
            -0.31617044094095514,
            0.14595060141270969,
            0.30424187525235685,
            -0.08434432468940965,
            -0.36583911889375703,
            0.3147146541126466,
            0.2870089312085369,
            0.4042350532975993,
            0.2630550425495045,
            0.1205574147390694,
            0.03397208492236062,
            0.09441326236690853,
            -0.05408892212609564,
            -0.14234716149131502,
            0.4398510212437542,
            0.12721494700087943,
            -0.22300567139111355,
            -0.04073547244438563,
            -0.26681675753151,
            0.25530225777758,
            -0.1355164780903537,
            -0.12333773432809197,
            0.19445702961086303,
            0.2693335657422951,
            0.03002346411750416,
            0.21750647630735565,
            0.0900619380154045,
            -0.019765835411832786,
            0.09268480519393778,
            0.26767836368447756,
            0.22291339036624017,
            0.2813081138227002,
            0.1610184823295487,
            -0.3443235013718999,
            0.3682180640290625,
            0.19753553434337826,
            0.139155942115741,
            0.4429273415429357,
            -0.24415822581504532,
            -0.17168476101339672,
            0.04611790592466942,
            0.23342167354464244,
            -0.35599413008747244,
            0.06695030055334387,
            -0.09708239381816187,
            -0.32748239960528974,
            0.19850200289965647,
            0.14663135869395333,
            0.14288173064343224,
            -0.11478675194366746,
            0.3237510586070413,
            0.2734821648313005,
            0.3062791442590399,
            -0.09520585106722339,
            0.4115974269301989,
            -0.23828619593578557,
            -0.22371769189319407,
            0.07186370725643199,
            -0.18761311447073423,
            0.3623218033120735,
            -0.22948353710367445,
            0.3679079759722364,
            -0.23516347016131983,
            0.08709212461036638,
            0.3545287900156241,
            -0.13706882801464634,
            0.10019067238820437,
            0.4178672920675278,
            0.07748672060109708,
            0.18492922035103654,
            0.24236104120323587,
            0.013746071212483616,
            -0.1499051215170752,
            -0.0341468578507805,
            -0.09925139241070782,
            -0.015192082089335524,
            0.17895951614725933,
            0.1523227057932486,
            -0.006641212218910252,
            0.26773169386856976,
            0.14397984279653392,
            0.4633279486539985,
            0.2759232789556596,
            -0.07904035465976916,
            -0.03301454216343529,
            0.19931163634822424,
            0.16048178345640587,
            0.10513255547410076,
            0.0242078004128135,
            0.33477589809339575,
            0.11770259205373229,
            0.08000924690227308,
            0.10981355599161961,
            0.11690418200291883,
            -0.04861108310967651,
            0.08746399119989824,
            -0.3234396835323965,
            0.23114060556803806,
            -0.06253901569356655
        ],
        [
            0.19390539844102045,
            -0.577730508312788,
            0.3656080657539307,
            0.34160214353487817,
            -0.1137914510765059,
            -0.5595910855513567,
            0.2870089312085369,
            0.5539622838366545,
            0.593425910321589,
            0.3914266788230696,
            0.32654736847373367,
            0.12829735763063518,
            0.1304871388486266,
            -0.2625951256150675,
            -0.18768132205508622,
            0.48266707445216966,
            0.10485212351634957,
            -0.28043056039034236,
            -0.021528347545890822,
            -0.160525748104989,
            0.5040356246198606,
            -0.003929975335494828,
            -0.37885580067901814,
            0.20872322173503666,
            0.5317644172808462,
            0.025327283739815406,
            0.3656324132850478,
            0.08046486758315424,
            -0.10723368180059112,
            0.13814266536557274,
            0.31260706853723336,
            0.3098083292495651,
            0.5519008898983151,
            0.24566233976870047,
            -0.5568419913072791,
            0.5845459137158082,
            0.24492368883191862,
            0.32363180941524083,
            0.5938635443935651,
            -0.24422815580386195,
            -0.41992958217598836,
            0.21115296894421534,
            0.4905316126589204,
            -0.6095570708574194,
            0.4057772477165858,
            -0.07534627633714212,
            -0.43565939716516733,
            0.5628765363721956,
            0.46180575971746235,
            0.32007293450140895,
            -0.2548359465738431,
            0.29084025477472253,
            0.5348782206404665,
            0.5019308001285049,
            -0.28527109497612146,
            0.5389707633341178,
            -0.18197577744989013,
            -0.3365539130008623,
            0.09555013385192108,
            -0.18870261194716875,
            0.5519770871218757,
            -0.16810572365700002,
            0.5375048458731373,
            -0.5567886378936066,
            0.2652506016495563,
            0.4033541522641182,
            -0.21394473505257347,
            0.0913015711717398,
            0.40578224049036976,
            0.07541690245542788,
            0.3646483731708836,
            0.4441125355735982,
            0.06844733194001006,
            -0.15579251951604206,
            -0.06249350568069305,
            -0.16234016783815902,
            -0.3070156833941631,
            0.2995648865783428,
            0.5749890564867853,
            0.024883099935043555,
            0.5290817365323506,
            0.4923666550001663,
            0.5826397963677334,
            0.6402339960920179,
            0.06734898583687951,
            -0.08801699966517254,
            0.2780709985284687,
            0.24479832251032227,
            0.45853155128524337,
            0.11483099338599134,
            0.5495248063148742,
            0.08151008337560108,
            0.49494312129998863,
            0.07420935221773393,
            0.22175068381455618,
            -0.051009729396064796,
            0.17977932871132762,
            -0.5208493671109236,
            0.44619163480994034,
            -0.1044895216411637
        ],
        [
            0.09239888234034972,
            -0.6183843980626832,
            0.18679937396867327,
            0.41997221893867376,
            -0.11936747514748536,
            -0.6758278896980121,
            0.4042350532975993,
            0.593425910321589,
            0.972702008726628,
            0.3099476464320532,
            0.1828913870652009,
            0.20374933479529347,
            0.3481591297551568,
            -0.24044848099957356,
            -0.4378842339829472,
            0.7982588691272836,
            -0.03396117161827734,
            -0.5112089267915819,
            -0.010459518334597004,
            -0.0896479784565429,
            0.4450710159000309,
            -0.43100628295588456,
            -0.49272807955376513,
            0.19049200307235065,
            0.6031256130423241,
            0.20662467100285614,
            0.6675087324434557,
            0.0037776847606640503,
            -0.07616575237271536,
            0.1532450542893173,
            0.44467183604306737,
            0.3437077392423912,
            0.4831923325888186,
            0.3169671072475642,
            -0.6311086913395137,
            0.722138506991726,
            0.2021374889927902,
            0.22113025422117746,
            0.7454958113037534,
            -0.44366036641557516,
            -0.52959367837798,
            0.12682779391110066,
            0.4388561120005638,
            -0.631161810425993,
            0.08450667453417321,
            -0.09243679022761192,
            -0.3815230462404869,
            0.3004943138545389,
            0.062138706260756384,
            0.298259382299288,
            -0.2181980840881972,
            0.5498802053120523,
            0.28355098237931164,
            0.48735004600751464,
            -0.4210677701189576,
            0.8848047197494368,
            -0.17097811396552617,
            -0.25206539670575806,
            0.08836463025756675,
            -0.11460710385069775,
            0.7520149434109984,
            -0.3113221848107701,
            0.6791987876452049,
            -0.6201959913638951,
            0.30127696180424707,
            0.7891402579984003,
            -0.40954978817547233,
            -0.13733071577589342,
            0.7846723214434306,
            0.18105696002316587,
            0.3125089607701742,
            0.5118461983693627,
            0.009893693942816952,
            -0.28158971773183544,
            -0.2768702830774367,
            -0.25153211679486565,
            -0.3183732600357599,
            0.3297811889704502,
            0.2692375919899792,
            -0.06959653189246627,
            0.44150898736959193,
            0.50880965567356,
            0.8313866157349947,
            0.4169411035384012,
            -0.21261163028434635,
            -0.03650437787373597,
            0.44729881549740985,
            0.3308930652520453,
            0.5854463908455937,
            -0.02454133847840962,
            0.5913836760847506,
            0.19836177600531324,
            0.45655356075397413,
            0.3775164370895179,
            0.25770794454805307,
            0.020822557841630684,
            0.14511215142024853,
            -0.48673402490674433,
            0.580069219368754,
            -0.1160239920936355
        ],
        [
            -0.22847941139878736,
            -0.4306447259170664,
            0.06255071035862445,
            -0.27160137241051246,
            0.07999139973892622,
            -0.2768804025844776,
            0.2630550425495045,
            0.3914266788230696,
            0.3099476464320532,
            1.1307077183454493,
            0.30595297186933157,
            -0.02052666979441596,
            -0.10184680596607891,
            0.1500254766133694,
            0.1570870751959557,
            0.16741096023905414,
            0.18616441749826343,
            0.065983758403358,
            -0.298896830833096,
            -0.43896924863899883,
            0.38097507187210533,
            0.12921719842485807,
            -0.3979903313657491,
            -0.33762740698744015,
            0.7276736409203668,
            0.24515454266141376,
            0.3829872712160298,
            0.05818493418303249,
            -0.22561258052538016,
            0.05516599713948741,
            0.11215324838157681,
            0.1397840097438074,
            0.5631520829465173,
            0.10791919535015154,
            -0.005240529642601347,
            0.3333178250921364,
            1.0944954288999902,
            0.3137292744037664,
            0.3458401099385531,
            -0.31933966188714197,
            -0.6525435088156843,
            0.136429546385283,
            0.23182494596894232,
            -0.5819592297618139,
            0.5028433386036126,
            -0.2378707505856516,
            -0.7261344949064822,
            0.7847758237078375,
            0.6929043192520998,
            0.3079437923200453,
            -0.20966453474067775,
            0.26268994324556555,
            0.8530757152797307,
            0.29677194657373845,
            0.27381878637022694,
            0.2728367165075066,
            -0.3804274859962134,
            -0.3018472881922458,
            0.18033200201148028,
            -0.43204866044043616,
            0.3627408610038806,
            -0.15393926305850172,
            0.32441155702769986,
            -0.09774201610800719,
            0.2583244107649564,
            -0.22103259666775887,
            -0.1664144078731234,
            0.20232057880432192,
            0.4101634325393462,
            -0.058590616103292616,
            0.40875373352727895,
            0.12188338797032874,
            0.013573657681438228,
            -0.25906324499624,
            0.6225668646778012,
            -0.20717420839170653,
            -0.1136075462150309,
            0.45117926574676526,
            0.4769367949419684,
            0.13366715838036353,
            0.40942396236247547,
            0.2474414151997859,
            0.41582421390427865,
            0.6736421689533137,
            0.14867921999197548,
            -0.03537711874792055,
            0.1795505441549405,
            0.2974900147514234,
            -0.18431796900971434,
            0.6300753441442011,
            0.9508362879935334,
            -0.19762975028506857,
            0.11327448208302915,
            0.16174778340471402,
            -0.19417355401035277,
            -0.41269846277024114,
            0.3881638154630267,
            -0.32603707807531507,
            0.334406761594028,
            -0.014804935194177466
        ],
        [
            0.09058688240071688,
            -0.3970997156444947,
            0.34653551027969026,
            0.060668812783115776,
            -0.04139328534900174,
            -0.28746603650188,
            0.1205574147390694,
            0.32654736847373367,
            0.1828913870652009,
            0.30595297186933157,
            0.3336094319872645,
            -0.0230447896752644,
            -0.09363259853576704,
            -0.23510918846667522,
            -0.013468078609642588,
            0.05801073560471573,
            0.14776985511870472,
            -0.0562680628225786,
            -0.15113661958306465,
            -0.1554866564402896,
            0.3474253973865057,
            0.2666727582435371,
            -0.178314976190751,
            0.07690797422953333,
            0.2966382889757092,
            -0.04141347598826831,
            -0.010702285570410515,
            0.15871941075683368,
            -0.1215402986089272,
            0.021782413528654787,
            0.12386608060728031,
            0.17679548758994168,
            0.426115397645653,
            0.1095205019042043,
            -0.37786893585524556,
            0.24676472543173084,
            0.2520721780831713,
            0.3238056921676891,
            0.24317266766250725,
            0.018809970841331004,
            -0.3035856898677726,
            0.21760477612124077,
            0.3173330274319888,
            -0.4079882292188482,
            0.5016358785421069,
            -0.12906516742832205,
            -0.43795527963945735,
            0.5405139015015766,
            0.5418699530902289,
            0.20641196482827967,
            -0.24710702014749128,
            -0.008136711974367838,
            0.5017514023819212,
            0.3301332150263874,
            -0.10922427267077245,
            0.12020434423855415,
            -0.05428344841497692,
            -0.324087438764992,
            -0.009758240034691007,
            -0.22620076323016025,
            0.19487878936949013,
            0.12433357660815757,
            0.2999412142330889,
            -0.3296513392357813,
            0.21277192671645798,
            0.0045934324693709125,
            0.04899300020166222,
            0.17369568499513005,
            0.026456497102631975,
            -0.033441399955594496,
            0.2594693557286606,
            0.23145723130029336,
            0.08992073362876003,
            -0.07633546396416306,
            0.13514489340353508,
            -0.06636498611207328,
            -0.25261049091436477,
            0.2114148117561337,
            0.5625266324600237,
            0.08667536082144593,
            0.38973486369242943,
            0.2992005341567919,
            0.2307846080611891,
            0.5192091492493153,
            0.21012491659646387,
            -0.1358469543272677,
            0.08606002965988588,
            0.05760329945568497,
            0.2349860128005922,
            0.15156647964678926,
            0.35180739170692754,
            -0.13080533571269862,
            0.4565263898732231,
            -0.09072566944232757,
            0.21123432714156848,
            -0.10872800099346912,
            0.2522992010188141,
            -0.33858188227879277,
            0.1752587578084043,
            -0.1399985528225375
        ],
        [
            0.25179594574122444,
            -0.19751162479177148,
            0.3810055605225526,
            0.35390252163910774,
            0.05633059454727278,
            -0.014680720604695056,
            0.03397208492236062,
            0.12829735763063518,
            0.20374933479529347,
            -0.02052666979441596,
            -0.0230447896752644,
            0.6744082928622533,
            0.0045150150786558395,
            0.0656569865353611,
            0.0664111322048438,
            0.17629647284956532,
            0.2520947255177972,
            0.024097325634665042,
            0.1129265921714287,
            -0.17996495216130895,
            0.18244420344755133,
            0.04203609563632235,
            -0.2552832176695599,
            -0.034471733005562756,
            0.2145870416486183,
            0.14828963590343447,
            0.31190893377514733,
            -0.04074208496290694,
            -0.05694694986935648,
            0.19111779895437794,
            -0.022035966330001447,
            0.03292475788362592,
            0.1778631619691519,
            0.03220841229176369,
            -0.07447892335902043,
            0.39559629642075894,
            -0.08760135529852407,
            0.028464882360053914,
            0.18710644784878944,
            0.11522769569409431,
            -0.1783364773386887,
            0.029535114452247924,
            0.1744876269181343,
            -0.2108622119163281,
            0.14264204506314954,
            0.19764861826593738,
            0.11011633868684435,
            0.17603329342835913,
            0.12362232681907845,
            0.2510789190961295,
            -0.03989262117570744,
            0.05879398312427886,
            0.051531739704100236,
            0.2740867915987554,
            0.21301094912658736,
            -0.15090818605295456,
            0.18404614302697822,
            -0.07266110309726946,
            0.5128672850519543,
            -0.04739766198611315,
            0.29768090997784047,
            0.0007594715096235248,
            -0.03869997149220298,
            -0.3431274273040049,
            0.1436901567956047,
            0.20256652531945538,
            0.1311161268444366,
            -0.03530719937795323,
            0.13756293023961383,
            0.03564380661063299,
            -0.23856721216359678,
            0.09093967158364202,
            0.02568424755032144,
            0.19712624059321235,
            -0.02923859366993565,
            -0.044559574717357005,
            -0.33646021657076153,
            0.11213079239333543,
            0.22275271277644604,
            0.015611089758777522,
            0.09657354903797344,
            0.21817125325869088,
            0.11870016702998924,
            0.13605364665508057,
            0.17631512217845088,
            0.045205879935469595,
            0.27929200479279054,
            0.21159640820064546,
            -0.024089320194311807,
            -0.0929547817693635,
            0.186213775317055,
            0.22818586317030756,
            0.1912280502775896,
            0.18384769973832724,
            0.14852116897434317,
            0.06371811570640835,
            -0.15630600204226702,
            -0.179791152131767,
            0.38495903992384783,
            -0.3425738460126506
        ],
        [
            0.614015576883887,
            -0.1715851605992221,
            0.005068772068471322,
            0.3342979177568535,
