{
    "pos": [
        [
            0.7302205953988232,
            0.4888462291699726,
            -0.22099917036425312,
            0.08852224809335486,
            -0.3185521282718155,
            0.6769091340082741,
            -0.18641734988039294,
            0.049303837892633665,
            0.0697873194198579,
            0.48314658749064116,
            0.03958883985994497,
            0.6239983937337668,
            0.4628567742825152,
            0.33074154679704343,
            0.1068358991246073,
            0.5532380838057954,
            -0.04088355769701311,
            0.4273743718378518,
            0.6472483313139643,
            0.3268787851661862,
            0.12270626998103275,
            0.5187494457335056,
            -0.3094080566843819,
            0.601281100429573,
            0.2762839485223975,
            -0.0228853280658221,
            0.0658080506328063,
            0.0032637489907189686,
            -0.2527302571175566,
            0.4832035675944109,
            0.3183570126162942,
            -0.014039937453806618,
            0.003632148110835897,
            0.5169391723339603,
            0.41002643803135314,
            0.6437205433789313,
            -0.09318627967681983,
            -0.3144873948393009,
            -0.05325820071160732,
            0.17250341376839956,
            -0.42341360474539685,
            -0.006221041415011038,
            -0.4120661913013335,
            -0.3776946692041112,
            0.43720891810831275,
            0.002762015622590707,
            -0.02502558366666035,
            0.5234951952323232,
            0.5772443219898385,
            0.28864922065101917,
            0.22043893583951663,
            0.36105758822507167,
            0.5661220104845526,
            0.7119197743439275,
            -0.40918997812074037,
            0.44039836185846204,
            0.5663783641522457,
            0.004400281140641267,
            -0.038931195595156703,
            0.006742768640984833,
            0.1615880094721983,
            0.4296059835445376,
            0.1502981283962165,
            0.6015777464503772,
            0.06462075198272302,
            0.08702691725135718,
            0.639454033948097,
            0.3450155055725663,
            0.38538225978100205,
            0.6215774068843877,
            0.6480088761101565,
            0.05721238379301173,
            -0.502041799006172,
            -0.5001266816152078,
            -0.3335733849391003,
            0.5041040392967302,
            -0.33371974516192554,
            -0.23115259201702035,
            0.34737344801950965,
            0.1635038187908658,
            0.5922256968855715,
            0.17532364775638876,
            0.5554540027205149,
            0.08850404852275144,
            0.5742938842137273,
            -0.020554994700338808,
            0.1523657253161515,
            0.3051889311238858,
            -0.030894660730386464,
            -0.621518271150594,
            0.06856423873452029,
            0.43441868269828326,
            0.1915841906442984,
            0.34678072901890744,
            0.40752188494040364,
            0.32997610420915585,
            0.12477052583499637,
            0.5669676485112317,
            0.6332463181794307,
            0.6468462002978788
        ],
        [
            0.4888462291699726,
            0.7177981255265161,
            0.09683713748940899,
            0.1019809690787986,
            -0.13254419161139666,
            0.4499454940957212,
            0.01677537299289159,
            0.027298636242922756,
            0.43183131399816665,
            0.3006760907928833,
            0.29591846762746526,
            0.4239971334588229,
            0.3400337893357298,
            0.14975129539834975,
            0.04014873747745375,
            0.3288349826546043,
            -0.08123445543589984,
            0.24460077312012124,
            0.6924453327012436,
            0.31669340178216826,
            -0.11718739010079343,
            0.28225445355212697,
            -0.45392603146383,
            0.32926850482613074,
            0.043378698024464736,
            0.17574633210072513,
            -0.05519931301613599,
            -0.2738579348782434,
            -0.06336603717993171,
            0.1978571444383746,
            0.13000109842769203,
            0.022234114778795517,
            -0.31581298216983505,
            0.47027534333541354,
            0.38846077998437983,
            0.5245923659202765,
            0.18040802669306752,
            -0.33943060652893003,
            -0.06185174625538835,
            -0.04170680656643255,
            -0.09598081005263073,
            -0.023653091950164292,
            -0.32343366188550915,
            -0.26304399283526847,
            0.2935396807101271,
            0.015817049034141276,
            0.21941388588895153,
            0.35387384682355033,
            0.20856524448447986,
            0.2759510940330018,
            0.05819890528528209,
            0.2102658481027322,
            0.4288169191031778,
            0.5191529180084707,
            -0.3746574451994998,
            0.30583908257212883,
            0.3079831999635144,
            0.025773794073970218,
            -0.05229844103695005,
            0.058194577171416156,
            0.10287387104115286,
            0.25425695054384617,
            0.08078146937416728,
            0.3535760495740216,
            -0.03246565975449816,
            -0.017005182415615303,
            0.5673602202529864,
            0.01892738986183249,
            0.38464636848875805,
            0.447994632301074,
            0.5303937352319765,
            -0.1712824706766302,
            -0.4415253322258454,
            -0.48178545679199924,
            -0.29079557942538264,
            0.32208692964584734,
            -0.008247917235483744,
            -0.1746724663727136,
            0.31445839133288406,
            0.032515976795139775,
            0.5001217451191289,
            0.14394738732944085,
            0.3730467622711244,
            0.1555004486883013,
            0.44437529241833384,
            -0.01134412997265201,
            0.33664159853493075,
            0.23925443632410076,
            -0.04389158783578172,
            -0.2271353285605746,
            0.17970497691794002,
            0.09983352525555293,
            0.10806965204307695,
            0.33023996215454954,
            0.16716607700869507,
            0.3442778745239755,
            0.3529840306983471,
            0.25571251631557107,
            0.45929906544348215,
            0.3795542764036401
        ],
        [
            -0.22099917036425312,
            0.09683713748940899,
            1.6993476441012758,
            -0.06398233396367367,
            0.2714478742275451,
            -0.3810874610447358,
            0.28606057675687574,
            0.5919501056111759,
            0.529487277333948,
            -0.10346646468404061,
            0.7323904309790601,
            -0.46184752064220586,
            -0.12475287477662825,
            0.3059149774545347,
            -0.109067598536513,
            -0.5985778324126759,
            -0.15138232839001345,
            -0.6457006024535856,
            0.6353764138848408,
            -0.3750865676129156,
            -0.27350718647063166,
            0.05334948288032361,
            0.8358872758880591,
            -0.48012595480866394,
            0.16179296361878873,
            0.6511780275226396,
            0.015285190745505573,
            0.3293880839780911,
            0.5489125860545625,
            0.13710628736194877,
            0.10502025763220671,
            -0.17224623004503403,
            0.4048843949690899,
            0.22497722796311395,
            0.05388115904669103,
            -0.10795332490057996,
            0.9118022586782824,
            0.58091834118058,
            0.2867425449955646,
            0.10840412773947102,
            0.518154178853506,
            -0.10829845983019981,
            0.271094876895884,
            0.21439501603265165,
            -0.00021197010024745649,
            0.4883101430644861,
            0.56860227879448,
            -0.20684692163372523,
            -0.24829294521719217,
            0.013123447022072049,
            -0.1646839182499562,
            -0.19810365742610503,
            -0.13601752229889427,
            -0.24988754401051524,
            0.17972925556655475,
            0.016235198760494646,
            -0.23313425703243654,
            -0.04127318644967416,
            -0.010842189646448853,
            0.23325480535703616,
            0.030768470808118488,
            -0.48874069133120046,
            -0.14549253794751205,
            -0.6203422118896146,
            -0.017046227759185795,
            -0.04598646220721235,
            -0.01750182646524974,
            -0.09429603779030907,
            0.22910850802922839,
            -0.26063030040396357,
            0.20991022258920872,
            -0.3198776760730259,
            0.36969082895358474,
            0.028199465448750138,
            -0.18021002382272294,
            -0.49778101435858285,
            0.22262576728634623,
            0.24485407527247985,
            -0.48813846019986484,
            0.10948501146046064,
            -0.07304997687612876,
            -0.0004570890780907463,
            -0.29799704314334835,
            0.4018415290521992,
            -0.06927772633070897,
            0.18192151174954418,
            0.23852172724714418,
            0.3802517914916386,
            0.3976537458022968,
            0.11577248441719505,
            -0.39337835520664427,
            -1.0462094971435443,
            -0.06643442528824901,
            0.38046123033883594,
            -0.38706310849750547,
            0.13100352459796044,
            0.4902852914525178,
            -0.370554099945554,
            -0.4566834589892474,
            -0.3675708458907467
        ],
        [
            0.08852224809335486,
            0.1019809690787986,
            -0.06398233396367367,
            0.6436056965784661,
            -0.23794951090770047,
            0.11297918158846816,
            0.019046344529105492,
            -0.045866570551884735,
            0.16650948974682028,
            -0.10411793822959495,
            0.3472503902503758,
            0.12501344172832599,
            0.2404006545076913,
            -0.3628130055906584,
            -0.3449589263544332,
            0.16883759888173805,
            -0.18253591744555747,
            0.18260288855670537,
            0.08406376017458254,
            0.28830172863329456,
            0.11739495012263834,
            -0.4247803661031176,
            -0.24914209896075398,
            0.26585021640302886,
            -0.3225624589983244,
            -0.16557903510298996,
            -0.21475817946288203,
            -0.3484415976722951,
            -0.06684974286781313,
            0.24355130776267636,
            -0.09861762760895275,
            0.2179710019283836,
            -0.3222772014405903,
            0.05075950626757011,
            0.13846933278126147,
            0.07174568703352413,
            -0.09664784932260076,
            -0.3206412921274987,
            -0.16437626333585936,
            -0.2323536198622352,
            -0.2419150699262111,
            0.16454059325604592,
            -0.18132211545591806,
            0.1452723837677187,
            0.06598525576352945,
            -0.08836531164296402,
            0.08288474610210705,
            0.08927514294738752,
            0.008630027321807829,
            -0.21229787282720194,
            0.023123398114508937,
            0.2230791071343341,
            0.05236345588269854,
            0.15051622705953144,
            0.10183730950535966,
            -0.25363499028908415,
            -0.13451787001192364,
            -0.16929417485512893,
            -0.09567873949335673,
            -0.2626843128301903,
            0.016015126761979963,
            0.2584226965224088,
            0.09970048764366622,
            0.33921455020905433,
            0.1261672559881039,
            0.1400915468383818,
            0.07379829588947076,
            -0.2860196267379836,
            0.03701188942593016,
            0.19160458064111277,
            -0.1621551072296128,
            0.24200725657028857,
            -0.07971513951763728,
            -0.033757254232524576,
            0.030783389648646797,
            0.07118687115929052,
            0.09103670198495188,
            -0.2220648464619044,
            0.28130923885642245,
            0.10498089999536614,
            0.031201501654819486,
            0.06409619134108106,
            0.22293900273702702,
            0.10748360874083135,
            0.010071233750226163,
            0.22805375797181834,
            -0.08082196524995605,
            -0.3727904863325084,
            -0.28722350115012746,
            -0.0685909778771022,
            0.3316459884732752,
            0.046483150482284845,
            -0.1470361416009928,
            -0.35938546141487393,
            -0.20850166537972345,
            0.35105546672271154,
            0.16688520973568344,
            0.019903889481446866,
            0.03807848170109199,
            0.21363862648846435
        ],
        [
            -0.3185521282718155,
            -0.13254419161139666,
            0.2714478742275451,
            -0.23794951090770047,
            0.6895765384413728,
            -0.3560081325249682,
            0.30500888891679134,
            0.2797241183225127,
            -0.09175686831151297,
            -0.3541944856445071,
            0.032962967952200425,
            -0.2070770966607632,
            -0.33734225644657434,
            -0.258215195805346,
            -0.10249771284017395,
            -0.30156481281040914,
            -0.03821081037770489,
            -0.07345937966623897,
            -0.33530474152388623,
            -0.41989373680593833,
            -0.013766236626472864,
            0.09045773975978687,
            0.566062388771621,
            -0.32921816174576907,
            -0.32233042347290863,
            0.10684970719658429,
            -0.02738807761750292,
            0.36558153216890865,
            0.18622169948151585,
            -0.5463885091338347,
            -0.14928787781169425,
            -0.2264166131293986,
            0.3433997721795766,
            -0.22150952634149126,
            -0.15681609032169855,
            -0.27018080641305675,
            0.25676454957954736,
            0.2992790392674013,
            0.10831726560194295,
            -0.018538075602269537,
            0.5925978026622905,
            -0.06352536744993904,
            0.20275071615953458,
            0.22479589122558064,
            -0.06615071405337476,
            -0.25391183412573043,
            0.03184805344087672,
            -0.10675042920172619,
            -0.048433623844384564,
            0.0176462196349525,
            -0.34594057855520177,
            -0.4373899090066271,
            -0.17446235818615902,
            -0.3222428378832986,
            -0.03908182901681671,
            -0.12454440678625114,
            -0.3807060034288638,
            0.1867306309154944,
            0.03816369391884013,
            0.4596893632318946,
            -0.09397738068215188,
            -0.11968893173807678,
            -0.09946045336974359,
            -0.400452932350773,
            -0.1550485701266763,
            -0.17180300504347912,
            -0.1641427361036839,
            0.08406198816589305,
            -0.07956589662580837,
            -0.37514468682687857,
            -0.32788199941682283,
            -0.09372331192380592,
            0.2974642522443098,
            0.26610315293707615,
            -0.4193627144494104,
            -0.010688759963997112,
            0.05078518492031416,
            0.36800362513854495,
            -0.4731654015266864,
            -0.3477788716538859,
            -0.28783026909749765,
            -0.14887072204432536,
            -0.28343731032615693,
            -0.09644539855636239,
            -0.2576331935285901,
            0.021217113926808057,
            0.05689330813447818,
            -0.06040330866139898,
            -0.08379894009896116,
            0.18451566244729856,
            -0.06083958718731947,
            -0.31065647760166376,
            0.017766941114862152,
            0.10825653918330663,
            0.06537200602274017,
            -0.16197907980218845,
            0.19817613401731196,
            -0.28276668893905993,
            -0.3102782249914728,
            -0.3512734991699336
        ],
        [
            0.6769091340082741,
            0.4499454940957212,
            -0.3810874610447358,
            0.11297918158846816,
            -0.3560081325249682,
            1.083760878239526,
            0.011325114913282131,
            -0.07544085693956933,
            0.1261138521444917,
            0.6273851982048692,
            -0.05908750897750962,
            0.6924643779568672,
            0.7773774592173864,
            0.4025183105063595,
            0.1277482986725754,
            0.5469888099885739,
            -0.07735395856222986,
            0.5392335532674586,
            0.6394893049565588,
            0.4476821578291447,
            0.06650446583532577,
            0.5835720340212711,
            -0.6176116049606032,
            0.6952150516456944,
            0.18182515861261797,
            0.11252594306347774,
            0.08218039533561752,
            -0.2729225681157527,
            -0.170374834802715,
            0.42211515471042643,
            0.3820453817266753,
            -0.17366376886348014,
            -0.3298520483570576,
            0.4232174539881293,
            0.625154956981126,
            0.7174092876898278,
            -0.02216945821634419,
            -0.3746401508404455,
            0.027687968463880483,
            0.03778045266255469,
            -0.5087238735714493,
            -0.07789219117758164,
            -0.4058059793799367,
            -0.4421582334914693,
            0.5765782829915919,
            0.15734254498707378,
            -0.05448264452750393,
            0.5624725675222233,
            0.5032664614154674,
            0.34114622814564705,
            0.31305080431593635,
            0.6683559237475742,
            0.6452316077058897,
            0.786710360111646,
            -0.3673058481834034,
            0.3747492519955289,
            0.7080082362901671,
            -0.07799741155188747,
            -0.07765519883837387,
            0.020075902549938678,
            0.25458326326379727,
            0.6413604963808308,
            0.28932701937167926,
            0.6989158752367984,
            0.06067648386707695,
            0.0790080757701819,
            0.8207059719896297,
            0.22367227816752389,
            0.4178307387721514,
            0.6434889561114246,
            0.8300462684156539,
            0.013151774181832986,
            -0.7586495703837655,
            -0.6430474223047963,
            -0.04633789246916445,
            0.6065810362434553,
            -0.287498121399927,
            -0.10734682898984475,
            0.4227253737328086,
            0.05449002860339147,
            0.6851912824857251,
            0.17977020696856566,
            0.5388452622761349,
            0.24103678736452114,
            0.725375844099408,
            -0.06962056666007853,
            0.34141476448987096,
            0.3861001620006901,
            0.0019241203250771445,
            -0.6098200603949776,
            -0.039000289131154456,
            0.6283914305149988,
            0.26112204988708293,
            0.4536445831731869,
            0.5392880868566705,
            0.1610487245965103,
            0.14599146197934681,
            0.5674792242676862,
            0.7090226925591709,
            0.7521327149651598
        ],
        [
            -0.18641734988039294,
            0.01677537299289159,
            0.28606057675687574,
            0.019046344529105492,
            0.30500888891679134,
            0.011325114913282131,
            1.0553081003264233,
            -0.05543184171809288,
            0.5031525063139534,
            -0.28712163710602,
            0.021890240795602284,
            0.09211734835508747,
            0.25194190997012783,
            -0.623214838329315,
            -0.4170397917753473,
            -0.04054636915575718,
            -0.118327791033684,
            -0.025644404786363255,
            -0.029545630189298323,
            0.052403932843497425,
            -0.3583692368779695,
            -0.1245475087400641,
            -0.0674920614338855,
            -0.0635251829572504,
            -0.3886048526405827,
            -0.07472058437587177,
            -0.21894872383512115,
            -0.24061348088993412,
            0.13707755323907314,
            -0.11070815013876925,
            -0.15672513694446005,
            -0.03992340019294911,
            -0.24446696297669127,
            -0.10365399668218707,
            0.11058735725725784,
            -0.1772446853997982,
            0.1956950298303703,
            -0.11760233061890278,
            -0.004382332983805803,
            -0.3520522014009359,
            0.2808165333774969,
            -0.18074206691954314,
            0.08033513818750636,
            0.27554469155373723,
            0.06860864865827926,
            -0.209925491905427,
            0.3201572328965921,
            -0.2890782781253055,
            -0.30837467930293716,
            -0.14651718537008857,
            -0.12367818118541561,
            0.13258344565969077,
            -0.23558233411878274,
            -0.2458981372893001,
            0.039991698617432556,
            -0.26623188282216825,
            -0.6392506264758878,
            -0.12189443655003286,
            -0.012706422947714872,
            0.10933160063603983,
            -0.22449473024268757,
            0.27848410301663307,
            0.07900876641706568,
            -0.12918106017414052,
            -0.21457410335148208,
            -0.23766834422306765,
            0.11000023390171039,
            -0.2085137421717838,
            -0.013277764131613726,
            -0.0998688432084044,
            -0.16402899916754343,
            -0.2979572169515211,
            -0.020170348829798495,
            0.010537485622665257,
            -0.07758163177901381,
            -0.018634639410410277,
            0.07663236310999229,
            0.27431377715152905,
            -0.16986181422050808,
            -0.050383470072283776,
            -0.04599777528747099,
            -0.09067294490579901,
            -0.3002251163582141,
            0.20485318959288762,
            -0.23357106008626477,
            -0.30761136060189476,
            0.2475758598926432,
            -0.1686981243570925,
            -0.20351971643491257,
            -0.07612694702032197,
            0.1970334412850784,
            -0.13226826441937567,
            -0.38145143477109233,
            -0.05788274922834702,
            -0.01529363124357983,
            -0.10968818055540565,
            0.5752674226378455,
            -0.12230948542665028,
            -0.16973163667041216,
            -0.2723072807972097
        ],
        [
            0.049303837892633665,
            0.027298636242922756,
            0.5919501056111759,
            -0.045866570551884735,
            0.2797241183225127,
            -0.07544085693956933,
            -0.05543184171809288,
            1.1271353237657884,
            -0.2780870379299253,
            -0.07653068741766719,
            0.6178482119395174,
            -0.24450335172430293,
            -0.1783459294043665,
            -0.07378173624846895,
            -0.06793959119239563,
            -0.28605499626713105,
            -0.1324143129805099,
            -0.1059659587426286,
            0.13688613180788486,
            -0.49943079299091964,
            -0.0051733215545592594,
            0.16270972690937002,
            1.4148502860042502,
            -0.19986859624949765,
            -0.26709348128017324,
            0.04429717463270597,
            -0.10930957079397503,
            0.9978766728953159,
            -0.06968142561830547,
            -0.1810981185644531,
            -0.32038607827704885,
            -0.29220850740082444,
            1.240505863391176,
            0.15679101843377477,
            -0.22181612588659805,
            -0.03267632684671504,
            0.16457955196091673,
            0.6290348077671077,
            -0.10119813274558302,
            0.7429176977277626,
            0.249662538880534,
            -0.03207811709518758,
            -0.07332633625032733,
            0.13265369691911535,
            0.03169769985798569,
            0.19788661128306906,
            0.08627602396749567,
            -0.12014497611154562,
            0.4186753878797233,
            -0.03869710483199342,
            -0.36400191295109685,
            -0.3225696715297742,
            0.11759102826392177,
            -0.046099524485314944,
            0.34031347451329147,
            -0.09188173731543459,
            -0.24936243639088543,
            0.22630211634150574,
            0.0825478889627391,
            0.22145423364013905,
            0.18312679818134142,
            -0.15251754408220902,
            -0.147543608025818,
            -0.22139047729399078,
            -0.08155151567845083,
            -0.07858696509268152,
            -0.051869787586249896,
            0.1136710441883605,
            0.3658264894519517,
            -0.1761826394238513,
            -0.01683593497662651,
            -0.026919576918409484,
            0.5979791370766552,
            0.26595423341466345,
            -0.4506469798533482,
            -0.11395086006602519,
            0.1926905914822685,
            -0.1556918974668802,
            -0.5341640903687499,
            -0.17602765844696203,
            -0.12296785945876448,
            -0.030534553753869535,
            -0.08795684402425182,
            0.03885298570868843,
            -0.09763336808089643,
            0.06039879201562994,
            0.14762084434104103,
            -0.14665967677739342,
            -0.19730653374690674,
            0.07164995864049965,
            -0.1274934650532005,
            -0.18645890140284166,
            -0.2141475765635985,
            -0.007622293092525628,
            -0.12679303750319418,
            0.30434323755454373,
            0.39511579452289536,
            -0.08406807625369958,
            -0.07676955506252121,
            -0.20359237189010373
        ],
        [
            0.0697873194198579,
            0.43183131399816665,
            0.529487277333948,
            0.16650948974682028,
            -0.09175686831151297,
            0.1261138521444917,
            0.5031525063139534,
            -0.2780870379299253,
            1.2672714913326786,
            0.06960157854796875,
            0.6170782337587062,
            0.09239031084894532,
            0.43414660007492845,
            -0.10697142419410936,
            -0.4086860593336886,
            -0.05276854487817275,
            -0.11740470949423976,
            -0.12408570995707735,
            0.4746153027328672,
            0.3664640851237719,
            -0.4973546014509079,
            -0.12488754335557595,
            -0.6002618666540414,
            -0.05266494977851291,
            -0.15973931379157288,
            0.25627569772978936,
            -0.16453447395308074,
            -0.6322061750834314,
            0.30406942370213413,
            0.2752164879300896,
            -0.0036897097914771926,
            0.19780449739317377,
            -0.6732588333403988,
            0.23045989749132345,
            0.3995507071333985,
            0.09957274550336274,
            0.41438621768877393,
            -0.25077063354660045,
            0.1048071969223646,
            -0.4711600968545073,
            0.1560710586386042,
            -0.0771498162649145,
            -0.04692213460358441,
            -0.021068810008218784,
            -0.029856378947928943,
            0.22408770962572344,
            0.6289783334983001,
            -0.031102876453590306,
            -0.2997318627433132,
            -0.05837907565217827,
            0.22423909071708165,
            0.3446871305607072,
            0.003095238598361408,
            0.11847847089508114,
            -0.14223773196558284,
            -0.009611151209284227,
            -0.228356977384695,
            -0.17548860695987853,
            0.022569235887219607,
            0.19421167926245217,
            -0.18734876780322055,
            0.1414231026004895,
            -0.040535527063477614,
            -0.03785130860140466,
            -0.13706356669483094,
            -0.14411597543725468,
            0.18774243840929197,
            -0.3522902184878405,
            0.21235601706703786,
            0.14703908441707098,
            0.1982119306416323,
            -0.4888512078003058,
            -0.3376917914718931,
            -0.26842462323826605,
            0.06833226856152845,
            -0.07463086322542395,
            0.0822994285445493,
            0.05739777678183509,
            0.049652725637904085,
            0.4887723587306699,
            0.2635779096618783,
            0.002227798329989757,
            -0.04770732252316706,
            0.4893568814619604,
            0.19547395994547442,
            0.016634191844881668,
            0.42925217912607155,
            0.0347546672627753,
            0.018661508920147295,
            -0.024278646881885736,
            0.1639141847973152,
            -0.3432311777317353,
            -0.24880776081104844,
            0.13697755073935317,
            -0.0815434753733163,
            -0.00866946135810968,
            0.43857557677141473,
            0.035963738518116205,
            -0.028921141754516634,
            -0.023281225284523602
        ],
        [
            0.48314658749064116,
            0.3006760907928833,
            -0.10346646468404061,
            -0.10411793822959495,
            -0.3541944856445071,
            0.6273851982048692,
            -0.28712163710602,
            -0.07653068741766719,
            0.06960157854796875,
            0.7053566600021055,
            -0.1930066625719784,
            0.2915289494560507,
            0.40542457947410687,
            0.818864239527844,
            0.39297831324962706,
            0.2897511929850224,
            -0.023411879321394116,
            0.13841073356494218,
            0.4956601050538331,
            0.1962862995749709,
            0.03744863486878234,
            0.6941849032791573,
            -0.2468707869526341,
            0.33730632165489255,
            0.49660170903501166,
            0.266889385580114,
            0.2801687702945426,
            0.06028398068814004,
            -0.10685080188290733,
            0.21432543657960312,
            0.30247462074902715,
            -0.20263264477841514,
            0.024121594525146485,
            0.33595021327764635,
            0.37339905480975055,
            0.4979149667109353,
            0.026579947639518722,
            -0.06099982528743436,
            0.09176088889482618,
            0.27774539453673985,
            -0.3655110959957138,
            -0.06307619101585187,
            -0.21455836466034778,
            -0.42960131086285946,
            0.2476124829810514,
            0.35831818420603423,
            -0.2610709230731016,
            0.4482743359468273,
            0.39744643449651795,
            0.35312040686922996,
            0.3149117221350297,
            0.44460442111922355,
            0.38293581064876214,
            0.5409917372090866,
            -0.2681585864108307,
            0.5439689617007538,
            0.7813557808057315,
            -0.06576326442059786,
            0.0001243916260099761,
            0.06201901621038835,
            0.2397205961176693,
            0.17783836372462042,
            0.04118536684196424,
            0.3226799496713668,
            0.04068522540460945,
            0.052595003297941825,
            0.4826206207957895,
            0.34342424508745456,
            0.21429798902313937,
            0.3754435088783673,
            0.7424445458192985,
            -0.21895605652584757,
            -0.41303707247224686,
            -0.36085432588242566,
            0.11354317659670493,
            0.2572405798860221,
            -0.22130705271218032,
            -0.14395669801729408,
            0.36966964185914286,
            0.1409996019789596,
            0.540685606348591,
            0.12973622222839504,
            0.3599979609131758,
            0.04033354413024141,
            0.5550210492118778,
            -0.0019492170212519226,
            0.2687049160388709,
            0.6184102389990797,
            0.302585516405023,
            -0.46066985589218695,
            -0.09960696948444935,
            0.40390771754401905,
            0.32951993480746905,
            0.5287223406642976,
            0.4479065950228418,
            0.1864139838316643,
            -0.2893049383789036,
            0.3909257224932163,
            0.5392120904248895,
            0.4735706285802804
        ],
        [
            0.03958883985994497,
            0.29591846762746526,
            0.7323904309790601,
            0.3472503902503758,
            0.032962967952200425,
            -0.05908750897750962,
            0.021890240795602284,
            0.6178482119395174,
            0.6170782337587062,
            -0.1930066625719784,
            1.880064244279939,
            -0.07779115737656815,
            -0.026170617142102885,
            -0.14816963104065242,
            -0.5478877253276956,
            -0.4738014389596302,
            -0.3070308092055253,
            -0.18343395195801024,
            0.6492970838536205,
            -0.024160694984417058,
            -0.21580492957072847,
            -0.4859558714506931,
            0.510664684457511,
            -0.3001105968197327,
            -0.5268208688465298,
            0.10881612143179786,
            -0.12498218939218175,
            0.26027908999048527,
            0.22980985925598357,
            0.2589147774655893,
            -0.03784694525645741,
            0.22987408694794853,
            0.3370355979760708,
            0.2736163084264849,
            -0.024580390771130604,
            -0.08897272959294239,
            0.2724466740945143,
            0.2619495436830424,
            0.14061023701457628,
            0.23827800319456519,
            0.3018606406571658,
            0.0754170216155016,
            0.053290805311463366,
            -0.09077433564147688,
            -0.051649554239253596,
            0.19238517476489256,
            0.8589749525242811,
            -0.01854207996657166,
            0.0713163519592756,
            -0.2875997031096665,
            -0.10034856142484616,
            0.11435075872059455,
            -0.033369700517138674,
            0.025735728566430416,
            0.13868656187253528,
            -0.38382939999663357,
            -0.28526358025241577,
            -0.07922645886371252,
            0.0355362584843171,
            0.4809070106729536,
            -0.24461882637523663,
            0.3433759554028098,
            -0.07288490043751901,
            -0.10452918669616947,
            -0.006112806299705448,
            0.005601591005023064,
            -0.05258173986218652,
            -0.2808522070155915,
            0.49373193577428964,
            -0.08185034484888645,
            -0.03792782064331722,
            -0.33513085410334575,
            0.16918984215423216,
            -0.12111174359963534,
            -0.1840930019132368,
            -0.0012448355550743868,
            0.21860981754537478,
            -0.1820229082054559,
            -0.5892421605649335,
            0.419765239844757,
            -0.19413544529212548,
            -0.07569214783402714,
            -0.29059021027925225,
            0.7718054997395942,
            0.028420164329785367,
            0.3622276655199779,
            0.48307306524359805,
            -0.30286890340191797,
            -0.3123404936546469,
            0.7152634142501368,
            -0.24009801627354482,
            -0.5430654729988914,
            -0.35207408136137386,
            -0.010892154266553745,
            -0.10632735499713633,
            0.36304825706348925,
            1.135479616016846,
            -0.05425396406031058,
            -0.3222957654353984,
            -0.08334038497141619
        ],
        [
            0.6239983937337668,
            0.4239971334588229,
            -0.46184752064220586,
            0.12501344172832599,
            -0.2070770966607632,
            0.6924643779568672,
            0.09211734835508747,
            -0.24450335172430293,
            0.09239031084894532,
            0.2915289494560507,
            -0.07779115737656815,
            1.1419901311553855,
            0.599397454882103,
            -0.1875996809413552,
            -0.18551710934063925,
            0.5559716962348178,
            0.24155987214197597,
            0.7044867811332917,
            0.42673336567934556,
            0.5005237781769784,
            0.13780826172728608,
            0.1600956849785945,
            -0.7414895963997853,
            0.6516714358144432,
            -0.017992804625034053,
            -0.22439083911073324,
            -0.03912001207657071,
            -0.38183335845136185,
            -0.16496362187193173,
            0.6001635043215362,
            0.39942138408145617,
            -0.00086536314062763,
            -0.5759382877977627,
            0.2754307811088534,
            0.4241678631753977,
            0.44815586831260107,
            -0.29283438432905934,
            -0.6952409463460668,
            0.00497400192392742,
            -0.2617079134686159,
            -0.405722253658671,
            -0.12043352070433858,
            -0.27038820511996686,
            -0.42872068099806804,
            0.3313102192208256,
            -0.2623890268610739,
            0.034958723617127284,
            0.6830124759649372,
            0.43178612846907155,
            0.0313048021141263,
            0.5098383329985646,
            0.6416669086475938,
            0.315698702762643,
            0.6516791359793792,
            -0.5152913915499855,
            0.13492148302211063,
            0.3636243675451152,
            0.18085208345354362,
            -0.10282882260429811,
            0.2590881158562478,
            0.14005321258757908,
            0.7496630368406519,
            0.26301348562760857,
            0.6715750868673569,
            0.09070495882197396,
            0.1046390036155909,
            0.6463104256775601,
            0.18885911723433393,
            0.17527970839933787,
            0.5837152888772839,
            0.3071762640216417,
            0.0967207977813645,
            -0.6426708872717505,
            -0.4458913296702219,
            -0.3196679795609043,
            0.8913551604381023,
            -0.3437306734846622,
            -0.04794132849100485,
            0.4959695637530305,
            0.29437998046627,
            0.4221289242569655,
            0.13324080952127174,
            0.4288031309628553,
            0.2709800622606646,
            0.35311240903909785,
            0.03526846218219367,
            0.05565902374045032,
            -0.022446659708205842,
            -0.3051743902553393,
            -0.6381749076638727,
            0.14837427436306233,
            0.3608991467906609,
            0.02247216622620832,
            0.2936636231529763,
            0.899973034863596,
            0.2325809752310994,
            0.47134475677820176,
            0.6299922071654385,
            0.39026362727619246,
            0.6998932446740338
        ],
        [
