{
    "pos": [
        [
            1.891998408320084,
            -0.10446754537862646,
            0.11736716480821865,
            0.054377385440259995,
            -0.05193958361542841,
            -0.2971596573678664,
            -0.5320982496103107,
            -0.15558596664137633,
            0.20369931869565727,
            0.16386706575212903,
            -0.2293334748558614,
            -0.3695030747685912,
            -0.31917307106825443,
            -0.24948038395603572,
            -0.347313779358213,
            0.14850682508882565,
            0.2178256388644536,
            0.04858691623004792,
            0.19807164495391175,
            -0.33719925639714,
            0.7983213581496308,
            -0.07012117881486574,
            0.2266900760714706,
            -0.216209992333575,
            0.21103830663587725,
            0.14822724890420289,
            -0.4042665483323189,
            -0.12095277627103984,
            -0.19526382354345195,
            -0.33240667122774775,
            -0.27803444696904683,
            -0.17436455332581102,
            0.06157946027002278,
            -0.4047196255425083,
            0.21350017707721158,
            -0.29363248669328573,
            0.17313538732038283,
            -0.0778224846269896,
            0.35662070508058863,
            -0.2891701409731454,
            -0.5260690898222441,
            0.6166702465261472,
            -0.041883170744536145,
            0.030097400270135216,
            -0.13498937251846882,
            -0.26885158686939725,
            0.49039266482031735,
            -0.3691952803779852,
            0.3863734171506472,
            -0.0014120846982722081,
            -0.4616939428714262,
            -0.39845054254126155,
            0.05788169164193673,
            0.3382645325349563,
            0.14249430076560718,
            0.5382014622663752,
            0.5686134842638907,
            -0.21765936236389233,
            0.17045424272039103,
            0.47202899082044214,
            -0.10949414944340356,
            -0.14192796190520202,
            -0.2586869659936447,
            -0.003126521157308882,
            -0.24588108150396992,
            0.4219481573876429,
            -0.04829004527460983,
            0.1694352702441743,
            -0.3482260851697135,
            0.27912222720581503,
            -0.01744645160478017,
            0.07535915107833605,
            -0.10845653766733619,
            0.485184474780377,
            0.32996059309546427,
            0.1318685123247793,
            0.04557833013017161,
            0.11514607115835167,
            -0.04805730551083981,
            0.4500930524512696,
            -0.2602387173233361,
            -0.32584707373039457,
            -0.10702220091923366,
            0.6181795313514504,
            -0.3894446257568635,
            0.8108292572421921,
            -0.011143498910724596,
            -0.07320673163652888,
            -0.09112576189857871,
            -0.10365830897810295,
            -0.16304920652419636,
            0.5058382937241503,
            -0.2444449472124264,
            0.6286288898915333,
            -0.32033865089498714,
            0.47715619903871004,
            -0.03690734009292667,
            0.3269062569981482,
            -0.034068252176887186,
            -0.14286519054063215
        ],
        [
            -0.10446754537862646,
            1.6450129062570213,
            -0.2488449334899081,
            -0.12514837102075707,
            0.1094651613811587,
            0.13933973866136992,
            0.5196307109185927,
            0.24157951151636103,
            0.056203939760302295,
            0.06158682406008002,
            0.33582342124623055,
            0.2991187639429472,
            0.4215295175490942,
            0.27537401920242993,
            0.2695122298838719,
            0.3050782359870055,
            0.07357148497934032,
            0.23652529099156694,
            0.5554481605000192,
            0.22800617382012803,
            -0.37834871434693995,
            0.09688157689268287,
            -0.2588251814694644,
            0.3679283724515732,
            0.19731412673983115,
            -0.1752952834147944,
            0.44111671779382977,
            0.07598290171998091,
            0.00795664127610481,
            0.1722894098723586,
            0.20980913138003865,
            -0.29811749224156964,
            0.21303654121769833,
            -0.28217509631550863,
            -0.08718330886177306,
            0.28030832490457175,
            0.0019837678852481127,
            -0.1510994628980064,
            -0.17787151374621998,
            0.41865284131098,
            0.5290926165140208,
            -0.06995162297441146,
            0.29117256732549635,
            -0.13684522783939593,
            0.25706344278837256,
            0.17250379036994754,
            -0.4247470716153236,
            -0.26575152354901144,
            -0.396446955599859,
            -0.4006875303363131,
            0.09051489444241613,
            0.39565007631341426,
            0.4116762956543119,
            0.4521686519924131,
            0.06885257725438149,
            -0.4497451095855604,
            0.24427640237009315,
            0.27123734279180356,
            -0.26705623964772707,
            0.31254784865129726,
            -0.2391382990458384,
            0.27579189846892344,
            0.5512861231638703,
            0.013167066406677622,
            0.27333132366762036,
            -0.1361920365366627,
            0.1469328904040314,
            0.006603411980192465,
            -0.21455081555606728,
            -0.13335817949845172,
            0.19439759259242084,
            0.11981605440652081,
            0.18903575431111377,
            -0.17753315694215008,
            -0.07510324901956021,
            -0.1681710890767756,
            -0.02113229659080871,
            0.30639244225118994,
            -0.1497590503688977,
            -0.3952448008467284,
            0.2542405827376262,
            0.260583739237438,
            0.4651826297398693,
            -0.23242198925585858,
            0.346984268670789,
            -0.038130774459163616,
            0.15859742561633836,
            -0.19609754724883277,
            0.33554130510673474,
            0.08950081349683775,
            0.1533671746253284,
            0.46969706266903044,
            -0.19555771817230408,
            -0.26846380491090915,
            0.549437920539698,
            -0.28583105966789196,
            0.14694880111294084,
            0.012462130337710852,
            -0.15917219953210707,
            0.3070536551031384
        ],
        [
            0.11736716480821865,
            -0.2488449334899081,
            0.5992603608785885,
            -0.03500672678059132,
            0.3931476677158296,
            0.024356080292207892,
            -0.2670480327061196,
            -0.15236399365692233,
            0.17836645178811833,
            -0.0652060319443616,
            0.07910283493902781,
            -0.15187432027846068,
            -0.14293944924499502,
            0.04441490340598853,
            0.07324790033953274,
            0.21323893811821593,
            -0.16740829754731085,
            -0.24094333502678403,
            -0.08624809918754991,
            -0.17869586129492152,
            0.13946143952380363,
            -0.2249441040126661,
            0.5120110026728805,
            -0.11222651377527074,
            0.21075199329426572,
            0.20541510879875544,
            -0.1927552968176733,
            -0.17294736462566979,
            0.020058593367039315,
            -0.1919157528695381,
            0.047249583163775484,
            -0.23451358156496138,
            -0.13787563328331595,
            0.03649563816360257,
            0.09004158658992839,
            -0.13782813704712027,
            0.1116259651637454,
            -0.29505532014737396,
            0.2724182131904249,
            -0.03204913069215153,
            -0.18780767013688401,
            0.3279397321451357,
            -0.07908176964017764,
            0.16224886055389337,
            -0.16422637716495783,
            -0.1092634705962756,
            0.6318999755160362,
            0.15229648247728755,
            0.3208210585860804,
            0.142859922601303,
            -0.03709573981201184,
            -0.24239453101659222,
            -0.43795999125708057,
            0.11050106752779279,
            0.09896012563328009,
            0.00709346566141953,
            -0.34400150092291165,
            -0.03155507732166628,
            0.323646975427405,
            -0.12522427499664426,
            0.22089249153347226,
            0.024804857425049218,
            -0.1805808645584346,
            0.09150840742324254,
            -0.12565105040515095,
            0.376364274841196,
            -0.09533654431839811,
            -0.18487105575321336,
            -0.0364805804363123,
            0.10758985766192744,
            0.3032302111735362,
            -0.0761203500511383,
            0.051852408451863057,
            0.0923590900186233,
            0.08569616953016147,
            -0.029679889416265277,
            0.07881145460145947,
            -0.029472316677592737,
            -0.1279526714994385,
            -0.14585221506988016,
            -0.00012768970536473012,
            0.050208080376340496,
            0.16313689072895332,
            0.3613881742301716,
            -0.1409681969108579,
            0.2169259316272753,
            -0.20385376392656682,
            0.2776246532317214,
            -0.07940915434618706,
            0.475696991612705,
            0.06135394817832492,
            -0.14103938634616434,
            0.4584327622429562,
            0.27048927991335925,
            -0.17109915054338543,
            0.07149016186320473,
            0.15191421394761923,
            0.3722342146204579,
            0.31135395331430604,
            -0.03486790380170962
        ],
        [
            0.054377385440259995,
            -0.12514837102075707,
            -0.03500672678059132,
            1.0829861798181541,
            0.20823832233843867,
            0.11968750221889657,
            -0.027774502231963302,
            0.09330261960410655,
            0.3234967064505841,
            -0.2652064122661905,
            0.2732694924454919,
            0.08840569658082169,
            0.2606303868158005,
            0.09875435774484476,
            0.28478330051801587,
            0.04828698184536063,
            -0.14036716464250204,
            0.17545814403216753,
            -0.11037492837420454,
            0.07410584815552784,
            0.1553841207523802,
            -0.22492050721713772,
            0.10780868383126765,
            0.13982541874973056,
            -0.18756589398639809,
            -0.16565409870632675,
            0.12945182325841043,
            0.05424638063990284,
            0.08342596295920245,
            0.14819125184419224,
            0.31931473352010875,
            -0.28092325227164927,
            0.09631619079020912,
            0.0015545433722455545,
            0.05614116591734403,
            0.23622571886940763,
            0.3707180388992587,
            0.10743599539663891,
            -0.11054637720833249,
            0.2512235774680447,
            0.18060886596365053,
            -0.00859553238273991,
            0.19422728382254636,
            -0.030349475812831192,
            0.301965312592294,
            -0.00276063944821839,
            -0.011805809835557374,
            0.17124705443530056,
            -0.09725927934786271,
            -0.12168695043292653,
            0.24040028830615892,
            0.07943230204137355,
            -0.07616844265379372,
            0.17167754191978368,
            -0.032850031607419054,
            -0.40611924187604453,
            -0.11759673351641635,
            -0.22746131808316894,
            0.18831427906952755,
            -0.03148304582674575,
            0.09034415864257116,
            0.016493413339088422,
            0.08316466996759037,
            0.1214343399982536,
            0.1841692365886693,
            0.12296391105171628,
            -0.01162314054542438,
            -0.1590228612294074,
            0.16074129054252953,
            -0.05953920649603438,
            -0.27803505801340994,
            -0.037827981720533345,
            0.15062440097215718,
            0.055804153420784104,
            0.2631494503929465,
            -0.012506112860572674,
            0.04849674308630941,
            -0.056196739644371954,
            0.00356149695338051,
            -0.012704120318638235,
            0.03538000034001839,
            0.11807958291123559,
            0.41906359843372215,
            -0.0757372049561464,
            0.1242983285933502,
            0.2162030997103993,
            -0.2789216999147697,
            0.19902896098095785,
            -0.21001814078093337,
            -0.1677040907241669,
            0.1705388802536931,
            -0.09289124796446428,
            0.3248634101580878,
            0.33407921089768894,
            0.21681794956761088,
            -0.22824264804394648,
            0.15325191747381914,
            0.1733945081798832,
            0.021690782997090943,
            0.2760935029124352
        ],
        [
            -0.05193958361542841,
            0.1094651613811587,
            0.3931476677158296,
            0.20823832233843867,
            1.0756061473415288,
            0.197102365662828,
            0.08681915651079637,
            0.12932604969785438,
            0.45051391175176825,
            -0.3812463711749039,
            0.3072400015174303,
            -0.10273318212737985,
            0.19896760112402143,
            0.10298313041151433,
            0.6180688644857293,
            0.2702058701280372,
            -0.20512852003872714,
            0.09311716133098362,
            0.09701960452111955,
            -0.04959650056409264,
            -0.292513492035436,
            -0.3717851963489632,
            0.7857962175729992,
            0.19688984067970952,
            -0.181276270932396,
            -0.02432961890090433,
            0.13560214171093937,
            0.0017725120275534252,
            0.4027282739668366,
            0.2997192356579309,
            0.5092166314645244,
            -0.08521870306049918,
            -0.14391407281701293,
            0.1292646381267629,
            0.40225635064918364,
            0.1790997398913879,
            0.4163509974396407,
            -0.0713811319976277,
            -0.037287834845923934,
            0.3718664956620565,
            0.3611737723452202,
            0.04612091193420729,
            0.2071478222220582,
            -0.039357456746922016,
            0.14056270942179433,
            -0.05934229727737875,
            0.4736626486336779,
            0.4108387324260225,
            -0.11010852867649665,
            -0.3082386371439979,
            0.5562091554802063,
            0.3811607857158418,
            -0.2359854943743958,
            0.4308298468600673,
            0.06722372013615432,
            -0.384756094233072,
            -0.08031849971427303,
            0.009199167670198046,
            0.08038997041260626,
            0.022528675116708245,
            0.11597554799100537,
            0.48281755287998807,
            0.08571233891290415,
            0.5266239707605432,
            0.21542168213904603,
            0.10549748753121962,
            0.22815095437799926,
            -0.22463330144174706,
            0.6644034714486685,
            -0.08816846916168057,
            0.07087890436097523,
            -0.31860224505418105,
            0.2592601053895095,
            -0.26806660778789915,
            0.11321842890703045,
            -0.05607126038335923,
            0.07206481108957004,
            0.24282954213079105,
            -0.06263086710635292,
            -0.13333908071472894,
            -0.13712578366004932,
            0.25325732257365535,
            0.46448361922576126,
            -0.018838533649515713,
            0.23141532478482338,
            0.19702270442362918,
            -0.4791228600337962,
            0.615490162037827,
            -0.16453522737647852,
            0.37739398620086045,
            0.3910016284267026,
            -0.05642404761606206,
            0.7068558854884274,
            0.5474637791156439,
            0.2277345633104998,
            -0.45948079703167144,
            0.5046487305991155,
            0.4257797655971725,
            0.1787941911782,
            0.2276493067635056
        ],
        [
            -0.2971596573678664,
            0.13933973866136992,
            0.024356080292207892,
            0.11968750221889657,
            0.197102365662828,
            0.8374815276045642,
            0.5830717871828249,
            0.3911332735843343,
            0.3959760199324448,
            -0.6650808173144437,
            0.6209571943749984,
            0.6867828422598696,
            0.7984075628639102,
            0.5199448475426379,
            0.5401135669346426,
            0.6999694246693166,
            -0.39229141710320525,
            0.6194408200219889,
            0.41282096975766563,
            0.5540101787468319,
            -0.24590159430052996,
            -0.3892105738515463,
            -0.043390010774516735,
            0.49993277017896093,
            -0.421854712256944,
            -0.4439931677423121,
            0.44405551527015596,
            0.16703210938967444,
            0.36680862110921325,
            0.5774593538716701,
            0.6445203091904097,
            -0.15467313199606775,
            -0.3275365313216233,
            0.37511758847009474,
            0.3123552235033954,
            0.6824210685064948,
            0.5547118125452416,
            0.09707025288188302,
            -0.43799535548367674,
            0.6988453181108689,
            0.7107314792321568,
            -0.1818637839658996,
            0.7064130810708756,
            0.07282736019851531,
            0.2303016088464072,
            0.27108711908056377,
            -0.3849451191563192,
            0.7001027681516024,
            -0.5932171938533584,
            -0.3510236676148435,
            0.45349434774787983,
            0.6048936091033216,
            0.19680982239229822,
            0.7032656697028565,
            -0.10267854015178587,
            -0.36823968101553783,
            0.2161565792467056,
            0.06759787479273077,
            0.3090512650828855,
            -0.06161419650485174,
            0.15662330799922725,
            0.5467878883162325,
            0.5651880683513063,
            0.5721120262965955,
            0.6489169884793218,
            -0.07278060800237036,
            0.6503630705705505,
            -0.22407164954278977,
            0.4743519334718732,
            -0.07263654443439851,
            -0.20353824281250757,
            -0.07066110957874018,
            0.6624941145384594,
            0.025040548563834485,
            0.2553985849465287,
            -0.17910172606259445,
            0.302756090349017,
            0.42437127010236386,
            0.10464141701665337,
            -0.4003094713476279,
            0.154901419298149,
            0.6508784091447224,
            0.6242095043555402,
            -0.44190730916145426,
            0.5071876470187813,
            0.10353094660046427,
            -0.43939623755853013,
            0.0667656522799978,
            -0.22587142300905036,
            0.05065444563603305,
            0.5160407846385107,
            0.07415133589727761,
            0.03503488108515875,
            0.007339410808673973,
            0.6470705296236313,
            -0.5016761892471384,
            0.5421627781556537,
            0.1289620376849418,
            0.022194919726369063,
            0.5936585169078848
        ],
        [
            -0.5320982496103107,
            0.5196307109185927,
            -0.2670480327061196,
            -0.027774502231963302,
            0.08681915651079637,
            0.5830717871828249,
            1.0417737589594906,
            0.4472587742678425,
            0.11629619482708627,
            -0.39477082933491703,
            0.49074945248734997,
            0.5630156351824446,
            0.6703167033093043,
            0.43355745342993174,
            0.4883729852228871,
            0.2839777709422746,
            -0.2556061241639951,
            0.6194439490603769,
            0.4233060311199065,
            0.6392402092938602,
            -0.5970436872231719,
            -0.24617023518393255,
            -0.23471478293635642,
            0.5644630635010733,
            -0.3919264719267339,
            -0.44664803041134854,
            0.6561428223337618,
            0.23462426022341323,
            0.35712640369315,
            0.8728374911022749,
            0.5326730845566584,
            0.27441739223179135,
            -0.07243823804127458,
            0.28637703754585436,
            0.2598689893171328,
            0.5527018020115329,
            0.243464593848258,
            0.2326598351565208,
            -0.5403501322957902,
            0.7378412286305285,
            0.8597261644411717,
            -0.3799033981620128,
            0.4539019596584386,
            -0.23929643824685545,
            0.3134297061869895,
            0.34029045887302195,
            -0.699075825013893,
            0.5093068896088826,
            -0.772066805719664,
            -0.5106282777925526,
            0.5742633773287367,
            0.7539160309990546,
            0.3101874106556869,
            0.3347823328616593,
            -0.10706325095669408,
            -0.47493520063744066,
            0.5186688630774956,
            0.31293421986580694,
            -0.13978698288986122,
            0.22380118882748437,
            -0.20160001071135086,
            0.6147171357119734,
            0.6767959316598972,
            0.38550686802539424,
            0.649520660483998,
            -0.29946042256564104,
            0.6060644805316611,
            0.006694623400952934,
            0.6726175133020564,
            -0.1257523216336106,
            0.04697785438211255,
            -0.020420906976430186,
            0.37645747455873163,
            -0.23559407260572005,
            0.10505986013522636,
            -0.2363913549323173,
            0.15216794187215463,
            0.4636170511807462,
            0.019690122512197143,
            -0.12600462365156817,
            0.10855190027151372,
            0.48815618251214155,
            0.4431612927265071,
            -0.6671921246647402,
            0.6260372469111779,
            -0.23780703630871763,
            -0.33046620610732014,
            -0.1276471172597126,
            -0.046525672194393464,
            -0.08933539102979099,
            0.4321358898810075,
            0.2580660059115852,
            -0.22301100965758835,
            -0.21969117501803775,
            0.6814839252855898,
            -0.7329576565777056,
            0.4082922242706695,
            -0.07028117910810162,
            -0.1381770503661738,
            0.43113601923348205
        ],
        [
            -0.15558596664137633,
            0.24157951151636103,
            -0.15236399365692233,
            0.09330261960410655,
            0.12932604969785438,
            0.3911332735843343,
            0.4472587742678425,
            0.5383046521541037,
            0.29175027515314494,
            -0.3319997957533456,
            0.3296946215711257,
            0.3070575420400931,
            0.47358061374812116,
            0.24184075439912922,
            0.3909005690246468,
            0.23478645369593767,
            -0.14947716313056916,
            0.47155051975979106,
            0.31466040411476315,
            0.42438715814819183,
            -0.31347692349050404,
            -0.07242570233493723,
            -0.09704693086265634,
            0.34473635975185946,
            -0.41395018380226895,
            -0.4010599479848865,
            0.3670955883173694,
            0.16582478209394094,
            0.3665539990826165,
            0.5718649391832863,
            0.4048746630651121,
            0.21146371622764595,
            -0.08635771362099755,
            0.2011873361718677,
            0.40138328583718896,
            0.4438581815679792,
            0.2218467982653748,
            0.20482815608988592,
            -0.389486769027886,
            0.3973399573137471,
            0.5331985192187857,
            -0.1551385930327003,
            0.4533661113540966,
            -0.07964199780407662,
            0.1306361567143885,
            0.07174821033499539,
            -0.43622404395557196,
            0.21808103658655983,
            -0.46913930759407185,
            -0.18916008841364298,
            0.34495691229465136,
            0.5187375922596,
            0.3894689104015731,
            0.2225864007242466,
            -0.07324039106601574,
            -0.055558509640739794,
            0.4815385355119682,
            0.15264241223047745,
            0.07466713876997587,
            0.020198758701245878,
            -0.1293871534413738,
            0.552046409614487,
            0.4809599131653166,
            0.40025744359641474,
            0.4612117657543999,
            -0.16887205723469134,
            0.486253532418752,
            -0.08669746329846856,
            0.48925319021992403,
            -0.09873286900734578,
            -0.12321652247719124,
            -0.14817151557507258,
            0.3709216655546973,
            0.05836334522806416,
            0.05044317721925963,
            -0.09255234838974825,
            0.1205724812693123,
            0.3443109598473525,
            0.10430371096658733,
            0.038176922124551996,
            0.04367469746509481,
            0.3209641267644932,
            0.38861590894175074,
            -0.47386800687254876,
            0.39692268259824803,
            -0.040848598726093005,
            -0.23472594087954357,
            -0.005893880674441868,
            -0.09782524078082167,
            -0.1356073775409166,
            0.34789015487603353,
            0.214689830324072,
            -0.15855658050782157,
            0.029655273309511117,
            0.42537211664898855,
            -0.13715511295994348,
            0.3938504479288279,
            0.00017463366636334438,
            -0.0983948754936044,
            0.3613638023629187
        ],
        [
            0.20369931869565727,
            0.056203939760302295,
            0.17836645178811833,
            0.3234967064505841,
            0.45051391175176825,
            0.3959760199324448,
            0.11629619482708627,
            0.29175027515314494,
            0.8382468024288159,
            -0.5167804832929483,
            0.3707056056505026,
            0.15036217638766042,
            0.4152217555339868,
            0.2705658504417524,
            0.47051475508980917,
            0.38946902818943707,
            -0.4413243303872033,
            0.22439400808514232,
            0.32140537783146683,
            0.2216557314527523,
            -0.11987344880393862,
            -0.05231069883672591,
            0.33604350751150996,
            0.34979102658035244,
            -0.24671877841771003,
            -0.16354941547278184,
            0.09122731912390983,
            -0.07114735652270227,
            0.2578776758612841,
            0.3192138616821476,
            0.47877276559989385,
            -0.14490905099796975,
            -0.2210179604446526,
            0.1434046860795778,
            0.32398170043219426,
            0.37795873442286015,
            0.5383811393241232,
            0.04500199005111444,
            -0.15457792898616604,
            0.44190186058199443,
            0.4098500341637909,
            0.06425406097038837,
            0.3821055096568693,
            0.06768133110141764,
            0.20188472808338212,
            0.004944725178030618,
            0.14239516057451668,
            0.4670851005058638,
            -0.2090655021712454,
            -0.29017467789954854,
            0.30425171530112904,
            0.27282710907983687,
            0.1600748324500156,
            0.43110488378788403,
            0.008230210378028482,
            -0.2630909251866503,
            0.22357655081822306,
            -0.1768951063486679,
            0.08421092090776512,
            -0.08284707143239799,
            0.06703493917225366,
            0.45164158392187487,
            0.30900770015914863,
            0.5252419918968021,
            0.30647982431729787,
            0.10425622556537187,
            0.45348282562113384,
            -0.21389296033776967,
            0.35315530368396614,
            -0.15688782645353333,
            -0.24078566769889068,
            -0.2936833385745759,
            0.4964000678280188,
            0.007868556247603707,
            0.26367385878298727,
            -0.26740017727242466,
            0.19694329502379937,
            0.3900353882728627,
            0.24667734054914867,
            -0.1819136894926223,
            0.020759792557038408,
            0.2942336695519333,
            0.6321340447544747,
            -0.0976142618143718,
            0.26990283516152325,
            0.19874654294256158,
            -0.43382145428372804,
            0.3584486023714065,
            -0.16168982492824716,
            0.06230765796603973,
            0.42985923411424737,
            0.35115413187460626,
            0.23025334200170322,
            0.26988459153656386,
            0.2934123709894973,
            -0.20905804710930515,
            0.5393870123650237,
            0.18679737612401937,
            0.06371120303373803,
            0.3808911767494103
        ],
        [
            0.16386706575212903,
            0.06158682406008002,
            -0.0652060319443616,
            -0.2652064122661905,
            -0.3812463711749039,
            -0.6650808173144437,
            -0.39477082933491703,
            -0.3319997957533456,
            -0.5167804832929483,
            1.2844668099816605,
            -0.5606378300812513,
            -0.45054348608720896,
            -0.7074020893261235,
            -0.45199679383710867,
            -0.7479817725150882,
            -0.4498190069132793,
            0.3499877189468238,
            -0.45101471806581495,
            -0.4211081226795151,
            -0.36961687498181056,
            0.029310355192524697,
            1.0658109696717581,
            -0.1509253495676765,
            -0.43103575266407035,
            0.6941523403738913,
            0.36793839323860306,
            -0.35340101707232835,
            -0.35209746426512545,
            -0.6579677646382557,
            -0.6444998509460926,
            -0.6960845402990417,
            0.022765080256620236,
            0.36035897298204506,
            -0.33748148202997036,
            -0.39659883825368947,
            -0.6325744378347706,
            -0.6416015471114068,
            -0.24465336520485714,
            0.3836289103759453,
            -0.6980158581596245,
            -0.6586180422467185,
            0.3999600884279749,
            -0.5470261110074836,
            -0.036813074928773094,
            -0.30444227409330604,
            -0.18881312986588833,
            0.1445549995692148,
            -0.6390758736601424,
            0.5605960698118425,
            0.10200185550245769,
            -0.5813971657036183,
            -0.49901127541590073,
            0.014281821516879512,
            -0.6260029138701273,
            0.1374856368913095,
            0.33864203554669525,
            -0.40361192159393605,
            0.36407764364926415,
            -0.2456115119538783,
            0.17587279212807475,
            -0.33949898009333035,
            -0.588848510490297,
            -0.4545199829857645,
            -0.6683371360049847,
            -0.5761686172137079,
            0.20216426970941087,
            -0.5874535237808779,
            0.21580995535565606,
            -0.7174495716514623,
            0.2781599319086941,
            0.6159823579241381,
            -0.019863408055806244,
            -0.6929267675698267,
            0.1542081337897658,
            -0.17187834613113834,
            0.031205697657228085,
            -0.318044639988676,
            -0.4223616374357846,
            -0.2558140542892017,
            0.41083118681739117,
            -0.03474772804454382,
            -0.41837827466876565,
            -0.7009041763299304,
            0.3624629900579743,
            -0.396664570881853,
            -0.2212052373861259,
            0.8996088271907343,
            -0.3860686843053413,
            0.3137131397479322,
            -0.02613543107874694,
            -0.562829566915699,
            0.07595359446725242,
            -0.279377861395816,
            -0.16672843908166418,
            -0.5685112815076445,
            0.19327438369872915,
            -0.5738152740143653,
            -0.132502886123366,
            -0.013731215864000876,
            -0.5464970067048655
        ],
        [
            -0.2293334748558614,
            0.33582342124623055,
            0.07910283493902781,
            0.2732694924454919,
            0.3072400015174303,
            0.6209571943749984,
            0.49074945248734997,
            0.3296946215711257,
            0.3707056056505026,
            -0.5606378300812513,
            0.7699644873283076,
            0.6280788931136457,
            0.6489310953070464,
            0.4943845371781805,
            0.6597523918402537,
            0.52067903086408,
            -0.22888958974411927,
            0.40757512171476934,
            0.3610845586069082,
            0.5289107680602974,
            -0.32487696768147684,
            -0.4737404199701162,
            -0.0803129351990156,
            0.46001315781371,
            -0.21746862246835072,
            -0.2963298099150432,
            0.4382042418785986,
            0.2914637033226165,
            0.30799403804417474,
            0.43702043208762886,
            0.5612730503260026,
            -0.2637230689709665,
            -0.11322710717732011,
            0.31659053999747394,
            0.1645862539751175,
            0.4964399645985881,
            0.3800764892490748,
            -0.08239288551241222,
            -0.24870132542184561,
            0.6095570463141812,
            0.5923246325199427,
            -0.13022329546589234,
            0.6740600060008265,
            0.07791057278107044,
            0.15108196778916377,
            0.2502837487313751,
            -0.3442027228653359,
            0.5720612121634205,
            -0.4409387410963205,
            -0.2987293355720011,
            0.33103810442935555,
            0.34729275847578706,
            0.19957400569277264,
            0.7018212997348322,
            -0.049001635437456885,
            -0.31183059488612386,
            0.11723287314510725,
            0.10172112617549703,
            0.1458044251889063,
            0.1156729850226992,
            0.12324540267996138,
            0.44427858010378257,
            0.5191315823827526,
            0.3996999542273615,
            0.4905173959721428,
            -0.0497677845987032,
            0.39021973442712665,
            -0.14174664173115817,
            0.2075659351532734,
            -0.12514565531030286,
            0.02656304981526336,
            -0.012204051242422421,
            0.5691075835541785,
            0.05138841554379412,
            0.2553829863693294,
            -0.11755986310975144,
            0.20033554556790759,
            0.2839635645328715,
            0.11884376394231938,
            -0.37968324713322815,
            0.3113777012382398,
            0.5981378943048715,
            0.6363732738871695,
            -0.26819808115925187,
            0.37235863099850514,
            0.18162800279312316,
            -0.48844060811791495,
            0.22452814215812236,
            -0.1562655939126187,
            0.0892310013238349,
            0.5233144752489318,
            0.07303948363799574,
            0.059244206257709674,
            -0.07266679115803723,
            0.5650672129884565,
            -0.2838369682021488,
            0.4921511508907135,
            -0.008370970574902112,
            0.026206062169179648,
            0.5269579131222261
        ],
        [
            -0.3695030747685912,
            0.2991187639429472,
            -0.15187432027846068,
            0.08840569658082169,
            -0.10273318212737985,
            0.6867828422598696,
            0.5630156351824446,
            0.3070575420400931,
            0.15036217638766042,
            -0.45054348608720896,
            0.6280788931136457,
            0.9056486858174558,
            0.716664213561637,
            0.5055157039244782,
            0.33669396998423323,
            0.58261124258399,
            -0.19196615250277943,
            0.4443142345549682,
            0.3919044571943689,
            0.625241924877919,
            -0.3707296734377453,
            -0.4428366466284303,
            -0.47570456799660493,
            0.5300376051086305,
            -0.21058958883839018,
            -0.38759434700386214,
            0.4315286916358222,
            0.24403266723974973,
            0.09707140122170234,
            0.41991747443232025,
            0.39834138140470016,
            -0.18164849203105038,
            -0.15883018917933237,
            0.36163897155569774,
            0.11266937150386358,
            0.5601490370386227,
            0.1882605286276783,
            0.034713786172389655,
            -0.3194759442803931,
            0.48123798585567384,
            0.49029348308056514,
            -0.3015814556747247,
            0.6324265253456731,
            0.18274876863450298,
            0.09013872363823756,
            0.3136370284939538,
            -0.6218645676441031,
            0.6476826035413393,
            -0.5109853118304543,
            -0.2533639785267644,
            0.08687222033641916,
            0.379135029599377,
            0.526290793189702,
            0.5393394520132049,
            -0.0714142381353405,
            -0.21028060411629945,
            0.10621282690391763,
            0.18226133688981974,
            0.12966696510296674,
            0.11519454257215518,
            0.15005704880324253,
            0.24810641019440852,
            0.5003594113083901,
            0.3054126447325823,
            0.5250465738177836,
            -0.14689263658380522,
            0.4141769364311406,
            -0.09439567871152078,
            -0.021036114263556602,
            -0.06557704044984344,
            -0.015172383456928064,
            0.004850305464856841,
            0.5884617719212277,
            0.10306094623618223,
            0.17156417353309633,
            -0.13025389012463615,
            0.2114435603796188,
            0.19200991022847697,
            0.26207496204101643,
            -0.4394131492135167,
            0.3403590153540451,
            0.6488805074158345,
            0.3731035603376069,
            -0.29332867763709475,
            0.35801124069128615,
            0.04889727067269897,
            -0.23606731815201845,
            -0.1078297448372476,
            -0.21601405425515524,
            -0.08386856130661972,
            0.4218389501890604,
            -0.1056462345078435,
            -0.2371394954938144,
            -0.3320559541227136,
            0.5962553723843392,
            -0.26936435776806733,
            0.2667300119895292,
            -0.11172549983205171,
            -0.046644516036087096,
            0.5416768886737375
        ],
        [
            -0.31917307106825443,
            0.4215295175490942,
            -0.14293944924499502,
            0.2606303868158005,
