{
    "pos": [
        [
            0.7888755204964656,
            0.5384515654559582,
            -0.16449633218066695,
            0.12561240732520484,
            -0.2548429884117504,
            0.7486213398118973,
            -0.079969737477151,
            0.022823134577872092,
            0.20515421478069154,
            0.49602453417914855,
            0.10127685863402082,
            0.5816893013451606,
            0.5825463892979729,
            0.38625280468355727,
            0.10514822512021224,
            0.6483998377058152,
            -0.180777206977791,
            0.46122859092543345,
            0.7046965781359568,
            0.41478561292816346,
            0.1613074077633913,
            0.48087280846523783,
            -0.35174809190662504,
            0.6520666464665732,
            0.3114939058056142,
            0.03500097685894925,
            0.17737841469920604,
            -0.024067098270259015,
            -0.211703023482684,
            0.5415814423626093,
            0.3695203299454065,
            0.0749329131457077,
            0.00402544296105352,
            0.5542990254884881,
            0.47853525594614554,
            0.7010398771241095,
            -0.20590200613986917,
            -0.31845492154968363,
            -0.010808941598278773,
            0.14822390028487187,
            -0.3725232219215749,
            -0.1182225513442564,
            -0.42022483548769174,
            -0.2925115371877062,
            0.500316000469808,
            -0.011795096985693667,
            0.15703505549388902,
            0.60941700045454,
            0.6059741549641686,
            0.3425296443393864,
            0.16953505307221672,
            0.28466363358315355,
            0.6302077037006445,
            0.7397809489705176,
            -0.44152290745661904,
            0.4764761710627133,
            0.6204388914117194,
            -0.06776242642208553,
            -0.05362518575271439,
            0.08539671171189372,
            0.17415175982062578,
            0.5985597303774043,
            0.09266598813051509,
            0.6739504089719843,
            0.021701337351494925,
            0.048865892808190106,
            0.7387865888396096,
            0.3803324385847541,
            0.4895975825512238,
            0.6822709185105135,
            0.743573823631003,
            0.02935029858048981,
            -0.4954681050748076,
            -0.7071691401907237,
            -0.2510020544341819,
            0.5487675727557297,
            -0.3572919599494195,
            -0.1074328306649821,
            0.33715321875350734,
            0.21302144394058778,
            0.6817589087279565,
            0.1597859051012514,
            0.5790183478478166,
            0.09769988525360487,
            0.6417549716436297,
            -0.14183679462461674,
            0.3464317375281038,
            0.36950919210026845,
            0.042670577085153205,
            -0.5767435490243739,
            0.13159217487111868,
            0.559576981438723,
            0.24518260696758212,
            0.2933828620257167,
            0.3791120006528143,
            0.2802135758587869,
            0.16112405038602845,
            0.6641862452607308,
            0.6880534174865514,
            0.7487494308545329
        ],
        [
            0.5384515654559582,
            0.7713737002023774,
            0.1017513644084322,
            0.1230070641220181,
            -0.11373222022032609,
            0.5077680144099994,
            0.023184785922874446,
            0.01733500816338356,
            0.5014268567707691,
            0.3375424093721421,
            0.271886669540084,
            0.3627075262503097,
            0.4309440781848917,
            0.2730842226465768,
            0.055176480890815845,
            0.39509366805067564,
            -0.18067292463981868,
            0.2579075225471662,
            0.7743181881468154,
            0.4128023579184408,
            -0.046621908655435015,
            0.28532986134709987,
            -0.47401591359542056,
            0.3322924279260169,
            0.12532977693527225,
            0.24401241494232773,
            0.0853331141873052,
            -0.2556888740186107,
            -0.034477713891309686,
            0.2566812262432287,
            0.18009490662988323,
            0.10189905793761597,
            -0.2959351206967166,
            0.5105430467916425,
            0.4605550890344015,
            0.5807046300920251,
            0.09604398970474376,
            -0.31690835351260116,
            -0.008649300209019021,
            -0.006131454585569974,
            -0.08761957299541905,
            -0.13210015504409844,
            -0.31674118455794525,
            -0.2147947746448257,
            0.35530461843150285,
            0.05359893824518232,
            0.2790398084849602,
            0.4274667477090551,
            0.24816019229155642,
            0.3825451775777897,
            -0.018040461648451207,
            0.17172416861103085,
            0.48805835645186585,
            0.5518247664553568,
            -0.391449084146171,
            0.33476389709590026,
            0.40728425754867253,
            -0.0862415112270252,
            -0.10787644955848823,
            0.07719136356477177,
            0.1241266841958802,
            0.4136652227678437,
            0.040952647046887,
            0.41680400905067305,
            -0.04943311894439702,
            -0.03137178766316805,
            0.6713633742612506,
            0.07693623490880878,
            0.4713676120815093,
            0.5033574528340811,
            0.637852431942828,
            -0.1894549284992235,
            -0.4395477846027285,
            -0.6296365535156425,
            -0.24531645924588089,
            0.351159004329366,
            -0.0495321418888955,
            -0.08966040171043421,
            0.30174489540785204,
            0.07963283428422535,
            0.5814474423315619,
            0.14079775801798067,
            0.38128209417124076,
            0.18455662072516504,
            0.533240837761979,
            -0.188624208900004,
            0.44822778912522665,
            0.3468548432393416,
            0.04998462928061459,
            -0.16581366817168736,
            0.21152316795673373,
            0.21766325157335856,
            0.18756707597050898,
            0.30542070705738805,
            0.1503374629360667,
            0.3105077020858675,
            0.35853266652809795,
            0.30119935977382034,
            0.4946696614413844,
            0.4446162771722107
        ],
        [
            -0.16449633218066695,
            0.1017513644084322,
            1.311331916981431,
            -0.07581194125642048,
            0.18942194037996696,
            -0.3013949653076987,
            0.1528554297193598,
            0.6194348413271521,
            0.3817608765076146,
            -0.04217207335817141,
            0.5940427498768314,
            -0.3172164230349277,
            -0.11733798161437799,
            0.3345897240542172,
            -0.05927336326394432,
            -0.5468106960009878,
            -0.02283753338975855,
            -0.5538548115543691,
            0.5856239113611473,
            -0.38073977263303654,
            -0.2098146621185053,
            0.07870151319549377,
            0.7812691001374725,
            -0.40019016275671127,
            0.20999671502855763,
            0.57695920179178,
            0.018377025189657892,
            0.2983866957660326,
            0.422324456148934,
            0.1798069138893663,
            0.17085559163207817,
            -0.17744659867373921,
            0.3681194625861657,
            0.223566411511563,
            0.07452862373343291,
            -0.04781006952113743,
            0.8093508318983418,
            0.4868849661843101,
            0.21480880114312018,
            0.14493572350164147,
            0.4262300748307095,
            -0.05101580758125199,
            0.2295023418161609,
            0.1596780145518037,
            0.017071711690888686,
            0.49344648112051026,
            0.33383103947206755,
            -0.12019058778709092,
            -0.23848114388376881,
            0.05344000578090023,
            -0.09689333040078908,
            -0.12561436292574255,
            -0.10900763077050166,
            -0.16163736481879348,
            0.0793284897255153,
            0.04756801125346205,
            -0.16942328108435636,
            0.05537782546002859,
            0.0018812511888300243,
            0.18971778063594602,
            0.040510435646223135,
            -0.4648251074807776,
            -0.18729375830581707,
            -0.5437556579677945,
            0.04446212030641704,
            0.018127993520199833,
            0.005619932909478751,
            -0.037258910472405135,
            0.14491328796951092,
            -0.2187692029539102,
            0.22630488529190382,
            -0.2484788401249179,
            0.3349267306047878,
            0.09473789832705513,
            -0.24312065371961708,
            -0.39312352211876517,
            0.20461261545892565,
            0.1659338491837842,
            -0.37326449653175053,
            0.09568203978386511,
            -0.07074615847991622,
            0.01848694453299211,
            -0.22415347637814265,
            0.33980570143394906,
            -0.017752339252385067,
            0.18466900476777418,
            0.15998936388106358,
            0.37081556922173287,
            0.372581047770638,
            0.08632492243397837,
            -0.3788876727105178,
            -0.8866343182571217,
            -0.08335583631985084,
            0.3167861298592275,
            -0.2454517163148231,
            0.1823190061398248,
            0.47301959166967417,
            -0.31029710660288645,
            -0.3943592733482227,
            -0.28407507075461963
        ],
        [
            0.12561240732520484,
            0.1230070641220181,
            -0.07581194125642048,
            0.6382395493103752,
            -0.21427554419561545,
            0.1351103692190489,
            0.013334449539149308,
            -0.029895853722928602,
            0.17792905579049798,
            -0.11493097782450214,
            0.37222292363132764,
            0.21976960797875772,
            0.26612467443211996,
            -0.4505441125156409,
            -0.37391891696588725,
            0.22403555704781244,
            0.003567712162583037,
            0.26584686824830056,
            0.05725090864301513,
            0.20934261133601237,
            0.14923982607376446,
            -0.359432092180107,
            -0.32160941037686697,
            0.3302896178758634,
            -0.343816445498074,
            -0.19472794394949675,
            -0.21805907852374895,
            -0.3957539719625256,
            -0.09870632573062908,
            0.28888252349854454,
            -0.08504409907008674,
            0.16248844787904834,
            -0.4074073651189932,
            0.08062740866208251,
            0.16029689217730128,
            0.12636757138640803,
            -0.14647351269697492,
            -0.40757642718384757,
            -0.1998697824927096,
            -0.2644600248216338,
            -0.23375396130206622,
            0.15726750447316018,
            -0.2064993246805939,
            0.13736235878537775,
            0.026703474763446266,
            -0.20944776655404646,
            0.1349689900530989,
            0.16924456753772218,
            -0.017240872025664444,
            -0.17726359572684686,
            0.06443072000259827,
            0.21480330700547887,
            0.10083436327911986,
            0.18859680041279386,
            0.059244007687380765,
            -0.24313359133461723,
            -0.19421554238705813,
            -0.05806577137061719,
            -0.05780363276423299,
            -0.2299431436245833,
            0.015420207851257256,
            0.25071248448808015,
            0.1141232146873597,
            0.4048584729257453,
            0.15122416618019457,
            0.17189384105923483,
            0.07906869030901408,
            -0.2699515743687806,
            0.025161331596139872,
            0.2412566325867077,
            -0.18940537762266055,
            0.2544279582894992,
            -0.060873581516890325,
            -0.04429010916439512,
            0.0270482651598448,
            0.1318406135990406,
            0.09313462930479126,
            -0.18966693463211892,
            0.3577488919657736,
            0.11232688239679794,
            0.06454476028099218,
            0.05087603882751679,
            0.27944857313337584,
            0.07028594552893332,
            0.027127815357450426,
            0.3007178332852333,
            -0.07961808566856153,
            -0.45369957951450074,
            -0.2954229820446344,
            -0.14275420986036097,
            0.35066701934464667,
            0.0655386139431167,
            -0.17412334646992172,
            -0.3050412450746157,
            -0.13852616736844642,
            0.34791500951537485,
            0.2270717534258408,
            0.0501111896798703,
            0.07322600060658925,
            0.28608062239036863
        ],
        [
            -0.2548429884117504,
            -0.11373222022032609,
            0.18942194037996696,
            -0.21427554419561545,
            0.5329384872740396,
            -0.3056030241039174,
            0.19976743415163423,
            0.31906484125924556,
            -0.155180254015825,
            -0.28703424444107983,
            0.005512598247381901,
            -0.2140337610432499,
            -0.28626479685326284,
            -0.22535439874265392,
            -0.10616038090230595,
            -0.266399850586059,
            -0.0346757647498609,
            -0.07985704544019233,
            -0.27030802741545795,
            -0.4027603722368047,
            0.004291223361656149,
            0.11864358050060521,
            0.593875530832298,
            -0.286052763403942,
            -0.24258668751452042,
            0.08320039837526927,
            -0.028588799175138617,
            0.35925389698250665,
            0.15056827020292432,
            -0.48082349624939796,
            -0.2180088790644168,
            -0.1400354188072033,
            0.38858760624412503,
            -0.16704404627092242,
            -0.12168043831341337,
            -0.21697308566761944,
            0.23687739041876843,
            0.2948973745300453,
            0.07825060447053589,
            0.08591534075192496,
            0.4499385884057648,
            -0.04062643409458976,
            0.1689679350255372,
            0.1504009575608651,
            -0.04635277671047778,
            -0.23525221572048508,
            -0.014723229925760289,
            -0.13859740499503775,
            -0.006334471353170968,
            0.0627034110830831,
            -0.4041628669650731,
            -0.3968705424523789,
            -0.13122104699797235,
            -0.2818343301181127,
            0.03137718437075469,
            -0.08366461213122489,
            -0.36327238835732606,
            0.07438160191364608,
            0.005121626048342049,
            0.27774677161931716,
            -0.06465403937471026,
            -0.10088220839916674,
            -0.07650586161463017,
            -0.3286825193692327,
            -0.12942255245570966,
            -0.14354235275295396,
            -0.11870397790110467,
            0.11170575654709396,
            -0.03499116480745971,
            -0.28289683743218236,
            -0.27221130162290647,
            -0.06373682774755926,
            0.2742964635934096,
            0.31589437615241367,
            -0.42796185283441385,
            -0.054891810203391476,
            0.05445103823283027,
            0.24954026040292174,
            -0.46240691222212726,
            -0.2964263100874053,
            -0.21388134975709786,
            -0.1243809193842912,
            -0.24469832638212116,
            -0.08159548665282358,
            -0.19147485927087435,
            -0.06770926977602534,
            -0.051342297804488624,
            -0.03053786970254977,
            -0.07455632875114764,
            0.1539620006586407,
            -0.0337746970966868,
            -0.23167636787996224,
            0.026743031471685316,
            0.09087791338997829,
            0.017015357093581176,
            -0.10086946096652899,
            0.15352662373839318,
            -0.26345191042312804,
            -0.23965023465525026,
            -0.39409705192797456
        ],
        [
            0.7486213398118973,
            0.5077680144099994,
            -0.3013949653076987,
            0.1351103692190489,
            -0.3056030241039174,
            1.1626208599509353,
            0.10215803424870007,
            -0.06194124663800398,
            0.23905785482411357,
            0.6466150948814615,
            -0.0261142433800616,
            0.6794453961939315,
            0.9279933254839966,
            0.38510452279801344,
            0.10924425675141004,
            0.6647315259865464,
            -0.13766811145275992,
            0.5906948636433225,
            0.6868578344116064,
            0.5026593287304584,
            0.054129287922347,
            0.5487251258165613,
            -0.6483891309997273,
            0.7628378171337272,
            0.21726956052521507,
            0.1429881182842589,
            0.15768751168127804,
            -0.29391717031631,
            -0.16025733147878438,
            0.5151914767753789,
            0.3809137597754645,
            -0.05705326766019053,
            -0.3269031035670439,
            0.47660692437967067,
            0.714547344362188,
            0.790508440240789,
            -0.16467223580899934,
            -0.3966585987472144,
            0.023137700525661928,
            0.056589107122400666,
            -0.46047002166032663,
            -0.19467761574988196,
            -0.4248087087821133,
            -0.35531244698443337,
            0.622738166786714,
            0.15380201217841186,
            0.11679251841343101,
            0.6423271391145171,
            0.4972908138481737,
            0.3970233993725676,
            0.26450817420350525,
            0.6063598951200951,
            0.7165323803923218,
            0.8173295819913515,
            -0.3935882733793931,
            0.42323517375483044,
            0.7040815329866108,
            -0.12121561435200082,
            -0.08308902765004728,
            0.05279238179789331,
            0.27208048453237443,
            0.7774767711332636,
            0.26512483021871114,
            0.7791946542401423,
            0.028123343292197577,
            0.05357596200398485,
            0.9265601826675182,
            0.2542985619639132,
            0.5132277826115434,
            0.7239527556803748,
            0.9211756303570765,
            0.005554018920679762,
            -0.705912016347633,
            -0.8183882364584326,
            0.05231947018390924,
            0.638263792832522,
            -0.2915652959620754,
            -0.014239580428322136,
            0.4302185751537584,
            0.11690646190222082,
            0.7759056325079918,
            0.16257854423798196,
            0.5704685527787458,
            0.23110809480186514,
            0.7939489085499081,
            -0.24580197789705766,
            0.48149109854619976,
            0.42325601024590287,
            0.06376276639500031,
            -0.5781045920164555,
            0.05113165115124719,
            0.7895755009011904,
            0.23903719710072352,
            0.36820766869366894,
            0.5063439217754323,
            0.11574779543401706,
            0.21779263846683625,
            0.6803988101412268,
            0.776558550008206,
            0.82446012019086
        ],
        [
            -0.079969737477151,
            0.023184785922874446,
            0.1528554297193598,
            0.013334449539149308,
            0.19976743415163423,
            0.10215803424870007,
            0.6183409092100474,
            -0.035738842708787584,
            0.2951601404137623,
            -0.1194876678044104,
            0.07442111876369835,
            0.16999159052821483,
            0.2294324154781213,
            -0.29806037406603814,
            -0.2415735949563163,
            0.030767247615591777,
            0.09528241114900887,
            0.06420652827841067,
            0.015919284667591328,
            -0.08329773652278696,
            -0.06398772241038869,
            0.0024561277142201377,
            -0.13681347834665633,
            0.0451880899210651,
            -0.1829664532069444,
            0.016253712691954216,
            -0.05701151610647209,
            -0.21458212384168052,
            0.09669557683908965,
            -0.06590097794533313,
            0.060691040624295985,
            -0.07591776604855623,
            -0.28634011391684455,
            -0.06369006360911601,
            0.14733338563175943,
            -0.01865134795907043,
            0.179593635603955,
            -0.16516638020422858,
            0.034643569668552254,
            -0.2642885281017861,
            0.1856595779870178,
            -0.06086274220619525,
            0.06081053746817438,
            0.10831844108215975,
            0.10388707421104049,
            -0.27085473566639523,
            0.15259028237542802,
            -0.09681277690866015,
            -0.20860503344940096,
            0.03127141653295257,
            -0.05549982897807653,
            0.18762410959061238,
            -0.12126041726050492,
            -0.07498629321991421,
            -0.052603665594977096,
            -0.1607965018384269,
            -0.35370859778555025,
            -0.054155590011453474,
            0.003973336979341761,
            0.06957327941841804,
            -0.14441745283359186,
            0.24714579094867475,
            0.18368463253543496,
            0.03710429332969085,
            -0.09509780299254539,
            -0.11307507484999656,
            0.2067004623785257,
            -0.01433568866400135,
            -0.02923993688893024,
            0.005486300440858578,
            -0.04185847514912092,
            -0.24971358169066263,
            -0.06272035864191201,
            0.009335482297412547,
            -0.23173378119796692,
            0.03381652742551417,
            0.08123697899422626,
            0.20931864184617455,
            -0.057793182446859985,
            -0.043801882066713635,
            0.05386400291502614,
            -0.05204771337404884,
            -0.14359829222430492,
            0.16342884628280824,
            -0.03762403871973276,
            -0.07859457683001757,
            0.24502583503309186,
            -0.07141389014978099,
            -0.07840448073363067,
            -0.106655772480947,
            0.09057750286467424,
            -0.13262968514586568,
            -0.1164165891815933,
            0.05908493741253218,
            0.13198510163338756,
            0.0004642275409150935,
            0.4486687469847816,
            -0.07045165153255613,
            -0.0069608733194310626,
            -0.02655651093430887
        ],
        [
            0.022823134577872092,
            0.01733500816338356,
            0.6194348413271521,
            -0.029895853722928602,
            0.31906484125924556,
            -0.06194124663800398,
            -0.035738842708787584,
            1.2796751693238937,
            -0.2885474160748439,
            -0.09064750543416665,
            0.6804542700351478,
            -0.30428455474405613,
            -0.18665507448961008,
            0.039966001414536316,
            -0.03759569020946549,
            -0.36766821534130145,
            -0.24911028169116922,
            -0.14556449202679314,
            0.1637576786823792,
            -0.49837673027307205,
            0.0953712559327917,
            0.15825315338662363,
            1.5891505885291093,
            -0.24214076492128603,
            -0.2765585335956064,
            0.12469126001742614,
            0.015508606160501854,
            1.0472231052705228,
            -0.04752004128220587,
            -0.20127688012528377,
            -0.21799165746002377,
            -0.227357497897168,
            1.371463519044961,
            0.14096021249899315,
            -0.23002337277777002,
            -0.04236266886320483,
            0.14502913483326613,
            0.7111119123868267,
            -0.05124264457439205,
            0.7637788788582706,
            0.31706268706314894,
            -0.07709374211030898,
            -0.04574954084751682,
            0.2393682907595625,
            0.08433868416358996,
            0.26303165705270715,
            0.07967758103719678,
            -0.06029369733122159,
            0.42141431207722685,
            0.016586256375568445,
            -0.4344311363437896,
            -0.4051112145364412,
            0.11485674449863685,
            -0.05986498469384429,
            0.3482927906625873,
            -0.08613584451645545,
            -0.22635257608834422,
            0.2386472188772691,
            0.07991854763102439,
            0.34388030478878917,
            0.18289919278847047,
            -0.0755445124211597,
            -0.32953931432861455,
            -0.2664294961018274,
            -0.0832649349018123,
            -0.0807674897621202,
            -0.06843254353398139,
            0.1579904482120073,
            0.3834514381141743,
            -0.2295957210157857,
            0.032769965287889925,
            -0.03559181004959614,
            0.6418186440099519,
            0.2721281347487313,
            -0.4696411148689714,
            -0.07892300090507673,
            0.2027019856419412,
            -0.06057313295897209,
            -0.578067694633175,
            -0.1849491870466731,
            -0.13490508446435548,
            -0.051442320787431745,
            -0.1179822742337776,
            0.058964070819225174,
            -0.08296146525158632,
            0.028044210853379613,
            0.31069987968456453,
            -0.06595783762136737,
            -0.11805131445049685,
            0.16480199906512044,
            -0.15914823416273757,
            -0.1582709891691549,
            -0.19837374419934034,
            0.024657268858134435,
            -0.10429904181866245,
            0.3161425919249125,
            0.45801672540073385,
            -0.07864951396043852,
            -0.13278376694696897,
            -0.17522164683225946
        ],
        [
            0.20515421478069154,
            0.5014268567707691,
            0.3817608765076146,
            0.17792905579049798,
            -0.155180254015825,
            0.23905785482411357,
            0.2951601404137623,
            -0.2885474160748439,
            1.2623569286125043,
            0.22321780659986434,
            0.694812495937562,
            0.19216719295129397,
            0.5157523906293159,
            0.08768380855991273,
            -0.3628974600095999,
            0.040708593780847714,
            0.05540634214641503,
            -0.024833002022529485,
            0.5678754986621092,
            0.27902932025065313,
            -0.36404881777819437,
            -0.006599092809833093,
            -0.7247240506988832,
            0.06848697317520941,
            -0.006807711171827775,
            0.3191048762271535,
            -0.08633914327723888,
            -0.6628701470623719,
            0.2932449816835675,
            0.35360846989939626,
            0.07870591492297212,
            0.14559956865396526,
            -0.7729847540364202,
            0.3153162968968733,
            0.4938990556502692,
            0.2649767973053251,
            0.42171868269982277,
            -0.33502812063757526,
            0.12687673761950236,
            -0.42471846912565786,
            0.06635963611249462,
            -0.0085516006297957,
            -0.08341570999891722,
            -0.19803474362637727,
            0.00025394674814870565,
            0.2022778012755278,
            0.5936970251676571,
            0.08727735212621865,
            -0.2068996470588071,
            0.08608181152263451,
            0.2795908054838856,
            0.44021729465126386,
            0.12437338754016335,
            0.28174217969960513,
            -0.18005940147636065,
            0.06454713691843467,
            -0.04726288428528018,
            -0.17791665986189814,
            0.023756440651474486,
            0.10289708307248159,
            -0.11843135752067686,
            0.18000006255754492,
            0.054449911251876405,
            0.14835069536982418,
            -0.07950392043095202,
            -0.08261612424748599,
            0.3526771814644608,
            -0.20896536601754775,
            0.2651005360552394,
            0.30974563327256527,
            0.3176660335417782,
            -0.5188596848724556,
            -0.39788557895139853,
            -0.3349019811116454,
            -0.07163242921298806,
            -0.03030790529210055,
            0.09963974501740332,
            0.008470735593386814,
            0.11315462667635208,
            0.54044209559594,
            0.4167760114551146,
            0.041667559793568024,
            0.09136627361803636,
            0.49511890704655215,
            0.38896641003369,
            0.15110229440080214,
            0.44037481976250237,
            0.07917894429970555,
            0.07892704441087561,
            -0.10504874018851273,
            0.13739249443188467,
            -0.3334876835895175,
            -0.04841270789130833,
            0.19883231453429023,
            0.02154214791027111,
            0.07855542846701147,
            0.39485422485198557,
            0.09197012392879408,
            0.15840450215684984,
            0.16229350759339686
        ],
        [
            0.49602453417914855,
            0.3375424093721421,
            -0.04217207335817141,
            -0.11493097782450214,
            -0.28703424444107983,
            0.6466150948814615,
            -0.1194876678044104,
            -0.09064750543416665,
            0.22321780659986434,
            0.6850921251062582,
            -0.1901086787021289,
            0.2860083711583318,
            0.4850990694224502,
            0.7431059938799112,
            0.37363453337062086,
            0.32316540089821294,
            -0.10241198083037106,
            0.14063374408118398,
            0.5007968200512746,
            0.2645473576025888,
            -0.10029758607514666,
            0.5955755961169441,
            -0.26048010944281497,
            0.3458601589964678,
            0.4608323888014232,
            0.2513597817201723,
            0.2567747669005824,
            0.03142249284770999,
            -0.09873906016282114,
            0.23895169984141323,
            0.25459363212544905,
            -0.11970798120745059,
            0.030103731813972922,
            0.3596291588576739,
            0.4072053871342793,
            0.49540467689347195,
            -0.04934165439971246,
            -0.06630337186591363,
            0.06631156824787005,
            0.23887289957537597,
            -0.3071727170721294,
            -0.1662490156214902,
            -0.22764312047950552,
            -0.33570601931847627,
            0.24449779133995708,
            0.404659470128017,
            -0.10097803642445535,
            0.4643759799071463,
            0.3651827768104965,
            0.3071826824789515,
            0.32023140781224557,
            0.39578209845086615,
            0.39399857089499557,
            0.5167461023908603,
            -0.2988983227239453,
            0.5536843103662126,
            0.720646741412443,
            -0.052685298387846746,
            0.015016961109853628,
            0.1441069916766525,
            0.22778889396769864,
            0.2372139272999444,
            -0.07545012268551968,
            0.294553941877109,
            -0.022095548394051128,
            -0.005705326482929164,
            0.4999141138737055,
            0.28867008999224747,
            0.2603874355110558,
            0.3770049406152364,
            0.7657230286029932,
            -0.25810530343441773,
            -0.3791486209041615,
            -0.4798915055696141,
            0.2494856176028236,
            0.28733132689950597,
            -0.23744638782964575,
            -0.06957285022391453,
            0.36993075625006944,
            0.1683219466249324,
            0.5542773477976394,
            0.10561659708470168,
            0.34360214451904236,
            0.029535257434429273,
            0.5283454912595275,
            -0.1208353666429281,
            0.38139779021558495,
            0.6112667778499822,
            0.30158605929471577,
            -0.459272523117614,
            -0.029784070592198224,
            0.4907748678345024,
            0.23056010421442052,
            0.40773988503875147,
            0.40663573630458166,
            0.11474621172051434,
            -0.22813457686187705,
            0.4544372263442273,
            0.5317018978046664,
            0.45695763451944343
        ],
        [
            0.10127685863402082,
            0.271886669540084,
            0.5940427498768314,
            0.37222292363132764,
            0.005512598247381901,
            -0.0261142433800616,
            0.07442111876369835,
            0.6804542700351478,
            0.694812495937562,
            -0.1901086787021289,
            2.1575116953265856,
            0.02371247985776716,
            0.014909018436132118,
            -0.3273987758312944,
            -0.5898103810696236,
            -0.4697617142291093,
            -0.11559349072218071,
            -0.13709756143038587,
            0.5761464815339425,
            -0.2982865196497344,
            -0.28846279662652224,
            -0.38198305838073043,
            0.42222230048668274,
            -0.10705422302875388,
            -0.5929832963775068,
            0.0029939363598524295,
            -0.2403473132024364,
            0.11900403154503311,
            0.1853928235366687,
            0.2773302668328713,
            -0.11879021159713357,
            0.15177856380595703,
            0.21493598619421295,
            0.3341333892861079,
            -0.022744461361448195,
            0.0060114522121853115,
            0.25663710342591123,
            0.11790384486333677,
            0.021802604686205828,
            0.1840042482150486,
            0.23685349996532895,
            0.21325489655076385,
            -0.01959182064280683,
            -0.17108723094932374,
            -0.13250103947370087,
            -0.03354967089879905,
            1.0244019842826275,
            -0.02230966379709317,
            0.00339089768429198,
            -0.33850193603949424,
            -0.09154649704546808,
            0.05674878566719977,
            0.03057449413960224,
            0.05021300833688064,
            0.17768699151155995,
            -0.3204921656264267,
            -0.49860380083637995,
            0.008646377653845953,
            0.1848769120161487,
            0.395633139546926,
            -0.2628960339805315,
            0.23023304835510738,
            -0.086646710968855,
            0.008518588665808279,
            0.008406753875778135,
            0.03470885695051592,
            -0.07081667386205216,
            -0.2676157618887354,
            0.48505961899928146,
            0.03298498299548966,
            -0.08898792715773801,
            -0.359137366913794,
            0.19481279287789757,
            -0.1485923922544,
            -0.19650499030801755,
            -0.01442901473298637,
            0.369580931919035,
            -0.20693973074114375,
            -0.5180292560562566,
            0.42899370846758617,
            -0.10806657878144021,
            -0.10425001437954082,
            -0.1853330998843613,
            0.6568567911539982,
            0.06581293109666227,
            0.6605479380719467,
            0.5404896152227182,
            -0.5064353653491217,
            -0.3694016286025705,
            0.5447854177791028,
            -0.17273691189520027,
            -0.5344424692058847,
            -0.41078144323005644,
            -0.06397981932382517,
            -0.1117711349230009,
            0.4513189339705108,
            1.244755946291814,
            0.019385669218491657,
            -0.16664603716460327,
            -0.07367413298711209
        ],
        [
            0.5816893013451606,
            0.3627075262503097,
            -0.3172164230349277,
            0.21976960797875772,
            -0.2140337610432499,
            0.6794453961939315,
            0.16999159052821483,
            -0.30428455474405613,
            0.19216719295129397,
            0.2860083711583318,
            0.02371247985776716,
            0.8747484298382976,
            0.6765142391769108,
            -0.10765347391004389,
            -0.21851295558151837,
            0.5749844063044158,
            -0.012841611041683068,
            0.5632849691248579,
            0.46086149480984134,
            0.5683091450527844,
            0.18525817989491558,
            0.1411558649134941,
            -0.7275367679049473,
            0.6266713149100364,
            0.025304779797078677,
            -0.1952339087010766,
            0.08020498690914872,
            -0.3407551681808825,
            -0.10700185840460774,
            0.651316429481732,
            0.41141630127817075,
            0.12307792999700239,
            -0.518757783512459,
            0.2645392450520485,
            0.466347529353334,
            0.4215293870635768,
            -0.3240794343527827,
            -0.6006913050984026,
            0.037218759851696225,
            -0.19323865728241976,
            -0.3816077431794286,
            -0.16324323319329284,
            -0.24466336698096913,
            -0.3003799719383767,
            0.38703853326602583,
            -0.23700144635744833,
            0.12061035242607249,
            0.6135867003211581,
            0.37366427646358163,
            0.0631307249219895,
            0.3545314866300669,
            0.587270989196619,
            0.28555016354526025,
            0.5640311598240417,
            -0.42762928284835183,
            0.14955258484459477,
            0.33103169308314095,
            -0.15178624359249634,
            -0.1368874292447837,
            0.18736131883294943,
            0.0852484190532808,
            0.8380042447655818,
            0.2898573609670838,
            0.6787613237242844,
            0.07163155426324899,
            0.08622646487246578,
            0.6500174773941453,
            0.17897372214827895,
            0.23752324227851265,
            0.5591775839482539,
            0.3728364755153645,
            0.09113453826532757,
            -0.6049979015581907,
            -0.5476753835846493,
            -0.17986871591493078,
            0.7324330931592805,
            -0.30977794625229355,
            0.016888673653431063,
            0.44047100486651714,
            0.3425835480902263,
            0.4425560909508016,
            0.09843965528246244,
            0.33226949360867847,
            0.29627362457486817,
            0.3980658134610865,
            -0.15914910740764682,
            0.17323901520939702,
            0.07504344730403564,
            -0.20104223016692477,
            -0.4931079986689658,
            0.21204554101121748,
            0.45241009134491916,
            0.006385584908390502,
            0.21135184294623152,
            0.6787655553631196,
            0.23686059879461335,
            0.46270684213602936,
            0.6509522004403588,
            0.3785948636340162,
            0.622587694632288
        ],
        [
            0.5825463892979729,
            0.4309440781848917,
