{
    "fast": [
        [
            1.375687352746999,
            1.1789675498665415,
            -0.6597698813914696,
            0.3869775201029661,
            -0.6261195402696739,
            0.9988724084807066,
            0.4845988637531185,
            0.665061315283067,
            0.03532410078540014,
            1.0574705966112004,
            0.16601732886996626,
            0.8135169165612959,
            1.0398915681812613,
            -0.3278799117456701,
            -0.5884317958516873,
            0.9044798213306012,
            -0.6231017291836075,
            1.0685841492836976,
            0.3936700027034744,
            0.30501218008875725,
            0.2286661853059591,
            0.12092348204169391,
            -0.15465802496748574,
            1.0147288631045863,
            -0.12325564515482751,
            0.271809966354698,
            0.1260675540737586,
            -0.0960457773512437,
            -0.04021946217220593,
            0.6192885130821254,
            0.17342394990579452,
            0.04651611609566985,
            0.008941108685047139,
            1.133114695447734,
            1.296122511027295,
            1.1554713780853711,
            -0.6082082948356305,
            -0.4902363839889076,
            -0.16860898385014175,
            0.06461819093602697,
            -0.47457361303538764,
            -0.45221130099050433,
            -0.8668848363785918,
            -1.1071757026945692,
            0.8397926864454539,
            0.14940235474448468,
            0.21646813715250132,
            0.9004815436665798,
            0.9440458241289235,
            0.29779830950162084,
            0.4724108436585899,
            0.5193050275819976,
            1.0582957693461115,
            1.0912638757398916,
            0.12042423766699559,
            0.5459458155205232,
            0.37993379117624687,
            0.3482793050346148,
            -0.4390054604460981,
            -0.04677567996050218,
            0.6286671487500752,
            0.4486616672127,
            0.8599736007767887,
            1.034643322878409,
            -0.4645743948610306,
            -0.47249625874145257,
            0.9173097137772512,
            -0.2193933745502481,
            0.7473881991910888,
            1.172337284693662,
            0.9447446068671072,
            -0.21172621721454718,
            -0.3050560335915177,
            -0.7944315460113339,
            -0.6562662100395867,
            1.154552796811963,
            -0.18369864273779787,
            -0.7850586656797363,
            -0.29561729223602295,
            0.42569914247253976,
            1.152654892681726,
            0.6437574075163163,
            0.6734670378755573,
            0.28279612090653916,
            0.9036737439779732,
            -0.33570850764632726,
            0.27544547427609073,
            -0.21098148102374945,
            -0.42463728085025193,
            -0.6085698539467657,
            0.6008595778681474,
            -0.0658220891186859,
            -0.26160616932033603,
            -0.2215141767527321,
            1.0065533124795814,
            0.43540010840326493,
            0.18952875256699706,
            1.1180317108854532,
            1.0430437714183687,
            1.159640498267257
        ],
        [
            1.1789675498665415,
            1.6347014313038368,
            -0.9045775102941527,
            0.3331914842140976,
            -0.662098076267257,
            0.9312032319436319,
            0.43214264200655306,
            0.6112999845083417,
            -0.1830268009286739,
            0.8865281803381069,
            -0.11291040571689942,
            0.7006284621411429,
            0.9043259106822099,
            -0.5328847914130037,
            -0.7413651120040748,
            1.0217906117737514,
            -0.884863942347284,
            1.123434276326824,
            0.0815017740269122,
            0.4347895830932764,
            0.14996248789484729,
            0.17239833170148142,
            -0.004772337709433773,
            1.0912022548593145,
            -0.15141808922617467,
            0.02806424395282096,
            -0.0073423327605826195,
            0.07316941384699072,
            -0.13306239255769556,
            0.5934184601372575,
            -0.15731016360017525,
            0.21617075844572867,
            0.16870664929241677,
            1.1521267322245576,
            1.2354664584139818,
            1.1518001184141353,
            -0.8792741021616106,
            -0.35565395536851585,
            -0.48137277668618506,
            0.24340418002346673,
            -0.3946681670869796,
            -0.4791622705220283,
            -1.0588642740197598,
            -0.9054062675494052,
            0.8624905677619567,
            0.10779867004471255,
            0.1291969011165962,
            0.7611468479543381,
            1.0347590205926556,
            0.22775109557127435,
            0.3357156341799055,
            0.4121841072671099,
            1.1526133888276358,
            1.1193302734065087,
            -0.05319229423726988,
            0.34779161853010265,
            0.3950754885093343,
            0.37113814260926326,
            -0.3237684229167129,
            -0.28203821563474313,
            0.688617375227716,
            0.2879425215449132,
            0.8782515930975195,
            1.0947575703884886,
            -0.27274952502708555,
            -0.2778659697645736,
            0.8933155211028804,
            -0.3958930156960171,
            0.8423427191963874,
            1.2312428761837175,
            0.7563167395411985,
            -0.500332504356599,
            -0.11530605653759979,
            -0.5200604919930925,
            -0.30977840843653226,
            0.9586020050499042,
            -0.005733544167798554,
            -0.9836476719898396,
            -0.6883829107763084,
            0.45317439198744064,
            1.0970044104151964,
            0.9020409470239656,
            0.9024004487523968,
            0.11395042438385111,
            0.9038612946795319,
            -0.5887230768267127,
            0.46575432298215785,
            -0.33570619227269194,
            -0.6558153238658733,
            -0.6393616251732933,
            0.9337381495852273,
            0.2579016820898018,
            -0.29429554344708064,
            -0.6733157834959246,
            0.571736834065543,
            0.5629631279192912,
            0.18744192497970152,
            1.0252492834270157,
            0.9644060601509905,
            1.0856197771047549
        ],
        [
            -0.6597698813914696,
            -0.9045775102941527,
            1.3323413561837252,
            0.1682683751492891,
            0.8348590282810773,
            -0.5217526048772361,
            -0.25188226523488944,
            -0.547763149954291,
            0.23838382690797133,
            -0.6876966279999174,
            0.5608472764537697,
            -0.567968539824392,
            -0.4435350705576142,
            0.06431582621820113,
            0.22391153224897664,
            -0.8570763984434381,
            0.9796922267427526,
            -0.4417068140546195,
            -0.09699430575411759,
            -0.44975943370434956,
            0.050205136691750765,
            -0.29292986345272776,
            0.17539067728584967,
            -0.8532830047514701,
            -0.2028684878756142,
            -0.026892421895145128,
            0.04013436854175057,
            -0.009809188989393758,
            0.46413554527362333,
            -0.3049639516470105,
            -0.4522131612678183,
            -0.3762649914808173,
            -0.13325143333706052,
            -0.3135359097839331,
            -0.5164281302588184,
            -0.7412786352640566,
            0.8808106720909409,
            0.27034035379728377,
            0.379175263932125,
            -0.14041618305776501,
            0.5389240945748115,
            0.2460269796006046,
            0.6157234820660511,
            0.6096944210624137,
            -0.5950524624858626,
            -0.20430987595436034,
            -0.24928826684077945,
            -0.6307732987326213,
            -0.6794551401253139,
            -0.2915221693835802,
            -0.30426021719669255,
            -0.7537981133679476,
            -0.7583038105962397,
            -0.8053426046486782,
            -0.3847035262076656,
            -0.3663025514832685,
            -0.12292032871123372,
            -0.14522403470995462,
            -0.12272879551045815,
            0.42680038019926175,
            -0.6481402268342061,
            -0.2542741334411988,
            -0.21069691541865204,
            -0.8047710748354697,
            -0.06325899055291011,
            -0.051916633469943844,
            -0.6267107376766727,
            0.08661971743315147,
            -0.5121925588014917,
            -0.7357675623557033,
            -0.7320293319484309,
            0.17977741105182635,
            -0.1630145480958332,
            0.4406027188956501,
            0.15885653739164657,
            -0.5686095954026299,
            -0.008626374767962587,
            0.7220718058372846,
            -0.06117015071166802,
            -0.4942704422144662,
            -0.7231071121977952,
            -0.7626666804137838,
            -0.7068933992223521,
            0.1704072454569503,
            -0.42228561603798326,
            0.09466115673283829,
            -0.5100687608914111,
            -0.018081863777218786,
            -0.0072377032804214585,
            0.8276496840375059,
            -0.5849620928149931,
            -0.40518440760224966,
            0.175318684753288,
            0.29450248195626794,
            -0.4014157265724612,
            -0.5403134533277479,
            0.2743736700630723,
            -0.6731586535633745,
            -0.6869392873094622,
            -0.7362947167820777
        ],
        [
            0.3869775201029661,
            0.3331914842140976,
            0.1682683751492891,
            0.6740616175420344,
            -0.13688148736713118,
            0.2868037772278144,
            0.0320064362762765,
            0.006161142331301474,
            0.005382612413436009,
            -0.03115981888572634,
            0.503318016371219,
            0.5241024454343708,
            0.2834690341875918,
            -0.1877494750137047,
            -0.22724139120979986,
            0.3945044848045012,
            0.09923855920843035,
            0.46391518804420223,
            -0.04579280107020041,
            0.07789311901579034,
            0.16830373768195278,
            0.17651774846399812,
            -0.21805447614586018,
            0.30466138859055364,
            -0.18878538119467167,
            -0.33147507577373575,
            -0.23896245532355062,
            -0.31265505863086873,
            -0.30237105775730483,
            0.18033880417855683,
            0.01892594123157557,
            0.08590986738627227,
            -0.2299628914814081,
            0.6350624002353936,
            0.3922987386189319,
            0.4219408000260439,
            -0.27382240711795347,
            -0.43618512311271457,
            -0.43353605268646855,
            -0.2611064218622358,
            -0.2516680979974321,
            -0.2741649916743037,
            -0.5231994661822873,
            -0.2645417854752964,
            0.23973244702748495,
            -0.14866567465847805,
            -0.19952538113948148,
            0.3217898839480406,
            0.18966646618929145,
            -0.02097001565081756,
            0.09726731152396288,
            0.17595273384020538,
            0.2766785371826856,
            0.3552800652125729,
            0.2696659646033389,
            0.021190899938731297,
            0.2040002117822419,
            0.014399327445682333,
            -0.03365027683494801,
            -0.3254311578326513,
            0.061973283884176125,
            -0.04963770947086394,
            0.3917066113907005,
            0.35653959857861084,
            -0.05629302146138401,
            -0.06433325441521504,
            0.2613432831489896,
            -0.21351722884388438,
            0.09349600126113108,
            0.4866918383057604,
            0.31189684830202635,
            0.008863057927625137,
            -0.15714577556322365,
            -0.22119211698169178,
            0.019933717900526893,
            0.3027627670347564,
            -0.29291192336119243,
            -0.4566250265384564,
            -0.24288549967791984,
            -0.06574339628434865,
            0.3544220154306973,
            0.17204638495747118,
            0.3791256267489731,
            -0.20315404217884112,
            0.36809944649372756,
            -0.2507085374424676,
            -0.07305602202360524,
            -0.1817750503786892,
            -0.5758277240831183,
            -0.10565480090357579,
            0.2336323096491309,
            -0.06113567839798241,
            -0.11070832580430671,
            -0.549053747146268,
            0.11300857738525888,
            0.1759854679939127,
            -0.05106924196733351,
            0.22581591133585313,
            0.42748571470411195,
            0.33912225265445334
        ],
        [
            -0.6261195402696739,
            -0.662098076267257,
            0.8348590282810773,
            -0.13688148736713118,
            1.3218638708443586,
            -0.7494121483173032,
            -0.4463648931047271,
            -0.210650085339573,
            0.1103193042831697,
            -0.32465245691422234,
            0.13261971099609776,
            -0.7771367781541418,
            -0.6239477660584346,
            0.1285323393006206,
            0.3693968319302197,
            -0.836948600793718,
            0.6258922579727858,
            -0.3993840962526132,
            -0.44246122282582695,
            -0.3650281042191451,
            -0.18030039685186186,
            -0.0023358396705906465,
            0.5463894813662504,
            -0.8764889766162768,
            -0.11284701837256746,
            0.413026564408925,
            0.3023956359197719,
            0.4547647313101661,
            0.4925727012059956,
            -0.37807938240941963,
            -0.38986818179543986,
            -0.5257177534580875,
            0.3167643821673405,
            -0.5815721032843242,
            -0.37263338915155264,
            -0.7392153897364301,
            0.7270954179006415,
            0.7252892396097379,
            0.4932345595055339,
            0.23447093777762681,
            1.1398374544428835,
            0.36450908551279,
            0.9322576028255761,
            0.5391875766398997,
            -0.34585716289863266,
            0.34473033638336,
            -0.5512491901534553,
            -0.7020235011627407,
            -0.4430612746934129,
            0.030792096005481336,
            -0.5061493055678727,
            -0.6797712991127025,
            -0.7105423421960604,
            -0.8727075822064523,
            -0.05145765004442355,
            0.02236664486648556,
            -0.3878210813041624,
            0.024585073408425376,
            -0.16423099115416062,
            0.8078114222068531,
            -0.4835727587352805,
            -0.42294384983286926,
            -0.173126095780934,
            -0.8870567627822226,
            0.03263442255144751,
            0.038436050164578385,
            -0.6164841690303416,
            0.21373765258268354,
            -0.3047993491963125,
            -0.8546974218303935,
            -0.9065920427740027,
            0.07228608906140331,
            0.32588056957107026,
            0.6642478464264212,
            -0.04457731498641276,
            -0.5087894072468144,
            0.03667507697464313,
            1.0753927140692618,
            -0.338605570615288,
            -0.5126323328756645,
            -0.8201696770779827,
            -0.798123572956762,
            -0.6340298946275177,
            0.45116042279239105,
            -0.4510489232306879,
            0.5294141253135175,
            -0.4083021333237774,
            0.31095091532381947,
            0.3904411321982223,
            0.4977995085571703,
            -0.358928205462929,
            -0.3968784311443524,
            0.4127580603241738,
            0.6913299210625393,
            -0.31838598839143295,
            -0.4625243907747133,
            0.47704085777274324,
            -0.7666693602496101,
            -0.742096985097759,
            -0.7892540231246521
        ],
        [
            0.9988724084807066,
            0.9312032319436319,
            -0.5217526048772361,
            0.2868037772278144,
            -0.7494121483173032,
            1.1441655263835429,
            0.4349146619756929,
            0.48343008155212824,
            0.13293345972060738,
            0.7138923728424363,
            0.22211513027589055,
            0.6315336560458873,
            0.9924023232879496,
            -0.347281091120822,
            -0.4412357933906927,
            0.9317028958762434,
            -0.7001174767298495,
            0.8972006580779206,
            0.6017923110720046,
            0.39217306910637445,
            0.20784950435554786,
            0.2391019091533776,
            -0.3733970250515431,
            0.8129760971486789,
            -0.05267799616258041,
            -0.07633786306079336,
            -0.06412949383319143,
            -0.2700689781641627,
            -0.22811414625073587,
            0.47523571715858604,
            0.17726359011424808,
            0.023373770384979047,
            -0.19670133827600728,
            1.0634696473579668,
            1.0131315055787053,
            1.0375559513915107,
            -0.424230112299238,
            -0.6582093648094374,
            -0.3456656253365179,
            -0.04975101749334226,
            -0.648406966535368,
            -0.3749720903753804,
            -1.0084307604472202,
            -0.9079587268082228,
            0.6727891198056469,
            -0.19525296574976586,
            0.31933076276964034,
            0.9055606571175279,
            0.705914145048691,
            0.245859742520321,
            0.5118114919735742,
            0.24117060097032691,
            1.0880547098218478,
            1.011854634494909,
            0.020860854602726558,
            0.2800543844492747,
            0.5628885613217963,
            0.0948776525846134,
            -0.4070544648670695,
            -0.27540881033849,
            0.5823528046240584,
            0.5260543594933529,
            0.41771936159204226,
            0.9684204402848667,
            -0.5477488785261226,
            -0.5413250326096326,
            0.8732517738386656,
            -0.25280988266872456,
            0.5070212657154322,
            1.0152776434671609,
            0.8783094235962008,
            -0.2974434918835788,
            -0.17186169193963607,
            -0.8988274878228849,
            -0.36929955817874,
            0.8322058743848322,
            0.10524510197521411,
            -0.8143140902846666,
            -0.0719075884365556,
            0.6015004920923265,
            1.011676067975515,
            0.6245900250575739,
            0.6361977360839116,
            -0.04775440718128557,
            0.7309113673394727,
            -0.466172162501638,
            0.277519901667554,
            -0.33523386217272316,
            -0.539806791075405,
            -0.5168481410359469,
            0.5106578158007258,
            0.2333387370997122,
            -0.1841846867088166,
            -0.40535523240211246,
            0.6767186276737175,
            0.5604086935440188,
            0.05629260688192734,
            1.029887290133523,
            1.0315061547298356,
            1.0346978273802818
        ],
        [
            0.4845988637531185,
            0.43214264200655306,
            -0.25188226523488944,
            0.0320064362762765,
            -0.4463648931047271,
            0.4349146619756929,
            1.29240274051052,
            -0.008582175948894561,
            0.23814366602320342,
            0.6616049618805457,
            -0.6221526384912196,
            0.5269636253745638,
            0.661374897017673,
            -0.3987694818273376,
            -0.6706627653651995,
            0.6138406573521289,
            -0.34049233967092823,
            0.7426364279216768,
            0.4851554154240438,
            0.41023824246979085,
            -0.05719111331594563,
            -0.3890113936085213,
            -0.595049708434504,
            0.917040180091639,
            -0.4544713456665134,
            -0.05893707467073578,
            -0.3442911385003493,
            -0.4941524603362125,
            0.25659196754651925,
            0.3265851140801404,
            0.3515496882447022,
            0.03389263492298022,
            -0.4932603987061164,
            0.17726768763428485,
            0.7812865097944361,
            0.2888835826087864,
            -0.3420040368032543,
            -0.8104569393297949,
            -0.17262141670533784,
            -0.3409852255690029,
            -0.7259716528225968,
            0.0917584976635913,
            -0.4790476958213843,
            -0.32927351480783423,
            0.093058008385064,
            -0.373538741978688,
            0.5824071341284462,
            0.33354786449859325,
            0.24818503435619524,
            0.03967389302686514,
            0.622133573259913,
            0.6347729015863565,
            0.4453731414949911,
            0.46317419373510255,
            -0.11668746107146435,
            -0.1905350726599321,
            -0.10329738101931553,
            -0.03590022700930765,
            -0.309212729016722,
            0.10674144172437064,
            0.29900419583641047,
            0.4424937099208161,
            0.4697600374949584,
            0.4640648039457259,
            -0.06038444425397567,
            -0.09569535825652095,
            0.33046504378110203,
            -0.6932050444169765,
            -0.09617555977504616,
            0.5016290575823092,
            0.4240441294137371,
            -0.03826481406044164,
            -0.877373797291329,
            -0.35696473844548104,
            0.04753132057998059,
            0.9454532258906918,
            0.2196838925999989,
            -0.6011473390784368,
            0.42195612256839704,
            0.5197095568341776,
            0.2269411375839376,
            0.6520585276203144,
            0.0809854815793192,
            0.3333974896661652,
            0.3823962486175915,
            -0.16965726047723764,
            -0.056372142710021854,
            -0.6321095393065923,
            -0.5387208128041195,
            -0.2736375897472342,
            0.3420233756010654,
            0.44459387608798717,
            -0.33371090733859554,
            -0.36546807840305273,
            0.9259043653667514,
            -0.02539193430737341,
            -0.10950981827056495,
            0.7161480596254636,
            0.32638469560252376,
            0.5433497127916722
        ],
        [
            0.665061315283067,
            0.6112999845083417,
            -0.547763149954291,
            0.006161142331301474,
            -0.210650085339573,
            0.48343008155212824,
            -0.008582175948894561,
            1.3564903756026292,
            -0.1145437049015735,
            0.8875199791650047,
            0.2127601000517273,
            0.5170580180401365,
            0.3605642540045947,
            -0.0007692122053787154,
            0.027413170796575823,
            0.22529692268925264,
            -0.9525652608512823,
            0.4335645963828382,
            0.3946981007135397,
            0.45808789910140923,
            -0.14797459402956387,
            0.25089237001603265,
            0.7321325358487246,
            0.20951084679674897,
            0.0994538809937505,
            0.43805874200488104,
            0.43425633030682914,
            0.8470371200629552,
            0.018864400188957322,
            0.09877595358806027,
            0.1524885846290251,
            -0.15961056990434508,
            0.8428298583521778,
            0.5157182698446315,
            0.6034518663595979,
            0.48027193424921366,
            -0.4028153024272602,
            0.5190205620704443,
            0.16743545709598737,
            0.8897305795045563,
            -0.00039032524147195773,
            -0.3449272132127035,
            -0.18077941228553557,
            -0.4785178180950785,
            0.7937006268366649,
            0.718619088297217,
            0.17117568698891528,
            0.32261110365539236,
            0.9187583484110803,
            0.002319821497543519,
            0.4010364585976944,
            0.18925061517082079,
            0.7868132067406787,
            0.4381344557978562,
            0.002085730082423625,
            0.47089964683720703,
            -0.21888824528032305,
            0.4736993277698964,
            -0.05062052390839118,
            0.41043383267695044,
            0.20749410648881836,
            -0.029963461579141974,
            0.304583536369623,
            0.4379984691278475,
            -0.4843239549148523,
            -0.46942570324562527,
            0.42249320107243143,
            0.26096791459707047,
            0.5999036774710551,
            0.5010008969987593,
            0.3647602337149877,
            -0.31986475771833267,
            0.5172858125787678,
            -0.335221252530558,
            0.023139835283796668,
            0.33424009026815643,
            -0.176169575095534,
            -0.22132626633087032,
            0.03837569774511221,
            0.2511891897267568,
            0.5667370186759634,
            -0.1185026188135884,
            0.22806457017645979,
            0.24644396628094642,
            0.2961098789095824,
            -0.37308285738911456,
            0.49723021225810626,
            0.16461821333851212,
            0.18331456192586748,
            -0.4118610873729554,
            0.20634332816604412,
            0.3552499966318878,
            -0.10340339589096724,
            0.4302586644135376,
            0.5153092820220118,
            0.7181978195195234,
            0.19716977304417033,
            0.5488107796914922,
            0.3867095555698221,
            0.3338040409865699
        ],
        [
            0.03532410078540014,
            -0.1830268009286739,
            0.23838382690797133,
            0.005382612413436009,
            0.1103193042831697,
            0.13293345972060738,
            0.23814366602320342,
            -0.1145437049015735,
            0.46033458343629025,
            0.08710535858280326,
            0.18539797547565906,
            -0.09374060935412684,
            0.15416373516291748,
            0.04991469773632897,
            0.033436130481228406,
            0.034297892220878916,
            0.11317395720616502,
            0.0692131500556121,
            0.3282907926027823,
            0.15078488309664578,
            0.02199789175988182,
            -0.1522674567190656,
            -0.17051626771516562,
            0.1063215552425792,
            -0.08216794644898923,
            0.10455983574185504,
            -0.03252640530825162,
            -0.152024454555859,
            0.020052005751100815,
            -0.002106319034308355,
            0.2855254817092328,
            -0.2512243851327441,
            -0.1952130443273935,
            0.03944767297987247,
            0.15742572796252977,
            -0.009180377806355257,
            0.10539281468124584,
            -0.27367512754945794,
            0.02270411378691995,
            -0.11417027740115197,
            -0.08237423264558771,
            0.21481457656290898,
            -0.09651469680723782,
            -0.0018017847900386945,
            0.001978842174527766,
            -0.15994453373292114,
            -0.10454363771443859,
            0.08025510240920054,
            -0.05557064335879565,
            0.2847410700747108,
            0.2472521914286096,
            0.11436163980873226,
            0.01866420439325913,
            0.018323661525248638,
            0.21394448319401255,
            -0.08955692567789593,
            0.17914412914475286,
            -0.0977490013585604,
            -0.22452175728854393,
            0.2528714208780897,
            -0.023027619506398166,
            -0.12716339629669265,
            -0.03621169753133351,
            -0.0704982777346215,
            -0.10837969844053211,
            -0.1210986040944801,
            0.07771888369169376,
            -0.13833316555511385,
            -0.13709811927142018,
            0.01589579367430934,
            0.013338920873286477,
            0.12885774402177738,
            -0.41490708110336716,
            -0.2527642728825104,
            -0.2600356545025325,
            0.10642220636333637,
            0.15326354461668076,
            0.0064346561169026685,
            0.4528047570861945,
            0.0956095152766338,
            0.00939489235106978,
            0.02120433939640533,
            -0.14512683236493715,
            0.08141225062639085,
            -0.010840301671442405,
            0.19398375225815312,
            -0.04429111317178465,
            -0.12073773905646114,
            -0.1144641115114804,
            0.045849817562249255,
            -0.35783345078178685,
            0.012933694145537232,
            0.1439032372418331,
            0.08288254066604424,
            0.1897025094566571,
            -0.13276868163225947,
            -0.026719423016011615,
            0.05531867461573177,
            0.1902175117595636,
            0.16559264756974096
        ],
        [
            1.0574705966112004,
            0.8865281803381069,
            -0.6876966279999174,
            -0.03115981888572634,
            -0.32465245691422234,
            0.7138923728424363,
            0.6616049618805457,
            0.8875199791650047,
            0.08710535858280326,
            1.2976720955941698,
            -0.26961167162607663,
            0.6242273361469264,
            0.86019790773633,
            -0.14546273669620255,
            -0.3793731367836825,
            0.6409366324832209,
            -0.8100523274160089,
            0.9135905792495581,
            0.5440319464183782,
            0.4181595542221857,
            -0.0028744313924277762,
            -0.024390354755663902,
            -0.009869777537090807,
            0.7805379077760466,
            -0.10934713357167017,
            0.6245404788693255,
            0.3631426015701427,
            0.140551957517756,
            0.38226541654719287,
            0.4664016541262142,
            0.37293716518525655,
            -0.07947647625989278,
            0.1918215652655589,
            0.6415568772595639,
            1.182618021994602,
            0.7517942978317036,
            -0.3414607515044884,
            -0.22252328223628737,
            0.2849172664146578,
            0.20723942812214624,
            -0.26551691528838656,
            -0.1940141924847717,
            -0.3746076514425022,
            -0.8542196252213343,
            0.7164896153857255,
            0.3848974662316748,
            0.4312766193735919,
            0.6062004532358022,
            0.8501191382060317,
            0.4145191981627246,
            0.6340991835199055,
            0.5476594082824504,
            0.9323800098026367,
            0.7990993459902107,
            0.0017542133778159724,
            0.5564427394617749,
            -0.009090521067422084,
            0.3763024251526493,
            -0.43860313099478054,
            0.32212943676758987,
            0.478523521910397,
            0.4415599328139587,
            0.7862049160411746,
            0.7376503968150675,
            -0.4355015563836565,
            -0.4459669641137111,
            0.7175785025270557,
            -0.12865437073581468,
            0.645872214479664,
            0.8049915714999774,
            0.6974820246798777,
            -0.17965368407353896,
            -0.33091400300345647,
            -0.6307873988418272,
            -0.4217845856727268,
            0.9872186230867884,
            0.08142364731129613,
            -0.2943792621175897,
            0.08891772108091583,
            0.4467471481832283,
            0.7874895799085729,
            0.34159171873624894,
            0.25512754501577706,
            0.667925897899922,
            0.6948884572524213,
            -0.12540742223171805,
            0.27884777592859317,
            -0.136075776588488,
            0.05102286356789033,
            -0.619981798655895,
            0.4236332270138996,
            0.17229079660371344,
            -0.06280860509129214,
            0.3389148115240464,
            1.0438267800089827,
            0.2424693019363137,
            0.24611962503325946,
            0.947858774996443,
            0.6773354657420254,
            0.8352295954456936
        ],
        [
            0.16601732886996626,
            -0.11291040571689942,
            0.5608472764537697,
            0.503318016371219,
            0.13261971099609776,
            0.22211513027589055,
            -0.6221526384912196,
            0.2127601000517273,
            0.18539797547565906,
            -0.26961167162607663,
            1.5047275934393411,
            0.08542847939050614,
            0.00040242441999957117,
            0.0614863057701202,
            0.28121214249548343,
            -0.1759588903257166,
            0.07192777140257595,
            -0.13429887239828406,
            -0.08420489185572377,
            -0.244310506883818,
            0.47473794221316057,
            0.12449168302219259,
            0.2660228497058084,
            -0.2868870706686806,
            0.1911633064295434,
            -0.09608929688731756,
            0.08394803508946092,
            0.2180257750128499,
            -0.32308954592815536,
            -0.11091215952351588,
            -0.19481320847395958,
            -0.3061245559345056,
            0.1933216114215333,
            0.6665111135969268,
            -0.034603306983201014,
            0.34532141143310735,
            0.06254909862319344,
            0.17473441659722355,
            -0.056948591691236505,
            0.2938181917339047,
            0.10040508141681653,
            -0.3517270937033463,
            -0.15829860462919376,
            -0.2740840255228898,
            0.18864738236965345,
            0.05739634433837982,
            -0.5171424779392055,
            0.326873861981283,
            0.04213687808620184,
            0.08212452710538566,
            -0.16590274526341167,
            -0.3219721295038511,
            -0.10734659643001179,
            0.10652729728172312,
            0.009159459640379407,
            0.13298705712131528,
            0.8695809084273523,
            0.07583359315000984,
            -0.010402046892679326,
            -0.14315972230084426,
            -0.2359866136815261,
            -0.3782327136219162,
            -0.023779270821887515,
            0.024387752779686595,
            -0.23339304164746133,
            -0.21175342587421353,
            0.16347206996144656,
            0.5348675148960951,
            -0.0017671104566534044,
            0.21059146626203326,
            0.13253561758010068,
            0.08150844671586926,
            0.12087575034468541,
            -0.343905672764232,
            -0.1830710588414242,
            -0.135450323745683,
            -0.5391337767900359,
            -0.052559398972037694,
            0.0180009772107796,
            -0.3813766595520116,
            0.33741321635540716,
            -0.3099358153208318,
            0.2559827014035009,
            -0.39362493592459935,
            0.04438439839499731,
            -0.2722367995359776,
            0.03094098909013934,
            0.3034027255210257,
            -0.04253282936545584,
            0.059611909507436965,
            -0.3157179182763044,
            -0.28219144803286744,
            0.1929359391008931,
            0.06370763037448832,
            -0.18432853371147323,
            0.26030112482225054,
            -0.03865259629798735,
            -0.1670792628260777,
            0.37016768343834566,
            -0.023235638968547186
        ],
        [
            0.8135169165612959,
            0.7006284621411429,
            -0.567968539824392,
            0.5241024454343708,
            -0.7771367781541418,
            0.6315336560458873,
            0.5269636253745638,
            0.5170580180401365,
            -0.09374060935412684,
            0.6242273361469264,
            0.08542847939050614,
            1.203527396549881,
            0.6328025960019102,
            -0.1963859623541629,
            -0.37675437550163415,
            0.8330346894641237,
            -0.7019851579430275,
            0.7689815437314921,
            0.34457700085371645,
            0.47405966727994986,
            0.11699749878952324,
            0.19079993881012752,
            -0.49576428654262783,
            0.8046590293189938,
            -0.1240427411069062,
            -0.14880394979608863,
            -0.16500073857265984,
            -0.4631412013679992,
            -0.3340260362851306,
            0.38518008432025563,
            0.38590772767965004,
            0.34173021969142076,
            -0.29540174261900004,
            0.7886686613617763,
            0.7807523232280779,
            0.7873044910779504,
            -0.7367940321324694,
            -0.7912075420594421,
            -0.41061748856723734,
            -0.33325341133122455,
            -0.9229376079302608,
            -0.32974404124988904,
            -0.7798392036847491,
            -0.655466323729441,
            0.507762313752254,
            -0.1003358208127231,
            0.213641980808202,
            0.7229068755555459,
            0.5035283546227358,
            -0.001984867992913014,
            0.6514310359601885,
            0.7144364901323808,
            0.742787341034328,
            0.905723048877702,
            0.33278512391955606,
            0.3390187764543547,
            0.15234510478250932,
            0.10280519704029814,
            0.14724747682730882,
            -0.5535274328822807,
            0.41067987882672835,
            0.1832162588970831,
            0.6305850996764675,
            0.8658472578242102,
            -0.17996154283147603,
            -0.20509054284683628,
            0.59623166001046,
            -0.24353632080839963,
            0.23848402235805538,
            0.9289709890281416,
            0.8095523595000189,
            -0.06416948328966886,
            -0.33399347217973707,
            -0.6236440470060614,
            0.1921594527680759,
            0.7682887900738682,
            -0.33112203016394975,
            -0.8421456424545412,
            0.22759397519940555,
            0.37345456768308233,
            0.7725703443307551,
            0.6601261502849195,
            0.6717479726642012,
            -0.149267912105086,
            0.6168285332985974,
            -0.4868755309999608,
            0.1422258423897415,
            -0.2716490335544659,
            -0.3976629931766711,
            -0.7264996983917102,
            0.4917106602019514,
            0.43158068397674876,
            -0.2787847709375402,
            -0.4719417177285874,
            0.6984838029683327,
            0.372177672380174,
            -0.4113433448572113,
            0.7680405325655404,
            0.7575202328532747,
            0.7589573754285802
        ],
        [
            1.0398915681812613,
            0.9043259106822099,
            -0.4435350705576142,
            0.2834690341875918,
            -0.6239477660584346,
            0.9924023232879496,
            0.661374897017673,
            0.3605642540045947,
            0.15416373516291748,
            0.86019790773633,
