{
    "fast": [
        [
            1.292756980928358,
            0.9014408035836261,
            -0.4704121472430989,
            0.47252679469484,
            -0.550580446513819,
            0.8816328917210009,
            0.2962197351064002,
            0.6602857035410175,
            0.0554901780887843,
            0.8216403170428566,
            0.14001891616943646,
            0.7297902973306567,
            1.0697893889805687,
            -0.26629403230020066,
            -0.564167152119726,
            0.7148191408796829,
            -0.6158967222428898,
            1.0402003189412319,
            0.38790841981290586,
            0.33699831710381245,
            0.2546737633801223,
            0.06688056340438303,
            -0.15391248026118998,
            0.8728171309560007,
            -0.13808442487893305,
            0.20826902281712975,
            0.08256653755398106,
            -0.07865117152822199,
            -0.034477894074325784,
            0.9728562809008208,
            0.158282923863954,
            0.01748570430077446,
            0.009007076450978346,
            0.9701037002579258,
            1.1949250356610277,
            1.0642968163999316,
            -0.3142658097357423,
            -0.4689102311041484,
            -0.13342376692697197,
            0.06340511158684682,
            -0.3736550233142522,
            -0.5287580577964994,
            -0.8017226009123074,
            -0.9324630522699284,
            0.8204016496648802,
            0.16514192799238867,
            0.19134959983381616,
            0.7010585148962074,
            0.8212096394190683,
            0.1737234055810506,
            0.5507598430102659,
            0.5151682010323528,
            0.9434551666053147,
            0.9580587616940122,
            0.10676346001493275,
            0.45264587211187685,
            0.357770372366498,
            0.7221894359393427,
            -0.334926101218368,
            -0.02897734091873507,
            0.7434433501735707,
            0.34461881834995683,
            0.638976834914874,
            1.0134483440167854,
            -0.4605812390449404,
            -0.47314280576125173,
            0.7617601187358031,
            -0.1610636476759963,
            0.6856364217152169,
            0.9928786778297133,
            0.6695289248571817,
            -0.34177221662997187,
            -0.2608496161655353,
            -0.6718241099053955,
            -0.6500348583523419,
            0.7622687033962664,
            -0.16420153423494535,
            -0.567299302505206,
            -0.27317693927173575,
            0.5890330544986714,
            1.0021485003988642,
            0.4753102929400256,
            0.6727426913780168,
            0.2876861977690932,
            0.8505155437680371,
            -0.32317957319534296,
            0.262312309772454,
            -0.15247964073640266,
            -0.3500129469345399,
            -0.45669900262964,
            0.5083684528400868,
            -0.058289043859830574,
            -0.17601503774279761,
            -0.08055916164635078,
            0.5071078565558231,
            0.40389251889608035,
            0.22962894640658751,
            1.1244698614172826,
            0.9638736457560558,
            1.0498456162419363
        ],
        [
            0.9014408035836261,
            1.0169790758341835,
            -0.5247712593865118,
            0.33103415868566527,
            -0.473722558105641,
            0.6687448581702,
            0.21492994833717768,
            0.49381332618310364,
            -0.23393645588130985,
            0.5604594548270337,
            -0.07748282942003161,
            0.5113961882247723,
            0.7569608481083943,
            -0.35214227351586375,
            -0.5783383918555431,
            0.6570484766423502,
            -0.711645403117182,
            0.8898035595582203,
            0.06534346479909434,
            0.39086599962126395,
            0.13589488481497008,
            0.07758192498284577,
            -0.0038642993265154573,
            0.7636893188556088,
            -0.13802375913634532,
            0.01749648719375677,
            -0.003912668220065924,
            0.04875225514964549,
            -0.09281069272463366,
            0.7584988534604857,
            -0.11682074919922124,
            0.06611725949539035,
            0.13828112007802332,
            0.8025696943137184,
            0.9267525292975616,
            0.8632148511874801,
            -0.3696641133180956,
            -0.27678976391307036,
            -0.30993614456379165,
            0.19432815255246585,
            -0.2528352080077594,
            -0.4558651738900553,
            -0.7967851469598941,
            -0.62043572426668,
            0.6855624228149012,
            0.09695082849514289,
            0.09292314266977827,
            0.48215438364406704,
            0.7323832410097891,
            0.10810226534593886,
            0.31845801970047405,
            0.33270243338536437,
            0.8360573726767574,
            0.7995743094836725,
            -0.038370342023155535,
            0.23462071180575927,
            0.3027016242309689,
            0.6261772225371028,
            -0.20097950648797455,
            -0.14216234972410272,
            0.6625876014062356,
            0.17995505076611085,
            0.5309543145477202,
            0.8725034017932077,
            -0.2200154558805743,
            -0.2263953187991851,
            0.6035945822300514,
            -0.2364776365123159,
            0.6287452014481024,
            0.848448627430645,
            0.43611080739458413,
            -0.6571417327570147,
            -0.08022337266595696,
            -0.35784189128007027,
            -0.24965827221551176,
            0.5149568486603336,
            -0.004169967204155718,
            -0.5783462447606833,
            -0.5175859684620809,
            0.5102000135153377,
            0.7760315360410301,
            0.5419003678354344,
            0.733449404380013,
            0.09431911978876774,
            0.692166528546385,
            -0.46113791233218704,
            0.3608927344900218,
            -0.1974081548934711,
            -0.43983092616319236,
            -0.39039514465541164,
            0.6427897173826119,
            0.1858265045526218,
            -0.16111044268211291,
            -0.1992371959568988,
            0.23436779978236758,
            0.42490852161232745,
            0.18478064489080376,
            0.8389988900835635,
            0.7251297385169905,
            0.7996832978733986
        ],
        [
            -0.4704121472430989,
            -0.5247712593865118,
            0.7207596159904867,
            0.1558949686231606,
            0.5570133047231091,
            -0.34940674802051674,
            -0.11682023696365629,
            -0.4126215576856088,
            0.2841258092171706,
            -0.4054144561968472,
            0.358894497278278,
            -0.3865847091430867,
            -0.34620002052255605,
            0.03963267374904481,
            0.16288347317020985,
            -0.5139320730263195,
            0.7347295267615608,
            -0.3262355229840722,
            -0.07251569552241581,
            -0.37703331441571175,
            0.04242475157153848,
            -0.12292545443992,
            0.13243317066912214,
            -0.5568718161815058,
            -0.17244132970200138,
            -0.015634288195010046,
            0.019943715716999995,
            -0.006094652056286624,
            0.30188267988054573,
            -0.36349049912636594,
            -0.3131533653992688,
            -0.10731548466025183,
            -0.10184817678798876,
            -0.20366690904733395,
            -0.36123796934817226,
            -0.5180527089070247,
            0.3453156479793175,
            0.19619319558243198,
            0.22765719434399714,
            -0.10453832425839459,
            0.32194651885734815,
            0.2182665666485351,
            0.4320533052998396,
            0.3895975362133251,
            -0.441060929470186,
            -0.171347654110422,
            -0.1671953949451858,
            -0.3725989685168976,
            -0.4484465076189293,
            -0.12903175024081878,
            -0.26913890143619734,
            -0.5673753477080379,
            -0.5129161104832839,
            -0.5364533204574469,
            -0.2587758812104414,
            -0.2304293851852527,
            -0.08782315997339311,
            -0.22848140219128388,
            -0.07104187882435208,
            0.20060978537743912,
            -0.5815472227402213,
            -0.14818733945492843,
            -0.11878102443977227,
            -0.598097808788949,
            -0.04758412920745276,
            -0.03944475696334956,
            -0.39487375517983264,
            0.04824804046919403,
            -0.3565084293375938,
            -0.4727952872420936,
            -0.393615598566855,
            0.22018419082104196,
            -0.1057610714594119,
            0.2827060950074559,
            0.11938522696291208,
            -0.28483763459070194,
            -0.005850439327483392,
            0.3958944562449041,
            -0.04288867658238126,
            -0.5189080714537326,
            -0.4770065150200803,
            -0.427246631903756,
            -0.5357663890349155,
            0.13152930627520498,
            -0.30155447267670626,
            0.06914205090266322,
            -0.3685535945842236,
            -0.009915157363138472,
            -0.004526428434812543,
            0.47125402887721796,
            -0.37551061842231337,
            -0.2722431044139066,
            0.08949914578266888,
            0.08126270338036648,
            -0.1534429129752656,
            -0.38028741394592946,
            0.2522219367611538,
            -0.513688716091056,
            -0.4816425220804913,
            -0.5057578639371523
        ],
        [
            0.47252679469484,
            0.33103415868566527,
            0.1558949686231606,
            1.0695075566002752,
            -0.1564054196021156,
            0.3289320489084783,
            0.02542216157312232,
            0.00794831380456767,
            0.01098706435051832,
            -0.03145950767173862,
            0.5515937314859635,
            0.6109297005562012,
            0.37893036590110224,
            -0.1981385186834702,
            -0.28310181919804117,
            0.405128495950764,
            0.12745971492118618,
            0.5868004009409866,
            -0.058632396914351216,
            0.11182868038037437,
            0.24356763333067125,
            0.12685897964292106,
            -0.28197456752249345,
            0.34051341109975,
            -0.2748209227470995,
            -0.3300302415154056,
            -0.20336395244628067,
            -0.33268708052781276,
            -0.3368125361571826,
            0.3681191446347129,
            0.02244533201426219,
            0.04196297678682399,
            -0.3010189189584346,
            0.7064871152889006,
            0.46995370165705425,
            0.5050084547058369,
            -0.18384733385224153,
            -0.5421239245462048,
            -0.4457807001187682,
            -0.33291287047637064,
            -0.2574773087161723,
            -0.4165538396713959,
            -0.6287435874600996,
            -0.2895029026349884,
            0.3043160171632029,
            -0.21352767450268334,
            -0.22917924466588424,
            0.32553328132201115,
            0.21438533377813876,
            -0.015895654590416048,
            0.14735092886463597,
            0.2268120354875679,
            0.3205038377006964,
            0.4053001495765224,
            0.31065505626821643,
            0.022829793301832782,
            0.24961496922011558,
            0.03879798994012909,
            -0.033358865275637965,
            -0.26196369549922804,
            0.09523030604812054,
            -0.049542202716287315,
            0.3781851330015703,
            0.4537976946773953,
            -0.0725185462754238,
            -0.08370915240018027,
            0.28200521403669787,
            -0.2036809925684144,
            0.11145106846937523,
            0.5356008114275811,
            0.2872165525136293,
            0.018590422531121566,
            -0.17460506979157375,
            -0.24305933508061595,
            0.025655971628444293,
            0.2597408834736331,
            -0.3402137561470198,
            -0.4287591530306399,
            -0.29164822950414765,
            -0.1182041115798423,
            0.4004027299547197,
            0.16506085390732597,
            0.49210677164455124,
            -0.2685434737569403,
            0.45017286278930135,
            -0.31361312865632274,
            -0.09040295102240276,
            -0.17070465068056037,
            -0.6167399991463909,
            -0.10302732402548974,
            0.2568514740181835,
            -0.07034829257495158,
            -0.09678891709241481,
            -0.2594608448827893,
            0.07398071436323167,
            0.21212782531487165,
            -0.08039971266322164,
            0.2951153463397852,
            0.5133135570713612,
            0.3989347883375544
        ],
        [
            -0.550580446513819,
            -0.473722558105641,
            0.5570133047231091,
            -0.1564054196021156,
            1.0877188066903622,
            -0.6189632658409319,
            -0.25532186402947266,
            -0.19570333453238112,
            0.16216715464943368,
            -0.23604701557623115,
            0.10466651059170952,
            -0.6523720384351475,
            -0.6006546481576849,
            0.09768444540871014,
            0.33141427437778836,
            -0.6189598199094494,
            0.5789151230809675,
            -0.36380226675372945,
            -0.4079796277645699,
            -0.3774011607481845,
            -0.1879080219412353,
            -0.0012089231317606007,
            0.5088269270298199,
            -0.7054822403214245,
            -0.1183026148198833,
            0.2961444966161333,
            0.18532868496162652,
            0.3484817790331537,
            0.39513107903549266,
            -0.5557827155646479,
            -0.3329731098413004,
            -0.1849263110567188,
            0.2986037079661984,
            -0.4659230908279312,
            -0.32147170408180414,
            -0.6371489177820384,
            0.35156253132439336,
            0.6491749926663326,
            0.3652349796124419,
            0.21529050443807074,
            0.8398012960196853,
            0.398832300902478,
            0.8067984092152749,
            0.42493386358308816,
            -0.3161677658657707,
            0.3565708121426375,
            -0.4559822339754666,
            -0.5114432869040744,
            -0.36065431663589453,
            0.016808994593404934,
            -0.5521885970071716,
            -0.6310383074615238,
            -0.5927486169937191,
            -0.7169642421194355,
            -0.042689892615946044,
            0.017353067003859517,
            -0.3417387634059049,
            0.04770471993367765,
            -0.11724668292069199,
            0.46828989832966933,
            -0.5351250988710771,
            -0.30399687290665983,
            -0.12037295122161679,
            -0.8130715185431989,
            0.03027563671380893,
            0.03601629188902547,
            -0.4790607024606969,
            0.14683224419849492,
            -0.2616544093100368,
            -0.6773644186172401,
            -0.6012197027383487,
            0.10919009007828792,
            0.26075667136316355,
            0.5256487527182154,
            -0.04131777133772545,
            -0.3143393360188729,
            0.03067670260943547,
            0.727182814236618,
            -0.29280243075684453,
            -0.6637572302585042,
            -0.6672719525971956,
            -0.5514314056403833,
            -0.5926642871143599,
            0.429480007815687,
            -0.39724699465804125,
            0.4769177200958546,
            -0.36385727156352965,
            0.21029344806177125,
            0.3011535114277664,
            0.3495750836701918,
            -0.2841708789105333,
            -0.3288812735369714,
            0.259874539915225,
            0.2352692373783539,
            -0.15010110264178955,
            -0.4014932931911724,
            0.5408458295170041,
            -0.7215529127541438,
            -0.6417185863244648,
            -0.668629060857078
        ],
        [
            0.8816328917210009,
            0.6687448581702,
            -0.34940674802051674,
            0.3289320489084783,
            -0.6189632658409319,
            0.94852164588372,
            0.2496986918563991,
            0.4508006136729927,
            0.1961371821763517,
            0.5209869002109172,
            0.1759511271674001,
            0.5321188176402023,
            0.9589117092990594,
            -0.2649161178612295,
            -0.39734067069848317,
            0.6916005924569556,
            -0.6499807215637948,
            0.8203108552407277,
            0.556960169563031,
            0.40697612939411104,
            0.21742619861329093,
            0.12420896497301345,
            -0.349022038637558,
            0.6567977331204002,
            -0.05543036558378049,
            -0.05493889517519448,
            -0.03944928883066036,
            -0.2077218786412708,
            -0.18366961308645868,
            0.7012055685581522,
            0.1519585538606785,
            0.00825256735952469,
            -0.18611458577714451,
            0.8551651789006297,
            0.8772856958806551,
            0.897626606886152,
            -0.2058860437800717,
            -0.5913285474635118,
            -0.25691490489819585,
            -0.04585134329524879,
            -0.4795076394940577,
            -0.41180835311949476,
            -0.8759703885605393,
            -0.7182271425623252,
            0.6173252156402743,
            -0.20271139751259476,
            0.2651276102849442,
            0.6621823777705838,
            0.5767577882688201,
            0.1347113378564735,
            0.5604450828930666,
            0.2247147122833562,
            0.9110570240220746,
            0.8343746745403837,
            0.017370865229485395,
            0.21808812527540458,
            0.4978511279516387,
            0.18478555286150466,
            -0.2916837367256863,
            -0.16024956916042835,
            0.6468355881885337,
            0.379517029023893,
            0.29151789558290775,
            0.8909545004141539,
            -0.510050398697317,
            -0.5091345835676868,
            0.6811179665792819,
            -0.17432059107746858,
            0.4368722294501437,
            0.8076236914579674,
            0.5846326765937253,
            -0.4509695389712756,
            -0.13802898241732114,
            -0.7139307205696779,
            -0.343570614109429,
            0.5160665248614091,
            0.08835960725609636,
            -0.552691401095329,
            -0.06241220763109073,
            0.7817240954752113,
            0.8261423388336987,
            0.433142345843542,
            0.5969052292356622,
            -0.045628864050697375,
            0.646124081117767,
            -0.42151061117183913,
            0.248232010016239,
            -0.22756005201535257,
            -0.41791210735174816,
            -0.36430338514871496,
            0.4058038917373111,
            0.19408087105940547,
            -0.116395430708533,
            -0.1384617498344018,
            0.3202228425379847,
            0.4882730569281896,
            0.06405949497267384,
            0.9728906218480057,
            0.8953029510648375,
            0.8798248473963911
        ],
        [
            0.2962197351064002,
            0.21492994833717768,
            -0.11682023696365629,
            0.02542216157312232,
            -0.25532186402947266,
            0.2496986918563991,
            0.5138826070296305,
            -0.005542453675798112,
            0.24334279337844944,
            0.3343848906545802,
            -0.3413223189767525,
            0.3075010377921237,
            0.44258061378307423,
            -0.21067014254805835,
            -0.4182638307076455,
            0.3155639560049871,
            -0.21892266826430928,
            0.47023933437685594,
            0.3109655059660596,
            0.29483642957701306,
            -0.041432893231974424,
            -0.13995423693617476,
            -0.3852024799306655,
            0.5130929688711845,
            -0.3311912338752918,
            -0.02937530125894835,
            -0.14667666993435305,
            -0.26322208979856637,
            0.14308100433255252,
            0.33372327645324823,
            0.20871139386636475,
            0.00828742227574406,
            -0.3232236835578379,
            0.09872072120691797,
            0.4685321352154362,
            0.17308557813766234,
            -0.1149503979353607,
            -0.5042530854726284,
            -0.08885494738894271,
            -0.2176403865985784,
            -0.37181024453124234,
            0.06979050363984339,
            -0.288188022349359,
            -0.18038745701099793,
            0.059134733119431085,
            -0.26857773726494366,
            0.3348842444608715,
            0.16891649753873322,
            0.1404335917447125,
            0.015054813336384908,
            0.4718027837013266,
            0.40961829940792216,
            0.25826923786044403,
            0.2645094381135758,
            -0.06729261036455923,
            -0.10275865311760825,
            -0.06327326030463808,
            -0.048423380816736805,
            -0.15345141105416996,
            0.04301361425280751,
            0.2300058319132496,
            0.22108616958359475,
            0.2270442530396707,
            0.295681423409362,
            -0.03894130471169901,
            -0.06233316661381755,
            0.1785098631981678,
            -0.3310321597016204,
            -0.057391399712895814,
            0.276350810915442,
            0.19547914394959479,
            -0.040178727200504485,
            -0.488011092522872,
            -0.19636264475816853,
            0.030624635899929857,
            0.40603997306745515,
            0.1277332402357763,
            -0.28256965254634697,
            0.2536389482876028,
            0.46776965504443885,
            0.12834544529848219,
            0.31316701261818247,
            0.05262283767461055,
            0.22061871697605911,
            0.23410929911143707,
            -0.10624009646435961,
            -0.03492062628541646,
            -0.297162715668261,
            -0.28884456090701416,
            -0.13357643083505202,
            0.18823303452643253,
            0.25610213344676325,
            -0.14605170931920852,
            -0.08645643279068282,
            0.3034339279475426,
            -0.015321719692181322,
            -0.0863056122872243,
            0.468523057082076,
            0.196192232387572,
            0.31997493375029223
        ],
        [
            0.6602857035410175,
            0.49381332618310364,
            -0.4126215576856088,
            0.00794831380456767,
            -0.19570333453238112,
            0.4508006136729927,
            -0.005542453675798112,
            1.4228528367916191,
            -0.19010313976696475,
            0.7285588524429643,
            0.18958175340325206,
            0.4900538823075036,
            0.39189160320115884,
            -0.0006600333063584915,
            0.02776796138329015,
            0.18811594595996523,
            -0.9947563855478877,
            0.4458975916559562,
            0.4108989011863477,
            0.5347273889359492,
            -0.17411752153026355,
            0.14660534111018286,
            0.7697756061965,
            0.1903938080767272,
            0.11771523437076023,
            0.3546212157418863,
            0.30048303978319985,
            0.7328286220824639,
            0.017085218347192763,
            0.16393812128412583,
            0.14703996280674902,
            -0.06338907179870149,
            0.8970268606101294,
            0.4664766035518684,
            0.587773906087711,
            0.46737323652715823,
            -0.2198992847298105,
            0.5244955311600817,
            0.13998225296301964,
            0.9223612588501067,
            -0.0003246885212353278,
            -0.4261044866140474,
            -0.17663824891849494,
            -0.42578098261571934,
            0.8191892042440846,
            0.8392120617137296,
            0.15986327957848184,
            0.26535777906051855,
            0.8443749128061174,
            0.0014297619504066372,
            0.49396858097112617,
            0.19835213572446891,
            0.7410694467518001,
            0.40638983509071747,
            0.001953619130957344,
            0.41248717252179923,
            -0.21776694152266932,
            1.0377656482743303,
            -0.04080174785527218,
            0.2686300755281489,
            0.2592423445473344,
            -0.024315604329866656,
            0.23909994658712547,
            0.4532696188925363,
            -0.5072943017513722,
            -0.49663096293747705,
            0.37067647469670184,
            0.20241104059761822,
            0.5814364148341866,
            0.448285994271439,
            0.27310865794085876,
            -0.5455085598327258,
            0.4673198303118337,
            -0.2995047461088882,
            0.024215304025109605,
            0.23314488489825408,
            -0.16637008181429425,
            -0.1689725490396161,
            0.03746653628253247,
            0.36720695342868304,
            0.52057993430524,
            -0.09243915948276868,
            0.24069303705358466,
            0.26487247416752413,
            0.29443982285433923,
            -0.3794546769699403,
            0.500280528178004,
            0.12569513461088563,
            0.15963790305129158,
            -0.3265453093248016,
            0.1844459379487893,
            0.3323704552204983,
            -0.07350377658667126,
            0.16531645999615144,
            0.27428659431398417,
            0.7038731819496894,
            0.2523858053200359,
            0.5831622345269681,
            0.3775509224483617,
            0.31927632456052035
        ],
        [
            0.0554901780887843,
            -0.23393645588130985,
            0.2841258092171706,
            0.01098706435051832,
            0.16216715464943368,
            0.1961371821763517,
            0.24334279337844944,
            -0.19010313976696475,
            1.2088334335688413,
            0.11313739383231423,
            0.26138829349698034,
            -0.14057468710882406,
            0.2651186683078972,
            0.06776772811946263,
            0.0535889851209312,
            0.045311931857177315,
            0.18700072673196563,
            0.11262757325996908,
            0.5407586087635936,
            0.2784942351778845,
            0.04095540042858008,
            -0.14078105936301918,
            -0.28367107310542705,
            0.1528770962398369,
            -0.1538821217452729,
            0.13392820596794847,
            -0.03561104119055747,
            -0.20810773878004618,
            0.02873493037714545,
            -0.005531305827212405,
            0.43562993962533403,
            -0.1578662644257032,
            -0.32873743760463153,
            0.056456445932558476,
            0.24261529348648533,
            -0.014135526259660974,
            0.09103400624812794,
            -0.4375899649918719,
            0.030033427496412687,
            -0.1872709392295793,
            -0.10841926939793023,
            0.41988193644661137,
            -0.1492120948161091,
            -0.0025366810163329123,
            0.003231569131598026,
            -0.29554061091531125,
            -0.1544824123961398,
            0.10444796004782349,
            -0.0808079788025717,
            0.277673270546115,
            0.48187058419246903,
            0.189650831611589,
            0.02781451844504896,
            0.02689196177994995,
            0.3170718473268697,
            -0.12412408373710344,
            0.28199855848416044,
            -0.33883139807391033,
            -0.28634220237713326,
            0.26187016760540177,
            -0.045522281050312925,
            -0.16327887452352266,
            -0.04497764732320557,
            -0.11543495069908682,
            -0.1796167229698912,
            -0.20271265431450505,
            0.1078888713349805,
            -0.1697650141502018,
            -0.2102456393261258,
            0.022504723444076138,
            0.015802415452167994,
            0.3477126548262874,
            -0.5930745474522212,
            -0.35732438011772244,
            -0.43056364691672133,
            0.11745578358698319,
            0.22901186583270658,
            0.007772904580039469,
            0.6994763535884535,
            0.22114945022804713,
            0.013654394539581866,
            0.026171437838854263,
            -0.24234173700372713,
            0.13844688722466614,
            -0.01705531777308372,
            0.312172590101739,
            -0.07050947524718063,
            -0.14586745939003812,
            -0.15771869934190802,
            0.05751817477703829,
            -0.5060977388295369,
            0.019146337594800316,
            0.16185279812528316,
            0.050387675501162105,
            0.15976604670320815,
            -0.2058831363056721,
            -0.054116096316111285,
            0.09300650414562409,
            0.29384338932133097,
            0.2506057154758283
        ],
        [
            0.8216403170428566,
            0.5604594548270337,
            -0.4054144561968472,
            -0.03145950767173862,
            -0.23604701557623115,
            0.5209869002109172,
            0.3343848906545802,
            0.7285588524429643,
            0.11313739383231423,
            0.8336710124684295,
            -0.18801317034932316,
            0.4630102166939977,
            0.7316862689234548,
            -0.0976820291030101,
            -0.3007423119767136,
            0.41882122151177353,
            -0.6620309671985253,
            0.7353196322758424,
            0.4432386057224241,
            0.38200484205760554,
            -0.0026469790288546117,
            -0.011153821493354761,
            -0.00812129029987915,
            0.5551157402958911,
            -0.10128883432469868,
            0.39567279287825063,
            0.19665013117721583,
            0.0951656268503437,
            0.2709478914187423,
            0.6058038633292845,
            0.28143425052958176,
            -0.024702140163288158,
            0.15977403363492548,
            0.4541462662071927,
            0.9014785425337428,
            0.5725572157435893,
            -0.1458820581703488,
            -0.17598510824254546,
            0.18641787355776815,
            0.1681350104190349,
            -0.17285252415826138,
            -0.1875708652662244,
            -0.28645450594491356,
            -0.594841040763863,
            0.5787361769323591,
            0.35177198889796085,
            0.315214209751193,
            0.390222227211078,
            0.611444510480994,
            0.19993878552237832,
            0.6112458135791373,
            0.4492140879453213,
            0.6872637774699517,
            0.5800687071051664,
            0.0012859007422003355,
            0.38145718244457705,
            -0.007077852752720053,
            0.6451738752868277,
            -0.27667320018403624,
            0.16500044981089365,
            0.4678931627484243,
            0.2804309709899111,
            0.4830054634911695,
            0.5974173518126291,
            -0.3569907632280478,
            -0.3692434920209336,
            0.4927061155625003,
            -0.0780934952835135,
            0.48990349631758706,
            0.563704152570781,
            0.40869962218366523,
            -0.23978087370414916,
            -0.23396022053298793,
            -0.4410607454276605,
            -0.3454328222382851,
            0.5389195332307745,
            0.06017804982240423,
            -0.1758869605946029,
            0.06793894796611215,
            0.5111107014004442,
            0.5661009618371111,
            0.20853483237243342,
            0.21072025727578986,
            0.5618108927963101,
            0.540756791580293,
            -0.09982081021695344,
            0.2195667176102336,
            -0.08131387147312978,
            0.03477339644717598,
            -0.3846935117166608,
            0.29635476459111687,
            0.12615185537729634,
            -0.034941153163387424,
            0.1019108104041193,
            0.43481877223477156,
            0.18597318646334055,
            0.24655514393604486,
            0.7882312106217927,
            0.5175325646973389,
            0.6252075788331491
        ],
        [
            0.14001891616943646,
            -0.07748282942003161,
            0.358894497278278,
            0.5515937314859635,
            0.10466651059170952,
            0.1759511271674001,
            -0.3413223189767525,
            0.18958175340325206,
            0.26138829349698034,
            -0.18801317034932316,
            1.1390094237494173,
            0.06878128979531642,
            0.0003715614923341816,
            0.04481889733268005,
            0.2419813394751714,
            -0.1248086391648236,
            0.06380896251055286,
            -0.11733207836528055,
            -0.07446811284586893,
            -0.24226397406400332,
            0.474539474353424,
            0.061796767657308335,
            0.23760548452486657,
            -0.2214727848559298,
            0.19221113907943732,
            -0.06608006487775538,
            0.04934548522833572,
            0.16023998720477778,
            -0.24857847586599652,
            -0.15637631202312421,
            -0.15958039372638594,
            -0.10327946861925145,
            0.1747869580528898,
            0.5121389740157437,
            -0.02863178044563874,
            0.28547180489210705,
            0.02900694518688949,
            0.1500025925994298,
            -0.040445631256802686,
            0.2587523484473959,
            0.07095109024140868,
            -0.3691114806129421,
            -0.13139412577364695,
            -0.20717385761980808,
            0.16540223087662198,
            0.0569403697656402,
            -0.4102796092538239,
            0.22839983688699603,
            0.03289723985200501,
            0.04299769064585065,
            -0.17359296650841127,
            -0.2866691400298371,
            -0.08588921408997627,
            0.08393815505438282,
            0.007288106835446999,
            0.09895882745397631,
            0.7349242715817623,
            0.14113061661253623,
            -0.007122525646770783,
            -0.07959676379932352,
            -0.2504670642869415,
            -0.26074455877168967,
            -0.0158574981677636,
            0.021439708907681456,
            -0.20767060131631987,
            -0.1903094941112038,
            0.12183777066845383,
            0.352416624236031,
            -0.0014549480364990078,
            0.16007389697941507,
            0.08429924235475428,
            0.11808667015783786,
            0.09276537583960688,
            -0.26102048148825646,
            -0.16274679275051038,
            -0.08026209316722396,
            -0.43251776191726427,
            -0.03408761928656091,
            0.01492953993518426,
            -0.47361684926014386,
            0.2632879695135836,
            -0.20538224056616763,
            0.22949826378189753,
            -0.35938862236178637,
            0.03749186729739112,
            -0.23521473723790648,
            0.026445596410171728,
            0.19679911624913532,
            -0.031464903585949715,
            0.040150300855751934,
            -0.23974026282973215,
            -0.22428243367874284,
            0.11650674459994732,
            0.020794142043481796,
            -0.08334744049258169,
            0.21671524521313895,
            -0.042030672843455574,
            -0.1508177269839016,
            0.3070097836703431,
            -0.018879601696236568
        ],
        [
            0.7297902973306567,
            0.5113961882247723,
            -0.3865847091430867,
            0.6109297005562012,
            -0.6523720384351475,
            0.5321188176402023,
            0.3075010377921237,
            0.4900538823075036,
            -0.14057468710882406,
            0.4630102166939977,
            0.06878128979531642,
            1.0306752028798807,
            0.6214594996616477,
            -0.15226195982222263,
            -0.3448294259563282,
            0.6284847259167005,
            -0.6623861088199147,
            0.714592610697427,
            0.3241287240613448,
            0.5000090982002974,
            0.12439221077551116,
            0.10073997981136096,
            -0.4709892177221552,
            0.6607230939487702,
            -0.13266109593424538,
            -0.10884490671261438,
            -0.10316229233700466,
            -0.36205511523863804,
            -0.27335004021828535,
            0.577635447163348,
            0.33623492015131434,
            0.12263019521683007,
            -0.2840794887570493,
            0.6445746521822635,
            0.6871352714144755,
            0.6922781900655317,
            -0.36343374175441706,
            -0.7224518985242805,
            -0.3101874903448433,
            -0.3121608463237011,
            -0.6937035721016098,
            -0.368067010126938,
            -0.6884971300444129,
            -0.526986899785301,
            0.4735319107668507,
            -0.10587423022244193,
            0.18028289537288256,
            0.5372744122602546,
            0.41813762130724064,
            -0.0011053557753855816,
            0.7250120172859142,
            0.6765883243117192,
            0.6321396776130058,
            0.7590880204811382,
            0.28164820546984637,
            0.2683286987226774,
            0.1369491387442613,
            0.20350396804596835,
            0.10724110575213483,
            -0.32734967957349437,
            0.46362291102632114,
            0.13434403371204462,
            0.4472785264059141,
            0.8096300029277327,
            -0.17031975805034832,
            -0.1960531620699175,
            0.4726630168576195,
            -0.17067586510502547,
            0.2088532709031676,
            0.751069469016242,
            0.5476892483145122,
            -0.09888376842752154,
            -0.27263581796042474,
            -0.5034661020325767,
            0.18169907055175252,
            0.48423161192297204,
            -0.28254894439210987,
            -0.5809405524797714,
            0.20077485054780422,
            0.49329761606159844,
            0.6412172040744257,
            0.4652820162768344,
            0.6405799748024028,
            -0.14495940120089656,
            0.554203668032461,
            -0.4474390189735006,
            0.12929921704917105,
            -0.18741745558527975,
            -0.3129071707907613,
            -0.5204624669668867,
            0.39714543743673475,
            0.3648477044007599,
            -0.17906272421179784,
            -0.16384610842285963,
            0.3359342205218312,
            0.3295808287434389,
            -0.4757626604064605,
            0.7374153743960048,
            0.6682610654596175,
            0.6559244212945334
        ],
        [
            1.0697893889805687,
            0.7569608481083943,
            -0.34620002052255605,
            0.37893036590110224,
            -0.6006546481576849,
            0.9589117092990594,
            0.44258061378307423,
