{
    "pos": [
        [
            1.0611536235474754,
            0.261395689844236,
            0.07372227758187999,
            0.405999501162131,
            0.27666422163451265,
            0.46586393005088944,
            0.46936764191852076,
            -0.16075217645428186,
            0.6062446038790704,
            -0.0711299436845626,
            0.15288495207356276,
            0.09676257329154175,
            0.4298254951973287,
            -0.15448262259982312,
            0.14408649070524399,
            0.25092729482611664,
            0.22019027266218413,
            -0.15954281934626316,
            -0.4690174441993748,
            -0.5030299699362677,
            0.2838678083644438,
            0.31366610128407596,
            -0.008811285237232678,
            0.34475462757345393,
            0.35935511494461453,
            -0.2468103668788806,
            0.401241355339114,
            -0.04464416955986961,
            -0.22481537490077214,
            0.21828655607306632,
            0.25872782718781223,
            -0.09925593613550053,
            0.7257882597896369,
            0.4364699296457481,
            -0.10680569114685265,
            -0.174976843779342,
            0.489044114203122,
            0.5508495064338113,
            0.19287556589923247,
            -0.05449585060401016,
            0.2741123535656923,
            -0.09703816985992239,
            -0.03451120471150958,
            0.16110687600515156,
            0.7063566033480444,
            0.3607775398916818,
            0.3818783101487717,
            -0.2810444207490358,
            -0.21257155032893807,
            0.3255964147809967,
            0.43868474677862807,
            -0.218224077471003,
            0.2916138463604447,
            0.5807629886994584,
            0.09051397297280786,
            -0.27468890679839875,
            0.5415372463184213,
            -0.18318068895000225,
            -0.02215685434588068,
            0.43404133417377294,
            -0.13704729376596456,
            -0.16539672975101585,
            0.39433124637675854,
            0.19609719321931982,
            0.2480850468816564,
            -0.05450649155817408,
            -0.0580189635626311,
            0.449599717073265,
            0.22045970931851042,
            0.3352006173564265,
            -0.2309585535279433,
            -0.08658786737394426,
            -0.04024235172336685,
            -0.03950014153269015,
            0.18556594902382678,
            -0.16393087778644178,
            -0.21140227439650017,
            -0.05635183620413344,
            0.36801439594382745,
            0.4849854537402077,
            0.857342003829531,
            -0.3789458017726091,
            0.2618086262907091,
            -0.16140086575097784,
            0.38007334517952596,
            0.6497488285894949,
            0.25107360720427674,
            0.5283447028347585,
            0.5182708856631868,
            0.12149177857621013,
            -0.40154185259063313,
            0.59310519017491,
            0.4132376137602575,
            0.44661442902079873,
            -0.33016075169601455,
            -0.11984426954525171,
            0.41415975572314695,
            0.5566512304926128,
            0.2440676715192528,
            0.11648431964718116
        ],
        [
            0.261395689844236,
            0.6039548136919224,
            0.13309999277156453,
            -0.046771705533152116,
            0.11336227992750397,
            0.3407565636667711,
            0.06515185169620906,
            -0.6211170921936857,
            0.4409487307327512,
            -0.0669326785010363,
            0.3732050046348174,
            0.6568678585332682,
            0.06929474877346505,
            -0.08218707868786633,
            0.45338229980544803,
            0.38804114176193116,
            -0.258274896940069,
            -0.04414665838710992,
            -0.2728743333711673,
            -0.3889971041495612,
            -0.16973986669081054,
            0.4322569807902445,
            -0.24545889686981132,
            0.3867235802567325,
            0.5690613126584547,
            -0.11670607465017721,
            0.5601139361145022,
            0.4520975253669516,
            -0.2641258398203076,
            0.3238462394595184,
            0.35902007213691944,
            -0.2842305746009925,
            0.16936709215371426,
            0.5806661309239004,
            0.12016531834445533,
            -0.08594118699992884,
            0.13969095111697274,
            0.6151479798923047,
            0.5124429297926276,
            -0.1322537410264023,
            0.5635709385926813,
            -0.13228726724732787,
            0.010696121716893676,
            0.11221957289623097,
            0.45858495144135375,
            0.3702088256716142,
            0.43870896188332836,
            -0.297353826405407,
            -0.3775103427325703,
            0.5978621273102501,
            0.6011978060014994,
            -0.0804476800662178,
            -0.1925583698673151,
            0.4401059187517613,
            -0.005060254988411893,
            -0.18389337434745226,
            0.14407579192239572,
            0.0415891554313093,
            -0.14787783383783254,
            0.5512890729931599,
            -0.21069853622596366,
            -0.31588824521110687,
            0.37720674973684065,
            -0.3083690273751664,
            0.2442616003619238,
            0.5968159527778075,
            -0.12564355660531054,
            0.5880282305307981,
            0.4874968437383412,
            0.34213972876400284,
            -0.04074443887866771,
            0.24574245511537013,
            -0.22674507515604778,
            -0.2741590419377215,
            -0.4187407831654548,
            0.23983776127750603,
            0.06678111846250931,
            -0.3385744669868763,
            0.43349237226924653,
            0.334201049067941,
            0.33783361087067504,
            -0.0889744386072476,
            0.5488646129529781,
            -0.04056416537465077,
            0.19393309688580224,
            0.6290250413360087,
            -0.1770532814971015,
            0.5344764210067667,
            0.14456467288923813,
            -0.15895293148800765,
            -0.24860009045029674,
            0.3993012732411389,
            0.555557096242392,
            0.4190562597841539,
            0.15194211509699215,
            -0.07506992911389651,
            0.6799638311417268,
            0.11067241358810631,
            0.1567583080788075,
            0.2990679170482027
        ],
        [
            0.07372227758187999,
            0.13309999277156453,
            0.6184541969453583,
            -0.3557209216739658,
            0.004997113763837183,
            -0.14625091976078028,
            -0.3304033307583951,
            -0.16349999827847522,
            -0.09786451699537656,
            -0.11366944026449546,
            0.056382694875613586,
            0.021138785820077898,
            -0.25058411907794087,
            -0.10207957291612921,
            0.10361116980287795,
            0.03924754175909715,
            -0.5316629849105508,
            0.17806296635308463,
            0.3685731286085329,
            0.1126208389914507,
            0.027409449284655812,
            -0.06196709335413726,
            -0.0849450395741099,
            0.034158236518298066,
            -0.10219306542440243,
            -0.4133855751973911,
            -0.025450877764440168,
            0.3708975565597822,
            -0.08635032526426896,
            0.19049548885829978,
            0.12600802459209465,
            -0.16464587492660024,
            -0.3331028184648907,
            -0.09199413821505725,
            0.029654247996316163,
            0.13136150978199548,
            -0.01643708214696777,
            -0.12273351018539058,
            -0.12843715918743293,
            0.009144727834252317,
            0.13181883797046942,
            -0.08705923582861519,
            -0.11835046495151494,
            -0.21865648511045624,
            0.1309892014677945,
            0.2048290023691116,
            0.03885381004919804,
            0.10440415207842786,
            -0.032838290208972304,
            0.06580030781126903,
            0.052858313961073516,
            -0.0691707267991831,
            0.16573511650201325,
            -0.20776529708295513,
            0.27063454951304056,
            0.06347335140482166,
            -0.399226102321666,
            -0.2609849356797149,
            -0.1417119750162061,
            0.0983147708159963,
            -0.15295124773800337,
            -0.049309957631968375,
            -0.0019430380385345733,
            -0.33935698013198395,
            -0.3508445333124209,
            0.10805911633368698,
            0.08204718572895567,
            -0.06231421176226582,
            -0.2651126926307672,
            -0.04938505577205962,
            -0.09283929743226983,
            -0.41592040246643486,
            0.37761339600820687,
            0.2344236475219221,
            -0.27354168854051997,
            -0.04495042778979842,
            -0.0449986135329223,
            -0.09548428686858042,
            -0.024044809456005855,
            -0.05163694095203113,
            -0.2736575223108633,
            0.23045767450620122,
            -0.03845429253543406,
            -0.14324637051305136,
            -0.3995291319857842,
            0.04423915447423453,
            -0.1470885258815801,
            -0.16364993263518737,
            -0.4774525023877416,
            -0.07269281578601854,
            0.11841101955198005,
            0.04791457350503538,
            0.021701198827906745,
            -0.16085126081667409,
            0.08153768994518981,
            -0.031141200497990375,
            0.1058201327666377,
            -0.3251891890921716,
            -0.28736769316389443,
            -0.10018447538396612
        ],
        [
            0.405999501162131,
            -0.046771705533152116,
            -0.3557209216739658,
            1.4637755894585476,
            0.7337265306472152,
            0.8138716997512023,
            0.8056159065868748,
            0.010184782407952035,
            0.5831203771042903,
            -0.1817161105596756,
            -0.011786228161651964,
            0.00195447599082508,
            0.5198276933657148,
            0.3476842816161392,
            0.08503095030436024,
            0.3711471219499161,
            0.9558560750112175,
            -0.6381416970752313,
            -0.524364073747586,
            -0.06370272120495761,
            -0.11892240672898402,
            0.14076012366292323,
            -0.13352999074302832,
            0.322218975368055,
            0.12246720433720137,
            0.22059494859274167,
            0.11381236959285299,
            -0.23691702849950677,
            -0.026660691668824083,
            0.0739858826464363,
            0.19151794947504294,
            0.8063605233049381,
            1.2752030467288784,
            0.28782929213846986,
            -0.07457245264783824,
            -0.313167481015737,
            0.8248523009426727,
            0.032732321479387975,
            0.19414211239757717,
            -0.07951185133154638,
            -0.01918745733986123,
            0.47725607837397865,
            -0.08867346277246732,
            0.7840317584250655,
            0.5542258546738456,
            0.37292601658526414,
            0.46165145639569455,
            -0.43430316323973905,
            -0.03034476186891743,
            0.015316402120879898,
            0.3699458606279091,
            0.18826857359331764,
            0.7060912667929153,
            0.403222151571321,
            -0.5113761591487337,
            -0.3797697506197924,
            1.2501844922608072,
            0.10566953608138083,
            0.761814213301137,
            -0.011949525269320624,
            0.732929679046841,
            -0.4088737068502102,
            -0.28154085067670453,
            0.24793898389978503,
            0.9462077477545776,
            -0.3636280509341573,
            0.2858380457245197,
            0.2203015466008943,
            0.6902313564407264,
            0.2528442702581246,
            0.048008097466093476,
            -0.07663650667599038,
            -0.4999725063129369,
            0.44589960769516945,
            0.21189051186235305,
            -0.06943953911370103,
            -0.3942831089123552,
            -0.32740642715864116,
            0.709481995038492,
            0.7521754345154033,
            0.7158496377123948,
            -0.26216329098334273,
            0.3048326447051612,
            0.18788524919057345,
            0.6636054225985676,
            0.6171124674053164,
            0.31566845759796897,
            0.396296850703547,
            1.3674492017823394,
            -0.07862203099338891,
            -0.19862243277176883,
            0.639330741970675,
            0.01505831947088576,
            0.6359433674084255,
            -0.33290469673357004,
            0.3969578836050636,
            0.005375243180788856,
            1.0992895271949135,
            1.0955281864573791,
            0.16051670716390345
        ],
        [
            0.27666422163451265,
            0.11336227992750397,
            0.004997113763837183,
            0.7337265306472152,
            1.4081630783517438,
            0.7574945892032856,
            0.7079910381983444,
            -0.4303751935507442,
            0.4586852814121193,
            -0.4048534557263208,
            0.16345412308950188,
            0.38913821125566855,
            0.23781979074798543,
            0.36303334655549635,
            0.20133456990701942,
            0.3469160156384792,
            0.2280866909420843,
            -0.41552625983401587,
            -0.4612355732001273,
            -0.03451945384074688,
            -0.20142782477022653,
            0.3567573634748799,
            -0.5742840906858031,
            0.3350023680858125,
            0.14600601398785773,
            -0.4488135657968838,
            0.18527780229465016,
            0.2910010329692695,
            -0.18955834401503724,
            0.3162421722814973,
            -0.29530256642099617,
            0.7372909761358087,
            0.9758784147316771,
            0.33357476490693316,
            -0.09395528088501921,
            -0.13640291424628057,
            0.7558954109038443,
            0.17385114089327475,
            0.39624723425760267,
            0.16353080930386996,
            0.1972296064359238,
            0.3665852941835636,
            -0.13741425839930688,
            0.8081399647567588,
            0.725586896386939,
            0.4763226386551247,
            0.6464255158417502,
            -0.23321169835931319,
            -0.18297706327551574,
            0.24643943309326166,
            0.3065199788820737,
            0.14564600313813456,
            0.7711966215714523,
            0.5624262479034143,
            -0.2552273999718691,
            -0.22613036550641522,
            0.8322109286160996,
            0.08481173753524975,
            0.6743549861110819,
            0.2904517468734566,
            0.5621301441453513,
            -0.5009465357612766,
            -0.1545327387220877,
            -0.2626194026433012,
            0.5311605707311783,
            -0.25249056895626176,
            0.23630664135437227,
            0.36756260483784126,
            0.5242381599014093,
            0.09874504789818961,
            -0.05844038259519245,
            -0.25153299407715946,
            -0.17323057830585092,
            0.43156806793378416,
            -0.5952599586562519,
            0.7813000076565624,
            -0.5411709934090034,
            -0.34888724574917346,
            0.7223513130246003,
            0.9096353306783154,
            0.3880676883530662,
            -0.2126893188616338,
            0.5960893872692153,
            0.10458775841092285,
            0.12769400423976598,
            0.6458759390398047,
            0.03893038801329187,
            0.16209973917022868,
            0.966806055698084,
            -0.13135552885632193,
            -0.2675295743212129,
            0.6602049904939107,
            0.3084989311992298,
            0.48066031828904954,
            -0.15016441527365204,
            0.3989011166785072,
            0.1694634764688726,
            0.8972262024926918,
            0.6521179551216463,
            0.055198964415407614
        ],
        [
            0.46586393005088944,
            0.3407565636667711,
            -0.14625091976078028,
            0.8138716997512023,
            0.7574945892032856,
            0.9818064622724868,
            0.6385756147619304,
            -0.5433828524315417,
            0.6647766412187506,
            -0.25538904490547426,
            0.2705124660655774,
            0.5673869724840546,
            0.35453138815149765,
            0.24301211586213292,
            0.2552040209333496,
            0.49503515302693507,
            0.3737669580422206,
            -0.5606030264503445,
            -0.469710931165758,
            -0.32399494929983375,
            -0.0786876167499111,
            0.39028814560774927,
            -0.3907162174531636,
            0.4287887963782632,
            0.5000743121215527,
            -0.2559431895874908,
            0.5298534826767535,
            0.17289472054077837,
            -0.1525780006626569,
            0.3161925183211574,
            0.5377596857431608,
            0.40375348480383866,
            1.0672480876328225,
            0.6087778203441794,
            0.05040540336147978,
            -0.09640081925667696,
            0.7284678191337776,
            0.4585654953108063,
            0.5472484710009616,
            0.03647861094289645,
            0.348604040772372,
            0.24888402492931722,
            -0.1367411471270335,
            0.697004406385292,
            0.6882010127723794,
            0.5551826682491543,
            0.6461718197049312,
            -0.48531354499787027,
            -0.37254138786981555,
            0.43397815341218887,
            0.6398260242313992,
            -0.04123818565558734,
            0.4047695444221875,
            0.7050099031849478,
            -0.0656075009010639,
            -0.29458066409422534,
            1.0144222914411318,
            0.20662787962746815,
            0.41431549238811777,
            0.3553171571708629,
            0.29552268735133763,
            -0.5121244256294712,
            0.046902272192168075,
            -0.19929448616651965,
            0.749111695611732,
            0.1876640250429371,
            0.07785980043708568,
            0.5862102368605301,
            0.8352377868755874,
            0.2443283285607074,
            -0.04160191547322265,
            0.169556385176091,
            -0.3924301022803883,
            0.22753576143627743,
            -0.3158972116017442,
            0.14225546292983068,
            -0.222504370517419,
            -0.43763068652414594,
            0.8871851431762989,
            0.8677690257532757,
            0.5895129523063004,
            -0.19018746045626825,
            0.6702822278709292,
            0.2873521840520007,
            0.5186036047349416,
            0.8549959093416679,
            0.12425295135852359,
            0.550997965995021,
            1.074030461233331,
            -0.2632678786544817,
            -0.38450024561357177,
            0.6536755167168445,
            0.4579456444531708,
            0.7525812124334287,
            0.03714884284871393,
            0.13201841787749746,
            0.4733114315232975,
            0.8533307668935034,
            0.8652548976626304,
            0.24479015526529693
        ],
        [
            0.46936764191852076,
            0.06515185169620906,
            -0.3304033307583951,
            0.8056159065868748,
            0.7079910381983444,
            0.6385756147619304,
            1.1731807987058498,
            -0.17874591045088525,
            0.33639679087714647,
            -0.07201455560656758,
            0.09918646160346141,
            0.28274187637773585,
            0.336422872011335,
            0.2466343154450307,
            0.08138777442651218,
            0.23407278534241538,
            0.497186709666891,
            -0.42007799022157644,
            -0.5302887850294428,
            -0.3250221191725866,
            -0.1649461420997067,
            0.31305075917874087,
            -0.3079994118338266,
            0.24316720441523174,
            0.3095996162811865,
            -0.125839103023287,
            0.17326930925874692,
            -0.03396167643569467,
            -0.05682947406231491,
            0.06665310546713722,
            -0.13916519329437135,
            0.43596992779705257,
            0.9280669894813205,
            0.3674494303563953,
            -0.09320789295155868,
            -0.1265950832347562,
            0.18110468517934497,
            0.38889591730782597,
            0.34571290585762915,
            0.12063627269339695,
            0.05612857718630892,
            0.1953343557088686,
            0.12378476257183144,
            0.6131998410726659,
            0.39039715319763474,
            0.48892781467114227,
            0.37397490382805165,
            -0.3392922219998203,
            -0.27849682280732035,
            0.1843432762642522,
            0.20143588837331647,
            0.01678838534830848,
            0.2026450696090939,
            0.7776579846819214,
            -0.23505271828760063,
            -0.3399544276347264,
            0.7504521675980169,
            0.29894332927488376,
            0.4666864036944763,
            0.06425319601929598,
            0.42130260989848217,
            -0.4354761560858422,
            0.00011884727717600018,
            -0.04709922559249262,
            0.39017202229675063,
            -0.29111089574738314,
            0.19312916378916345,
            0.5502486695497273,
            0.5028895375860172,
            0.22115445264945316,
            -0.05121569401884706,
            0.056063589919137055,
            -0.24062939616579102,
            -0.2178437749998014,
            -0.11366171206231299,
            0.04611868350291096,
            -0.24078135133700282,
            -0.2776267741996247,
            0.6305068091172116,
            0.6542334227138378,
            0.6461982146211276,
            -0.32344242692531594,
            0.5145161422719097,
            0.16472401514872106,
            0.35942476701154696,
            0.5286072679567231,
            0.20278336997476537,
            0.3904662530795598,
            0.9817997413208944,
            -0.12995527154978748,
            -0.2788515161327625,
            0.44793579086721713,
            0.31576642785262726,
            0.548251613091484,
            -0.2813850267214104,
            0.2319731983823961,
            0.16997291214799012,
            1.128542962241137,
            0.6032298203309615,
            0.17262846718782904
        ],
        [
            -0.16075217645428186,
            -0.6211170921936857,
            -0.16349999827847522,
            0.010184782407952035,
            -0.4303751935507442,
            -0.5433828524315417,
            -0.17874591045088525,
            1.4545752886852288,
            -0.6453497927705987,
            0.543981018628841,
            -0.5406202888877171,
            -0.8481302397773318,
            0.03874115453781765,
            -0.14092927663744823,
            -0.4763617914509875,
            -0.7158258693365028,
            0.13557978143129376,
            0.22859547467287766,
            0.3182754219028444,
            0.18190245277285383,
            -0.08399986013188254,
            -0.5060422371224247,
            0.6216986573220846,
            -0.5887689577514842,
            -0.6977533119252568,
            0.2716521197726655,
            -0.8104704120934969,
            -0.6522948621919441,
            0.4948117859667858,
            -0.2911254781785828,
            -0.3445311800026867,
            0.037600767081406146,
            -0.5233305683290074,
            -0.8775841720995358,
            -0.2368422769762119,
            -0.30139769361567614,
            -0.4534193516209399,
            -0.5007409112847468,
            -0.8212339356373946,
            -0.08228576322903393,
            -0.6461947587051178,
            -0.04582482225544033,
            0.44609620959687574,
            -0.5135869035939996,
            -0.6888139739415283,
            -0.5070139615850306,
            -0.7797342705900345,
            0.7078894258407271,
            0.5166667387143035,
            -0.8136293643407307,
            -0.6635020943224056,
            -0.10535593215919178,
            0.06723984675405598,
            -0.7047845162187302,
            -0.10882151933986674,
            -0.03445770189229802,
            -0.4550205598480717,
            -0.2648374281000442,
            -0.09331707927846265,
            -0.614267141116061,
            -0.0022877189529033086,
            0.49212904924320494,
            -0.377387996877804,
            1.0468418282337804,
            -0.33736216245953893,
            -0.9294030292112688,
            0.15521503555926258,
            -0.7352170342323331,
            -0.910214967246436,
            -0.2106330371947749,
            -0.058131134267476854,
            -0.42518252413579527,
            0.11617498990263878,
            -0.18814221181809232,
            1.1373579196143266,
            -0.41527131983647225,
            0.09186392520345628,
            0.2776535281413517,
            -0.556774592966497,
            -0.7626099786936666,
            -0.3709886248489713,
            -0.06688768511901677,
            -0.6672709044952346,
            -0.24708566195795725,
            -0.20085911536337014,
            -0.854962849282145,
            0.31421965376428435,
            -0.6504256153302082,
            -0.6548371955476355,
            0.5207202078378207,
            0.32112318846466265,
            -0.724274044990422,
            -0.8163160233806502,
            -0.715797678408879,
            -0.37801670880461635,
            -0.07706621283196827,
            -0.770572744616201,
            -0.24601420399234442,
            -0.422712535533991,
            -0.5083030385866304
        ],
        [
            0.6062446038790704,
            0.4409487307327512,
            -0.09786451699537656,
            0.5831203771042903,
            0.4586852814121193,
            0.6647766412187506,
            0.33639679087714647,
            -0.6453497927705987,
            0.9903225067211482,
            -0.5626183503157617,
            0.3376627136415368,
            0.49290186724942525,
            0.38452725209274785,
            0.04120120336633554,
            0.3687644889219959,
            0.622655014620986,
            0.3668139656116302,
            -0.24016415678956177,
            -0.5570250693792868,
            -0.39147760475504867,
            0.03636543728080523,
            0.45283943982158614,
            -0.09028403651314322,
            0.5402158061574861,
            0.582489460831776,
            0.0015081196558370726,
            0.7100236132977418,
            0.05380851188866322,
            -0.46059199340537144,
            0.2886561176656776,
            0.2140119409183544,
            0.12760092090494443,
            0.9165920107634037,
            0.7757246534409903,
            0.01004524334266695,
            -0.3262436453624429,
            0.8718402635350084,
            0.5927210706382747,
            0.45268002062602747,
            -0.1458387905485061,
            0.5384572302487143,
            0.04939257993220908,
            -0.21909582364362873,
            0.5494501371591337,
            0.8649745855372846,
            0.5397421655546981,
            0.6570915469463894,
            -0.6248723780991688,
            -0.2551726615556987,
            0.5611544106727993,
            0.7381210939723727,
            -0.09213278930880288,
            0.22455642325215736,
            0.6562733835927813,
            -0.4448951903282192,
            -0.13915203896605144,
            0.8243863814399043,
            -0.126428460971156,
            0.20401439428063847,
            0.6129816683985911,
            0.004536185883677563,
            -0.23277677372293695,
            0.47727266090353515,
            -0.1768303420941915,
            0.6962835466338725,
            0.3590648727030408,
            -0.01367200767818458,
            0.6574143847157133,
            0.7935298827047201,
            0.5161198496954459,
            -0.059246810072280665,
            0.4109503310473896,
            -0.4342875554262733,
            0.2913243565370866,
            -0.25029588404503034,
            0.1428313075967216,
            -0.2444127407935653,
            -0.13647028763145622,
            0.5881338353536846,
            0.7798066707616501,
            0.897939384248349,
            -0.21665544771414444,
            0.4297561856921365,
            0.018603666363646285,
            0.5171396465565585,
            0.928485169775295,
            0.044809744796465635,
            0.7522812634550263,
            0.9264819873751812,
            -0.12036461111857515,
            -0.48345616482660264,
            0.8800443864494729,
            0.6430951726127856,
            0.8002340556936465,
            0.1090446752816835,
            0.07495562550791775,
            0.629107884201292,
            0.555006763634239,
            0.6887248477390207,
            0.35963278327955794
        ],
        [
            -0.0711299436845626,
            -0.0669326785010363,
            -0.11366944026449546,
            -0.1817161105596756,
            -0.4048534557263208,
            -0.25538904490547426,
            -0.07201455560656758,
            0.543981018628841,
            -0.5626183503157617,
            1.449089948458061,
            -0.230993209625169,
            -0.3155219873941511,
            0.0452720783637967,
            -0.027267614174876758,
            -0.12099135879272913,
            -0.34389264168858924,
            -0.4542743955611768,
            -0.31131993031117833,
            -0.10496079685023274,
            0.06982836640430092,
            0.015487753165075994,
            -0.39020035763691197,
            -0.2741595686243619,
            -0.21305267656573137,
            -0.23778972917900165,
            -0.03300764778771331,
            -0.4524557351258839,
            -0.16562333277487434,
            0.5515030683996653,
            0.0027727725289559543,
            0.45411633162635107,
            -0.18999464608543448,
            -0.6106163636630297,
            -0.5099112899888221,
            0.024113742862774196,
            0.08132420461004608,
            -0.7134921406165691,
            -0.26253873544660505,
            -0.20596502189804697,
            -0.010259321394067709,
            -0.338053154979847,
            0.03272129078176535,
            0.3615072652150437,
            -0.31203305904316386,
            -0.27376437450276947,
            -0.3366208451310206,
            -0.47688060320080744,
            0.3713560867178097,
            0.36395342837680456,
            -0.23746177275400346,
            -0.23002937220349004,
            0.40608537716213805,
            0.18070564550871443,
            -0.43405760103480584,
            0.46353260260289875,
            -0.2161546649727633,
            -0.5674324622794569,
            0.3457673356677071,
            -0.19533954171472842,
            -0.32683038645941764,
            0.2119462310056232,
            -0.3501881735800091,
            -0.40451701991740807,
            0.11564622276147227,
            -0.15854067209707498,
            -0.18274538010191335,
            0.010722597754058443,
            -0.352126648109998,
            -0.5108520574610685,
            -0.3425137033440209,
            0.014408877826554962,
            -0.7597448451190507,
            0.1602419680548682,
            -0.7822095197331096,
            0.3986599579061065,
            0.005520895446341262,
            0.31993150101726153,
            -0.07913936672125935,
            -0.27651846569761435,
            -0.6288764041308741,
            -0.5800637019209098,
            -0.2105906879873078,
            0.047635173482856584,
            0.09274549393777809,
            -0.1054063758991789,
            -0.49651204508678687,
            -0.09284572562194975,
            -0.45077590478174545,
            -0.6455439946571222,
            0.003651277315892962,
            0.31777512996798885,
            -0.41031003828856694,
            -0.5207834284941087,
            -0.44959381942508936,
            -0.35209069949338434,
            -0.007912213344698611,
            -0.3467485072440524,
            -0.3814325917686001,
            -0.6279668410458008,
            -0.0785559749544593
        ],
        [
            0.15288495207356276,
            0.3732050046348174,
            0.056382694875613586,
            -0.011786228161651964,
            0.16345412308950188,
            0.2705124660655774,
            0.09918646160346141,
            -0.5406202888877171,
            0.3376627136415368,
            -0.230993209625169,
            0.3850547812097755,
            0.4923866823446975,
            0.03199146899913818,
            0.05031203356733782,
            0.3142909614934129,
            0.26337210616055695,
            -0.0870274576016101,
            0.011323190041708798,
            -0.2328854462125557,
            -0.26957905393889575,
            -0.15128205374812206,
            0.2588769185171729,
            -0.15142248592174004,
            0.3202941750437329,
            0.40193557115363837,
            -0.0900297495619387,
            0.39861078066912925,
            0.3466609430928777,
            -0.1918897254029982,
            0.17838301642079135,
            0.14114377554926807,
            -0.0695581695399478,
            0.1709965591790056,
            0.46058679681813525,
            0.086638632269941,
            -0.052232985036133515,
            0.13523795630165875,
            0.40030374149276593,
            0.42406693818284363,
            -0.04551220210876645,
            0.3702392161630165,
            -0.045027697232373216,
            -0.08352042568616136,
            0.18581388868101756,
            0.34305126880094755,
            0.23945114478732976,
            0.4051064976261475,
            -0.30149401435353457,
            -0.3019908036417435,
            0.39617826376380555,
            0.40667885029782946,
            -0.07048194810543196,
            -0.14880628706715138,
            0.3756039850008127,
            -0.004267386287728502,
            -0.1075555998995038,
            0.18046584620432346,
            0.08513190242702794,
            -0.011982367281926306,
            0.37600277150953093,
            -0.09091829523595812,
            -0.21566552088431745,
            0.2661825306335195,
            -0.2717414853930872,
            0.1563199801254595,
            0.46801822885186517,
            -0.08080864475469167,
            0.4071981418244212,
            0.37974806564992025,
            0.2683169149678212,
            -0.01450546097172629,
            0.273859049762473,
            -0.19862640003247528,
            -0.13029227028768756,
            -0.4276776686788288,
            -0.04363737472173184,
            -0.016438738697310253,
            -0.06802852022830135,
            0.3098938160101374,
            0.3444711802208648,
            0.28064534667975055,
            -0.03835516508178951,
            0.37700376188363505,
            0.09317397287307469,
            0.19980434351211565,
            0.4682686199248299,
            -0.10811447068200655,
            0.40087581975801523,
            0.25508629665929555,
            -0.09038864985080831,
            -0.2809803466131276,
            0.31453482120006737,
            0.37438995934108216,
            0.39437224336086074,
            0.07462235589298852,
            0.013414814983492895,
            0.4384525522053047,
            0.1408365430973572,
            0.1992824155453042,
            0.23305548764081002
        ],
        [
            0.09676257329154175,
            0.6568678585332682,
            0.021138785820077898,
            0.00195447599082508,
            0.38913821125566855,
            0.5673869724840546,
            0.28274187637773585,
            -0.8481302397773318,
            0.49290186724942525,
            -0.3155219873941511,
            0.4923866823446975,
            1.032210827576326,
            -0.04738783131215403,
            0.057512292691580646,
            0.505098800707702,
            0.47538289900105485,
            -0.2701011099766765,
            -0.1649921873969642,
            -0.3267868548751129,
            -0.45328847447598136,
            -0.3063024074568274,
            0.6307825559899997,
            -0.38993816108029367,
            0.44338349543291977,
            0.7300656669184202,
            -0.19243163605527655,
            0.6251578976611138,
            0.5628032788169592,
            -0.24769903285665412,
            0.3972424640656514,
            0.32861689450903536,
            -0.14682180386295982,
            0.305626283397151,
            0.7225394744623022,
            0.13389422616595006,
            -0.05034443811236278,
            0.1698149379955476,
            0.8446612302645001,
            0.6721022973915857,
            -0.006011565849857047,
            0.6651879739829443,
            -0.026490765928907156,
            -0.002350101123987486,
            0.36511723479711683,
            0.43869502427072155,
            0.4354638917991058,
            0.5950290239740006,
            -0.3699458702874396,
            -0.5161689780588808,
            0.653490265374318,
            0.6667907144418135,
            -0.15079643168979712,
            -0.29531345009205145,
            0.6783945325251393,
            -0.06737621708850662,
            -0.18248148787838323,
            0.2430161397670235,
            0.3132454072302255,
            0.011011617241701755,
            0.5621462227198506,
            -0.1424754096045297,
            -0.46778704791024,
            0.3655468279062189,
            -0.5499554233532814,
            0.2769633601192831,
            0.6850037853858758,
            -0.03676932586940424,
            0.7923770216750918,
            0.7460394976884277,
            0.31137190032873807,
            0.0033211553449563574,
            0.521465670685677,
            -0.35465402765905224,
            -0.24889556259299167,
            -0.7436640830776176,
            0.2974950492742927,
            0.036526722663393615,
            -0.45198623077492417,
            0.6384793639313378,
            0.5313217354658507,
            0.3654834401051057,
            -0.060686989479272625,
            0.7759527132670332,
            0.06893451087749684,
            0.22588437233206116,
            0.7667982120627203,
            -0.1754769745670207,
            0.5897662102996657,
            0.3574856613090187,
            -0.30238708172264944,
            -0.3375383225439957,
            0.42451398115219446,
            0.7316269335422054,
            0.583428078061578,
            0.31169314133712367,
            -0.00428931119077952,
            0.7781977784109697,
            0.3482988659372983,
            0.38304609262529815,
            0.34959211071665197
        ],
        [
            0.4298254951973287,
            0.06929474877346505,
            -0.25058411907794087,
            0.5198276933657148,
            0.23781979074798543,
            0.35453138815149765,
            0.336422872011335,
