{
    "pos": [
        [
            1.9047780415670659,
            -0.060997643062780285,
            0.03836998864002194,
            0.09953631814261808,
            -0.10696037301403974,
            -0.3044405057365214,
            -0.5147856237978737,
            -0.15371947435896566,
            0.25021075613856364,
            0.17105082964595406,
            -0.29912396913709044,
            -0.38572066512330144,
            -0.2848640823795615,
            -0.2266932747919339,
            -0.36083923590466144,
            0.10142129119292054,
            0.20106269322374531,
            0.0674284304544568,
            0.23371852419728018,
            -0.38740922962728064,
            0.7665583111905248,
            0.059241578984795325,
            0.18482228312412408,
            -0.2514663863976008,
            0.17981555215832365,
            0.17508112751180235,
            -0.4930441166534298,
            -0.11606335021459772,
            -0.17216387612678108,
            -0.3341175749010627,
            -0.2980774466807921,
            -0.21499002339741455,
            0.05591657475644753,
            -0.47115175844356816,
            0.17443585838840073,
            -0.26070979126348126,
            0.24580645855979136,
            -0.09289524875722402,
            0.305544698044805,
            -0.2492556550846601,
            -0.4512230344071362,
            0.6071900158776843,
            -0.12372483220107026,
            -0.012089261233694332,
            -0.08633002390761474,
            -0.26290234250027256,
            0.45909838210372955,
            -0.43968574294124835,
            0.32590726537108144,
            0.06435355538241469,
            -0.394243115302925,
            -0.3503062752449448,
            0.09507473166984312,
            0.3257070226058137,
            0.11601024947556553,
            0.5484501248854557,
            0.6631380879209803,
            -0.20575463908342032,
            0.1763152804662869,
            0.4528444534562472,
            -0.01446640325830992,
            -0.18834312609097426,
            -0.20945064684001108,
            -0.09506772654064989,
            -0.248239672012672,
            0.43106826831953693,
            -0.018747225735598786,
            0.20555904849074047,
            -0.28097122521733,
            0.21129052432341636,
            -0.07577659110119109,
            0.11829790986058467,
            -0.09313494015228604,
            0.4818581639377981,
            0.3443397060910172,
            0.15121111598581244,
            0.04454128604187076,
            0.16422049887917564,
            -0.09228036021898647,
            0.3339898724487149,
            -0.3046193225929471,
            -0.3537840127732032,
            -0.04376571846305609,
            0.5333576474226326,
            -0.35688571306059513,
            0.8373640380658084,
            0.02195335430506246,
            -0.15137045335908658,
            -0.00046713941095907194,
            -0.1578023755270235,
            -0.22234773053846776,
            0.6210722858791933,
            -0.21217499688692315,
            0.647494140569731,
            -0.26529665073863035,
            0.5216250847853255,
            -0.06060493080374896,
            0.31699168128607313,
            -0.011140174070881668,
            -0.13412234769962977
        ],
        [
            -0.060997643062780285,
            1.6059403405545007,
            -0.2319260647850854,
            -0.11038745112624669,
            0.21970857163875804,
            0.14479159259929178,
            0.5095449695791706,
            0.14052936829426735,
            0.09902788365869036,
            0.04179497820719433,
            0.34297898712633923,
            0.3205726839316623,
            0.418209678928378,
            0.2878698124682062,
            0.35172846836782723,
            0.2975221170469312,
            0.047514931229995304,
            0.19060347266881977,
            0.6319826184578202,
            0.06421361685861912,
            -0.0611062024108563,
            -0.05204319472428368,
            -0.21112037392911367,
            0.2931249043980842,
            0.1794942008653201,
            -0.051471491272132054,
            0.4292120931703297,
            0.10747287993332069,
            0.04478543572791461,
            -0.057328010706831495,
            0.24411551004361806,
            -0.5799423597672898,
            0.0031676506891556806,
            -0.1555966343928865,
            -0.13907901022188254,
            0.2782089156005358,
            0.18172384047760262,
            -0.27053089167489697,
            -0.18752652076501547,
            0.46294427070928323,
            0.47072401457810914,
            0.026113436355767208,
            0.1766179912423029,
            -0.039822334079566805,
            0.1454762420449722,
            0.23868076123351908,
            -0.3144343470610335,
            -0.20659074121959048,
            -0.3543816374241069,
            -0.30422862287487257,
            0.26617851626264094,
            0.41054005536308474,
            0.23795535080343833,
            0.4737754300160342,
            0.03552732763427947,
            -0.39858968467557676,
            0.2784344939600648,
            0.17277618270876471,
            -0.15793190019237494,
            0.31064814744704317,
            0.07898254182420396,
            0.10668277742126041,
            0.4758929246664657,
            0.04248361127970771,
            0.24878356673022015,
            -0.04775610819473058,
            0.12504558268742666,
            0.01953034810199344,
            -0.08528507020406007,
            -0.25746347452082746,
            0.2111256484391863,
            0.19301217317749328,
            0.25724901883090573,
            -0.19054851304115614,
            0.00954780694909398,
            -0.12342422589410997,
            -0.1008619223765105,
            0.30266386444671456,
            -0.07144911046337997,
            -0.5590103573465838,
            0.27872329037131577,
            0.20970399683838722,
            0.5715208343424941,
            -0.19804650948889257,
            0.3784934096900555,
            -0.02728076244956425,
            0.054857791589029196,
            -0.04441113082808495,
            0.36387712321174387,
            0.049826269709808274,
            0.16337236395803015,
            0.2495252476403903,
            -0.02046366347484554,
            -0.2349763906799676,
            0.598797470397216,
            -0.17860232829000783,
            0.25647113506755487,
            0.10689521191563785,
            -0.019278677271601197,
            0.3559405339394343
        ],
        [
            0.03836998864002194,
            -0.2319260647850854,
            0.6137805801004584,
            -0.03796697346139298,
            0.5107215593961297,
            0.09045550603894735,
            -0.17173576233522142,
            -0.026213574948996957,
            0.25379155528559666,
            -0.0768911397368157,
            0.24690324795680518,
            -0.134489070966775,
            -0.008137742453556803,
            0.16884427853983536,
            0.2542506228430699,
            0.19094794577098256,
            -0.2690195450412013,
            -0.10464803819524854,
            -0.012768240672956895,
            0.12010979695205974,
            0.11113240553560924,
            -0.05626999454509415,
            0.5398240720829036,
            0.003564553523213488,
            0.13558669045964764,
            0.23510832533802803,
            -0.20114583611786882,
            -0.11869370676322749,
            0.10526092871197848,
            -0.1883956521406721,
            0.16890935144996447,
            -0.37487442995781445,
            -0.20767240940430745,
            0.03809340493650047,
            -0.07183036342235886,
            -0.0433762968237855,
            0.15848896988117256,
            -0.19671643590027973,
            0.23669313258992686,
            0.06867984435284002,
            0.0027055036982873214,
            0.30870982255299045,
            0.09680951818171178,
            0.18869625258361453,
            -0.05472318840391802,
            -0.07005589159380927,
            0.6520687864085671,
            0.21182428484475907,
            0.3024557954485161,
            0.09170908029201787,
            0.03633741858230379,
            -0.046294937438328236,
            -0.26312132742160793,
            0.15563019875460724,
            0.08919531910806307,
            -0.17291281537673478,
            -0.19775645500230432,
            -0.016041653723337542,
            0.11258180331174038,
            -0.29919826738702154,
            0.1565263310601653,
            0.06056153172774753,
            0.0077667598463217885,
            0.20249064912259576,
            0.0010802354435217297,
            0.33926532419640454,
            0.1313123324617664,
            -0.2351666208811319,
            0.002638868006136821,
            0.15389269897081304,
            0.23762296712604605,
            -0.15783735555494446,
            0.13053429084366636,
            0.08096488214272077,
            0.12860151822229374,
            -0.11115864713310933,
            0.13730090075373366,
            0.0727885794485958,
            -0.10676462342353961,
            -0.19037315263526622,
            0.09683867130451415,
            0.13524974962563116,
            0.22790708860250955,
            0.26941772444800555,
            -0.013612084060565514,
            0.14916069694333803,
            -0.24840251657015067,
            0.407289996131402,
            0.04254446356425772,
            0.49095615975751705,
            0.16156195208162266,
            -0.12842663598045684,
            0.4580837742572451,
            0.3449190014900277,
            -0.07980499937757608,
            0.05120452900552031,
            0.2357385713965013,
            0.40610495761251325,
            0.323294600273126,
            0.056963703542393454
        ],
        [
            0.09953631814261808,
            -0.11038745112624669,
            -0.03796697346139298,
            0.987176195470732,
            0.27290879408217844,
            0.08737171129716462,
            -0.023719364311706986,
            0.043684072442795284,
            0.2911031740998692,
            -0.23734370016298637,
            0.2745086616601277,
            0.09089234859162164,
            0.22720623028830653,
            0.07251156158791457,
            0.3011545384950978,
            0.06845947201494955,
            -0.13925640703461553,
            0.14012952126664752,
            -0.09982545555112328,
            -0.046389946871254355,
            0.16393291756604153,
            -0.27215173585917923,
            0.1083642333397985,
            0.16026329039203271,
            -0.20188009421230302,
            -0.13668098713869845,
            0.16634243923403597,
            0.001757730148656454,
            0.01651559053670622,
            0.137421523395091,
            0.29244153816909707,
            -0.301670636308467,
            0.10637769744338979,
            0.08345047442163298,
            0.04229129678012492,
            0.22014052083704497,
            0.302179027945054,
            0.09537839547199292,
            -0.07659550529973234,
            0.2199051988964357,
            0.1250678205637193,
            0.020787817632688266,
            0.1683461950480614,
            -0.03431030887556655,
            0.25305398296458004,
            -0.002784361824617054,
            0.01098111456150282,
            0.18652075446139393,
            -0.0194015989815446,
            -0.15505805817842042,
            0.2690596674516823,
            0.09375090848215165,
            -0.1427401544210934,
            0.16425732024122966,
            -0.03683654542370083,
            -0.2999484932218834,
            -0.175423700441066,
            -0.2038047988511908,
            0.16225088381153144,
            0.02965299019527214,
            0.1066748629004778,
            -0.009516107956828094,
            -0.0026139376032837244,
            0.16423800537482916,
            0.12898984909031122,
            0.11046392832168572,
            -0.04564506099726348,
            -0.13552725988892625,
            0.17106047491867973,
            -0.09181468537855102,
            -0.23314520946476522,
            -0.016867424050702365,
            0.14190378416499802,
            0.04941343916747402,
            0.22285232710156533,
            0.00714122272803481,
            0.04167130787920561,
            -0.07339827616613774,
            -0.12325583764199592,
            -0.07690642861039215,
            0.0908256889930108,
            0.07831360100442851,
            0.39739042761098836,
            -0.0400891321169443,
            0.05165246860892031,
            0.1939597284998769,
            -0.2541651277854783,
            0.30526137923621177,
            -0.19711701053231107,
            -0.12282342872923381,
            0.19490762643053064,
            -0.06986581547836229,
            0.380653634526031,
            0.2870141687769208,
            0.18322716820736087,
            -0.1898700334316716,
            0.17123903321764872,
            0.15482109105115513,
            0.048161719326283,
            0.2821474491275464
        ],
        [
            -0.10696037301403974,
            0.21970857163875804,
            0.5107215593961297,
            0.27290879408217844,
            1.4198501488640465,
            0.4206323893741928,
            0.3468730941079577,
            0.40622862401962034,
            0.6165356877772857,
            -0.5035650778125433,
            0.8075726926353969,
            0.08018056756178259,
            0.5942606858527615,
            0.42805052079165157,
            1.1535291743119311,
            0.3836403454892285,
            -0.3967391983108563,
            0.41093887000691803,
            0.40221865296864223,
            0.31714278566156245,
            0.041113258056043496,
            -0.35345781016280775,
            0.7818730827994392,
            0.571836183240579,
            -0.41801006221446513,
            -0.10373894329416611,
            0.378296688051223,
            0.12696912111375996,
            0.6185214292494307,
            0.31606113569211547,
            0.8245334073948758,
            -0.6497565353379848,
            -0.3602650055433492,
            0.29061367179486686,
            0.22018600452701648,
            0.45660426097552204,
            0.6212136129366843,
            -0.10402166009959908,
            -0.1051789829958474,
            0.6385541571508623,
            0.5697763053793156,
            0.2012529078867935,
            0.6211258337124007,
            0.05579775613210092,
            0.13572185281972274,
            0.02840503575626198,
            0.4818834922499028,
            0.4548423353797064,
            -0.1073590737433742,
            -0.2752870842013129,
            0.8555223248634104,
            0.82715712776502,
            -0.25009037052892585,
            0.6730013745630461,
            0.03297504156737562,
            -0.5424539134720917,
            0.21332864976893365,
            0.08581253002284765,
            0.08316791059585177,
            -0.16512360852370475,
            0.26903318972225515,
            0.6304216997016348,
            0.3338016032162889,
            0.9590146488415995,
            0.4500758103737925,
            0.18717680767663963,
            0.6119177749494678,
            -0.4161679536158501,
            0.8168829963021185,
            -0.12053846739739063,
            0.08056013121995781,
            -0.4252440421657466,
            0.6154575373131004,
            -0.18108542148323273,
            0.20788955449104848,
            -0.11877988445615285,
            0.19073836918440917,
            0.4117291014739313,
            -0.19404423364740958,
            -0.40210263452745254,
            0.19484673985028536,
            0.4463437882928745,
            0.841464530066678,
            -0.1694018339909097,
            0.44857659387175586,
            0.10721843923037636,
            -0.5745706601977374,
            0.9982355595930379,
            -0.12687183397214533,
            0.4833947069331846,
            0.6868776659846296,
            -0.13201954170561087,
            0.8006524838453242,
            0.8024043734486935,
            0.49794081256620887,
            -0.31678417323098096,
            0.9419149453007971,
            0.6419610187942882,
            0.343375078441414,
            0.5679277581041386
        ],
        [
            -0.3044405057365214,
            0.14479159259929178,
            0.09045550603894735,
            0.08737171129716462,
            0.4206323893741928,
            0.9089975898340116,
            0.6826724317051849,
            0.4053005942465827,
            0.3504988556691778,
            -0.6013518926002113,
            0.7537497630646225,
            0.6971998512114261,
            0.8111147122905646,
            0.6720947462787196,
            0.6607802399512767,
            0.7087223859569075,
            -0.4415069415711872,
            0.6777455208404168,
            0.49934117500002073,
            0.782604978124719,
            -0.2076217134767344,
            -0.3931875898465884,
            0.07490062029738745,
            0.5320549763307967,
            -0.46164942684091487,
            -0.34290962651394746,
            0.46629273569822416,
            0.2724916992693323,
            0.3690308452315619,
            0.4375268365472369,
            0.785773565029922,
            -0.5004225278755013,
            -0.4456892595077996,
            0.4230567429024384,
            0.12624947386686108,
            0.7297365282391053,
            0.6131956362299833,
            0.07267065070333288,
            -0.4603770254850697,
            0.8270796069972378,
            0.9124521563778627,
            -0.16869443750511123,
            0.7775392735577922,
            0.17125945407564536,
            0.33354273132834783,
            0.2929808740483622,
            -0.20988139421588525,
            0.9079473796987082,
            -0.5690239886051149,
            -0.41586173322218034,
            0.5936210410045393,
            0.6969073662112887,
            0.3463204702187347,
            0.8076341525437448,
            -0.10566491972670207,
            -0.6085927561029018,
            0.25277416236832606,
            0.0557090692676408,
            0.05073100443388314,
            -0.18273432189446645,
            0.19321492780522495,
            0.4660145734577934,
            0.7007723080711091,
            0.603046115698642,
            0.8056459370777698,
            -0.09187053650221756,
            0.7983450327037843,
            -0.2508946413569198,
            0.5927421958178195,
            0.07921134757708108,
            -0.25128669682926463,
            -0.05665812859811936,
            0.6841948985815559,
            -0.0008934019998469314,
            0.36649913712696697,
            -0.22415601246719308,
            0.34512044831449923,
            0.5161087062351383,
            0.07370968274471125,
            -0.5158185355923487,
            0.21460953026799787,
            0.7752952120804716,
            0.6561210057958897,
            -0.421588733852543,
            0.6403142222800713,
            0.0995477824117538,
            -0.5461817644802042,
            0.23964831412280801,
            -0.04373422694564237,
            0.11297640818390253,
            0.6539767661316652,
            -0.11376510679861893,
            0.18967674151858183,
            0.029354652542071844,
            0.7371228820566819,
            -0.5206311332545704,
            0.6199528763105125,
            0.2358379813627912,
            0.14085609291884033,
            0.6822536281354694
        ],
        [
            -0.5147856237978737,
            0.5095449695791706,
            -0.17173576233522142,
            -0.023719364311706986,
            0.3468730941079577,
            0.6826724317051849,
            1.122933041659466,
            0.4976725735737284,
            0.13172145083407974,
            -0.4188958698124857,
            0.7206281907344676,
            0.6538120308889355,
            0.7764804747691789,
            0.5739854052747639,
            0.7283103354036807,
            0.3815079442665568,
            -0.344346306576323,
            0.6946352963311913,
            0.5789562005665901,
            0.7362202677843517,
            -0.35319686118207716,
            -0.3559553590154386,
            -0.1775495978681808,
            0.697902997603235,
            -0.48774324620600945,
            -0.41016081454507436,
            0.816366392608925,
            0.2967517314039625,
            0.37595146427766857,
            0.7754332666019935,
            0.6761967155174025,
            -0.17655312250760882,
            -0.20097889788029866,
            0.49411061228091674,
            0.14960387831613958,
            0.6454827868623536,
            0.32914863835760666,
            0.17505715479484804,
            -0.5304148376014501,
            0.8386522004332259,
            0.9127959488343201,
            -0.2765363237764544,
            0.6095352384813583,
            -0.12434594539064968,
            0.25475195339797074,
            0.388857137368121,
            -0.5748227755551073,
            0.6419509102264083,
            -0.6703057336161125,
            -0.5336715522911043,
            0.7439742408405633,
            0.9013469425020811,
            0.23880520885261158,
            0.4592570026738448,
            -0.11990932650818334,
            -0.4842492797717104,
            0.5579353505103176,
            0.3196306710410075,
            -0.16607400330163483,
            0.17299891153649027,
            0.03937232187477637,
            0.6065358209279453,
            0.740144384511036,
            0.5962914055672615,
            0.7471819816060729,
            -0.25837269155685383,
            0.7400264914308441,
            -0.07231715431871134,
            0.755244557995078,
            -0.1148609838392689,
            0.08214315786119207,
            -0.05044812831154398,
            0.5215865639482371,
            -0.19129642635673563,
            0.17626583899901735,
            -0.2509441021116075,
            0.187293548656857,
            0.5172701445693063,
            -0.09322142478231267,
            -0.34007612022942146,
            0.28733799636138224,
            0.5739859888044463,
            0.58774440140334,
            -0.6434086397932781,
            0.6948116316829704,
            -0.2752353272068975,
            -0.42484096657174475,
            0.1374875439751213,
            -0.017169754451598705,
            -0.022126418808397833,
            0.6185080080653098,
            0.11366485901088265,
            -0.08015053838643622,
            -0.2142897513512596,
            0.770687061150958,
            -0.6293857031392563,
            0.622758552908059,
            0.05488769502706922,
            -0.002174342998517017,
            0.5947465744631187
        ],
        [
            -0.15371947435896566,
            0.14052936829426735,
            -0.026213574948996957,
            0.043684072442795284,
            0.40622862401962034,
            0.4053005942465827,
            0.4976725735737284,
            0.477858623462542,
            0.19649394422665314,
            -0.31130622071839514,
            0.4779915462403392,
            0.3117735009601047,
            0.4498409803458751,
            0.30868867882991136,
            0.5671410170753832,
            0.1883808325870473,
            -0.1562935078815968,
            0.4535179452522985,
            0.3535203775364777,
            0.5338522497559359,
            -0.18687407895959887,
            -0.3254574440275056,
            0.04923065392587885,
            0.3981493491990544,
            -0.4297680164809035,
            -0.30221912748833113,
            0.4372574244586913,
            0.23956696399047578,
            0.3355302900143481,
            0.4230177410894038,
            0.5012518038990736,
            -0.10560490968544402,
            -0.19854817826255824,
            0.32424620978739344,
            0.23987307573331293,
            0.4080210514799019,
            0.23092779001210587,
            0.2060983594166011,
            -0.3238560134128691,
            0.4500504811892981,
            0.5332959019282921,
            -0.13647616831990517,
            0.5055234026420308,
            0.049046785382486115,
            0.0725169974427293,
            0.08935620189746661,
            -0.21787191915743595,
            0.4018432148157398,
            -0.34930473683360413,
            -0.23126252976113734,
            0.44858049679165446,
            0.5556465811284342,
            0.32231422978188484,
            0.27760986505968427,
            -0.0620152632153422,
            -0.16087952807169018,
            0.42872045791208235,
            0.04861670241792419,
            -0.11006405392475094,
            -0.001840334467029404,
            -0.002167079600392598,
            0.5014793958369806,
            0.4492853583493362,
            0.5471559210260138,
            0.5360469346873308,
            -0.1755536518898442,
            0.5265854006042242,
            -0.12939329005101716,
            0.5407162647576813,
            -0.006284789335951119,
            -0.107736197763662,
            -0.17208698498008207,
            0.36969799511602275,
            0.014340404720804126,
            0.10369402073919243,
            -0.1237333433190933,
            0.09326796492483824,
            0.33881078329242237,
            0.10866721141865951,
            -0.11165868158050943,
            0.12961211444458776,
            0.3678281442023847,
            0.365286517593652,
            -0.3755356942344677,
            0.4323114444480762,
            -0.11025030379652563,
            -0.3664406555044627,
            0.3052702296601661,
            -0.10087128509914262,
            -0.09482903861289074,
            0.5020532973427375,
            -0.10459343988081217,
            0.011801767153099791,
            0.13155985936811526,
            0.4292168146797088,
            -0.11542756141606651,
            0.506049298880211,
            0.09185869978810253,
            0.01767775026327218,
            0.4083520181706165
        ],
        [
            0.25021075613856364,
            0.09902788365869036,
            0.25379155528559666,
            0.2911031740998692,
            0.6165356877772857,
            0.3504988556691778,
            0.13172145083407974,
            0.19649394422665314,
            0.8758504710932826,
            -0.5360868265242599,
            0.41575293748253567,
            0.11674272545116562,
            0.36593570791570734,
            0.2278798081284445,
            0.5533753834377374,
            0.35956874616322226,
            -0.41286894476378166,
            0.162621718140945,
            0.31047828751165485,
            0.12708381693853676,
            -0.03484518492139124,
            -0.30252119173700165,
            0.4554925173953975,
            0.34508536378371385,
            -0.1972250045790933,
            -0.12079137197390323,
            0.08077878858797531,
            -0.09120670986001261,
            0.29671793877332486,
            0.19987442831526572,
            0.5339627788996584,
            -0.19006179477500548,
            -0.34778012173710937,
            0.1342616905307364,
            0.2860602648354367,
            0.31996593030668125,
            0.5617547882442304,
            -0.09874507638387969,
            -0.12044799324868478,
            0.4635650634552991,
            0.3180711271216258,
            0.10330365653543058,
            0.3298556969778265,
            0.08453999002107848,
            0.14763651759410937,
            0.02011224537772948,
            0.22120133394421568,
            0.5443881622904995,
            -0.19077778516952573,
            -0.341064298082834,
            0.36465636729563367,
            0.25278839877757464,
            0.01143348309112462,
            0.4577413345286096,
            0.020376490045286598,
            -0.36240835843260555,
            0.12992491354923102,
            -0.28274252120061916,
            0.08398583415876112,
            -0.05931368225309735,
            0.01997729644581436,
            0.3953413600664039,
            0.14158236633433952,
            0.607895366772177,
            0.26317790265275864,
            0.14884693968672438,
            0.3426193551696299,
            -0.2201320793136112,
            0.41755019602522075,
            -0.18124434586454044,
            -0.18602810441608733,
            -0.2517509934004679,
            0.4820631779922968,
            -0.07447884465705956,
            0.27469708884650273,
            -0.2640568877762116,
            0.12578563385068262,
            0.32058297521847934,
            0.39805668059088467,
            -0.20009905313942117,
            0.010772085876635034,
            0.2639237015085686,
            0.6167492230162759,
            -0.008029242755490306,
            0.2564553534357947,
            0.1983473387021034,
            -0.5368337870262608,
            0.5458839283356282,
            -0.21906404694709772,
            0.09517489442205335,
            0.46587093134735313,
            0.12282718583838144,
            0.3367726000316766,
            0.520420913998618,
            0.2834120028886552,
            -0.29280815870963556,
            0.6385585148748403,
            0.26328435004128614,
            0.10455336001196974,
            0.3654896771543733
        ],
        [
            0.17105082964595406,
            0.04179497820719433,
            -0.0768911397368157,
            -0.23734370016298637,
            -0.5035650778125433,
            -0.6013518926002113,
            -0.4188958698124857,
            -0.31130622071839514,
            -0.5360868265242599,
            1.2955828995131757,
            -0.6306735290768775,
            -0.39748515213884644,
            -0.6690853041687841,
            -0.41801079810142033,
            -0.8319074423181053,
            -0.3995157849548353,
            0.3593318102510205,
            -0.4292481698336403,
            -0.41172662032263513,
            -0.36874853471534863,
            0.059929810702950254,
            1.2018217101490976,
            -0.2100901040195952,
            -0.5089399306438357,
            0.6808425816563274,
            0.3440156110164527,
            -0.4307153848881013,
            -0.2996725403623025,
            -0.6109837170357476,
            -0.66109617403474,
            -0.729433874898123,
            0.0023600174104455424,
            0.3509825655072733,
            -0.3371747813973272,
            -0.2929005688884682,
            -0.6046004717228017,
            -0.5584363961394609,
            -0.19628299692891818,
            0.33497326550692946,
            -0.6973170767700898,
            -0.6375900602085175,
            0.3987274800074572,
            -0.5709127651318708,
            0.021965780135214438,
            -0.34917967420905227,
            -0.2121991319074979,
            0.11968220296951892,
            -0.660448624561088,
            0.5031203737605884,
            0.21338773651003085,
            -0.6099635559326003,
            -0.5439380158472876,
            0.05466631381359671,
            -0.5933989026167731,
            0.1315702570644024,
            0.4234209530677223,
            -0.35183617514069504,
            0.397952768994124,
            -0.09950189472723868,
            0.19662174895098097,
            -0.14994342629578813,
            -0.5969892406665018,
            -0.37748930671920206,
            -0.7481269126388904,
            -0.5246793321335153,
            0.22319763733643247,
            -0.5534099092763407,
            0.2088991007638059,
            -0.7189361009075366,
            0.28942421822246084,
            0.6364061908904514,
            -0.013442900591476504,
            -0.6705082687632951,
            0.23821932196058876,
            -0.12321602392309591,
            0.06139732025957192,
            -0.3010064497619742,
            -0.3819676339227852,
            -0.26000676571448866,
            0.3318229168209536,
            -0.07876657858822149,
            -0.3813442172764823,
            -0.6496586982848324,
            0.31225411555205385,
            -0.3721180949393414,
            -0.1657351380124701,
            0.9227557581220621,
            -0.5425802284008433,
            0.302886296423904,
            -0.046113075982899855,
            -0.617103849738526,
            0.0903262073222322,
            -0.31172245224376,
            -0.2600070123681663,
            -0.5361946682220242,
            0.2852296569686999,
            -0.6140264649135868,
            -0.12920761701380182,
            0.02507224005469802,
            -0.5342339954477312
        ],
        [
            -0.29912396913709044,
            0.34297898712633923,
            0.24690324795680518,
            0.2745086616601277,
            0.8075726926353969,
            0.7537497630646225,
            0.7206281907344676,
            0.4779915462403392,
            0.41575293748253567,
            -0.6306735290768775,
            1.250176668723334,
            0.7133080256542504,
            0.8795770469654383,
            0.7497087192981147,
            1.1820285589947772,
            0.5219776223255016,
            -0.36199181993734914,
            0.6111851530950342,
            0.5626119186968049,
            0.9202211294878281,
            -0.13556012120353741,
            -0.61706807300441,
            0.06874495936751848,
            0.7912621406886675,
            -0.38345204928173277,
            -0.27010853344247704,
            0.6771945684888552,
            0.40812012477939114,
            0.4541808452240148,
            0.3987214177880891,
            0.8584874942099454,
            -0.7325086237506865,
            -0.3153550572574752,
            0.46262914731308996,
            -0.09137084475098428,
            0.6448282410430204,
            0.47543043409456914,
            -0.030323190273898685,
            -0.23271235337719615,
            0.8380991729596892,
            0.7842699966521637,
            -0.06022834957206582,
            1.019724069293852,
            0.1862749302563401,
            0.1859862125807285,
            0.33638317040938487,
            -0.17254942996692127,
            0.7627840814766365,
            -0.3581706554772871,
            -0.4078444429450434,
            0.5843525883705711,
            0.7073586513495611,
            0.18854452612368153,
            0.8891896913285777,
            -0.0549886497029618,
            -0.5997278595178335,
            0.2555137866456511,
            0.0745861753070398,
            -0.1257330049407685,
            -0.05505819842703135,
            0.17030027733770461,
            0.539608026868316,
            0.6718771239828522,
            0.8166601573020499,
            0.7018403546883352,
            -0.04226859868700959,
            0.6944577553719189,
            -0.29100995476662855,
            0.34887514085684723,
            -0.05581719462121201,
            0.02875980859773476,
            -0.11233773267465991,
            0.7705559675827851,
            0.01739244084410233,
            0.3304244006997547,
            -0.22050223877760514,
            0.2684576459657631,
            0.3979906896801174,
            0.05358518919268372,
            -0.562939558400643,
            0.6085273458105346,
            0.7686597170870918,
            0.8183480482845131,
            -0.29755798981775955,
            0.5477164271481522,
            0.04983734776171633,
            -0.6549872731967613,
            0.7177108935751013,
            -0.10032644602364549,
            0.19037030262928661,
            0.8493588497043115,
            -0.1631370547337432,
            0.2391572140209043,
            0.1370899038344289,
            0.7357074574402327,
            -0.2772762828350388,
            0.8297804898426933,
            0.1874351680697539,
            0.163928213663912,
            0.767478166381878
        ],
        [
            -0.38572066512330144,
            0.3205726839316623,
            -0.134489070966775,
            0.09089234859162164,
            0.08018056756178259,
            0.6971998512114261,
            0.6538120308889355,
            0.3117735009601047,
            0.11674272545116562,
            -0.39748515213884644,
            0.7133080256542504,
            0.8613950472240292,
            0.716813997341186,
            0.6135321644350834,
            0.4498431062409754,
            0.49329595221652106,
            -0.22044548021839416,
            0.49325227559165014,
            0.4462395312970667,
            0.7753439495624562,
            -0.30740506834355424,
            -0.40561506886233384,
            -0.3784672658962673,
            0.5728139268920266,
            -0.24941978270968018,
            -0.3028361549600293,
            0.469662904674575,
            0.3117393451129799,
            0.13212948923568102,
            0.34034178517954283,
            0.4952410827938449,
            -0.4096434982759338,
            -0.24455592944715102,
            0.33143451235706445,
            -0.055289042192884684,
            0.5863328842341888,
            0.25023000162312703,
            0.017454125665422548,
            -0.33743893899046307,
            0.5964984615985918,
            0.6642268414791215,
            -0.29575817807707716,
            0.6384891555154695,
            0.19893025659062066,
            0.21387414108717095,
            0.3400815726198369,
            -0.48979465237764047,
            0.7432636769792604,
            -0.5134601749136534,
            -0.29392885791429846,
            0.22201724097763392,
            0.4805960855524959,
            0.6154148530443957,
            0.590845712720472,
            -0.0806390304178276,
            -0.45759825538674587,
            0.18040075987933105,
            0.1654409809948042,
            -0.11027004619392088,
            0.009447740340904827,
            0.1313864971805107,
            0.18413905302545755,
            0.5919001946198739,
            0.30571591670744014,
            0.6172179747629037,
            -0.15816281944399563,
            0.5218990686771889,
            -0.09530880235121998,
            0.10227128231432894,
            0.01899418667528707,
            -0.07173021286547736,
            0.033987100697971784,
            0.5845321746510554,
            0.035780039835147846,
            0.2365549087353575,
            -0.16513619996356696,
            0.23059169371904414,
            0.2714968099382224,
            0.22721879618697088,
            -0.47838338169823147,
            0.37235550885347124,
            0.7087283489411957,
            0.39252096274520526,
            -0.2951454597555843,
            0.46939576482477235,
            0.03988609173373873,
            -0.28779265463324705,
            -0.006925955938071124,
            -0.04298519247427924,
            -0.06865247458405352,
            0.4961959021732703,
            -0.2108940572040623,
            -0.10391548186087826,
            -0.3230474603884908,
            0.6725617966801722,
            -0.31299102174667126,
            0.2985025133254625,
            -0.02273980381616572,
            0.02898969711230591,
            0.5879371554774508
        ],
        [
            -0.2848640823795615,
            0.418209678928378,
            -0.008137742453556803,
            0.22720623028830653,
            0.5942606858527615,
            0.8111147122905646,
            0.7764804747691789,
