{
    "pos": [
        [
            1.0382617075929859,
            0.22457305589969964,
            0.06023588153875796,
            0.34396086277307253,
            0.04498490437578709,
            0.40041514183634214,
            0.37454306340449756,
            -0.06316089593212072,
            0.571784686589689,
            -0.02644127784747357,
            0.08601809349192108,
            -0.06198178510625704,
            0.44056793047076687,
            -0.1886150162869841,
            0.1204823715161005,
            0.18250716963271416,
            0.21584560611512746,
            -0.16362108441802195,
            -0.3899217112061761,
            -0.40530225558794153,
            0.367380102254788,
            0.21908727335612319,
            0.07223944395670037,
            0.3003205688718593,
            0.28877613198904906,
            -0.1697946282495487,
            0.3498151406367464,
            -0.11271742844330365,
            -0.18276550728975,
            0.14117259359263637,
            0.19834040366968622,
            -0.14777776990561184,
            0.6397180880044003,
            0.38194901603353687,
            -0.17177950578075607,
            -0.09448200033378246,
            0.45408978950763185,
            0.44226265012879035,
            0.04551775482296693,
            -0.4202693028774753,
            0.18739988255534307,
            -0.12774063566230381,
            -0.003196933111995495,
            -0.004017524282939639,
            0.5977922434305402,
            0.31022758603455497,
            0.30190760568614766,
            -0.26280834151289967,
            -0.2214343130751288,
            0.21276226837265666,
            0.4026093211549939,
            -0.22277763452931443,
            0.2443822013185018,
            0.5563447287584703,
            -0.021674977834332056,
            -0.29165627817253315,
            0.48217860407143454,
            -0.20360286121973625,
            -0.06925870657298515,
            0.3838412820961821,
            -0.14888764402314128,
            -0.09921558834481359,
            0.3762225066987922,
            0.2912100879985146,
            0.2618459457451942,
            -0.07942946205479777,
            -0.06098390910245558,
            0.3577663982034185,
            0.11834854343904094,
            0.27651946806441674,
            -0.23395567768614764,
            -0.153067378381257,
            -0.0058079742879729515,
            0.029113071496019827,
            0.33692517385581033,
            -0.19678423303297155,
            -0.24942280685303245,
            -0.036224791547859785,
            0.31854997353682135,
            0.37669775898965385,
            0.8071675907849258,
            -0.42397126055850753,
            0.11326864657352044,
            -0.17601387739860475,
            0.3193735872547761,
            0.5568372697857019,
            0.3258434988791996,
            0.46162330766577186,
            0.406445405035526,
            0.21073286948697362,
            -0.3140010314874819,
            0.523221493850436,
            0.2576667506363615,
            0.365617470627796,
            -0.22495519535012265,
            -0.1826832616049196,
            0.3349474877391416,
            0.4787064471115095,
            0.23684889388379612,
            0.0765231409728954
        ],
        [
            0.22457305589969964,
            0.5373254426923463,
            0.029466020835423625,
            -0.22429411909011573,
            0.051943633497447926,
            0.20618380229590316,
            -0.0489012855079723,
            -0.5616079440322561,
            0.334939206117063,
            -0.2048528445122123,
            0.3909007759512938,
            0.5428280536171933,
            0.09516085153480126,
            -0.16223081981900223,
            0.38145600570133603,
            0.31223570429722963,
            -0.26054791025572543,
            -0.09160558786289347,
            -0.20190402868926896,
            -0.2938572681351185,
            -0.03941537061017848,
            0.3226921874784102,
            -0.1042761962943778,
            0.30531740515685796,
            0.5098935023441725,
            -0.027695985074609016,
            0.5253879729553632,
            0.37147308021210074,
            -0.2572032437155867,
            0.22306406317375793,
            -0.13910201224475408,
            -0.2854260816829256,
            0.059062122794614036,
            0.5206577555124161,
            0.04917388745046211,
            0.10605658438643344,
            0.12118441778904192,
            0.4336353683089419,
            0.397591738843324,
            0.26088153894167937,
            0.5056687258418193,
            -0.18936400442359108,
            0.06829827012944897,
            0.05900182839319995,
            0.27219110359647525,
            0.14018639623159343,
            0.29255126261416653,
            -0.21705198955444865,
            -0.2630738247714789,
            0.4391897121743649,
            0.4297438916787567,
            -0.13214930893241023,
            -0.23044638808694337,
            0.6856387743765467,
            -0.11891095805122083,
            -0.15226223232439662,
            0.05326740216306616,
            0.18045865935355235,
            -0.21220422396453567,
            0.47841757140384245,
            -0.2878812328753621,
            -0.1851952762051189,
            0.3040991695326739,
            -0.2303383007677135,
            0.1271224035942509,
            0.47704969655186086,
            -0.1663214485441185,
            0.46768071270883005,
            0.3393799650525264,
            0.32075952262018176,
            -0.05458339731861979,
            0.2519898949455656,
            -0.17448284968586877,
            -0.0863050195159728,
            -0.4688549535447094,
            0.1776165928487109,
            0.10404821380222852,
            -0.24827922505043615,
            0.19611254921500826,
            0.31032031232480295,
            0.31936271022429036,
            -0.12324392935036636,
            0.30759601112515567,
            -0.15325593816484614,
            0.12766320886679067,
            0.5222467186830948,
            -0.18055140799851555,
            0.45172788476393766,
            0.051590599936979474,
            -0.051029047953616555,
            -0.17546466512273626,
            0.22310760047959705,
            0.5256590341420334,
            0.2431854534082465,
            0.1294460851835528,
            -0.1254389896140011,
            0.5632929496772208,
            0.02030865620154701,
            0.1375895283063712,
            0.23293415518733532
        ],
        [
            0.06023588153875796,
            0.029466020835423625,
            0.6738294557667983,
            -0.2717935454154542,
            0.1061182034451638,
            -0.10184159556331712,
            -0.14398269065540106,
            -0.048445331374790825,
            -0.04620740610257629,
            -0.055937244879497416,
            0.1222379579057852,
            -0.00259854174334392,
            -0.19210307247019262,
            -0.0707634812321595,
            0.0021796624019674612,
            0.03781443411108476,
            -0.37209675519073254,
            0.2679204509453225,
            0.2886239521330413,
            0.18154359972688244,
            0.05346457903257401,
            0.03223374682562602,
            -0.015282174695264305,
            0.00668012753765041,
            -0.17196269839598124,
            -0.5424865727998702,
            -0.08218741961200872,
            0.30362733342967424,
            -0.11819171645054674,
            0.23499267780107613,
            -0.0707351361897739,
            -0.044646172815751076,
            -0.21153675615968306,
            -0.15524545901360645,
            -0.027302844067440074,
            0.03914683088315114,
            0.05583186946150816,
            -0.029668862408001897,
            -0.11884448731397632,
            -0.15584329259737495,
            0.008956316284758983,
            -0.09561230566618227,
            0.024348326880463,
            -0.19231876893647376,
            0.09283622729841103,
            0.16741159742956158,
            -0.042629715400607636,
            0.20581575763821935,
            0.06670723205335355,
            0.014272004116094512,
            0.01393805098586824,
            -0.12449100711148767,
            0.17467552853106466,
            -0.25681871974172255,
            0.13837996434014443,
            0.10249293687411079,
            -0.34136812224587443,
            -0.38016347827617686,
            -0.10757136264170504,
            0.1057652182722099,
            -0.09360628936793736,
            0.0873252112605894,
            -0.03245811170631813,
            -0.4022835873357453,
            -0.2896324634018152,
            -0.07377402534855902,
            0.1150131315731081,
            0.06212994166898223,
            -0.24390098412856223,
            -0.07584781507406171,
            -0.13709316914299272,
            -0.3570169503591272,
            0.4645765280414917,
            0.34681242617660074,
            -0.20377908065844932,
            -0.03941241782033232,
            -0.2412693863134851,
            0.006878407465262632,
            0.041741730993402094,
            0.05466148945634868,
            -0.1752247212980593,
            0.19703509710648923,
            -0.05208601712655752,
            -0.16168900179462006,
            -0.3068582429842539,
            0.01715874044928668,
            -0.16991191342948386,
            -0.18377087697133906,
            -0.36769044050241256,
            0.0023773317691437477,
            0.06786406147130693,
            0.0284327474238951,
            -0.01419985112737451,
            -0.22866572752043918,
            0.06799742668439993,
            0.0039026110425470395,
            0.00764577564282882,
            -0.10800467471469832,
            -0.19671567802179302,
            -0.21038793877790038
        ],
        [
            0.34396086277307253,
            -0.22429411909011573,
            -0.2717935454154542,
            1.2940113208269821,
            0.5892893372999005,
            0.5919017568864761,
            0.5776508872167677,
            0.12618863474247793,
            0.4845023694768292,
            -0.22847362046348835,
            -0.17084615741470788,
            -0.2587340924243485,
            0.5388406013195794,
            0.29038400601993214,
            -0.022225068804414893,
            0.23512628993032755,
            0.9008534248691608,
            -0.4514999002658835,
            -0.42005185177149496,
            -0.055617275200416635,
            -0.06788732536130503,
            -0.040628971764431865,
            0.0022171937577473936,
            0.22644203059205223,
            -0.080900672738617,
            0.33872276969420895,
            -0.009468336292758959,
            -0.2880382482694251,
            -0.025111585408968025,
            -0.07445739694659748,
            0.16243571361881984,
            0.7362554476058074,
            1.1546349742524091,
            0.12266220320045637,
            -0.10157284942314307,
            -0.25368893938389603,
            0.7142739338404447,
            -0.1465840660783349,
            -0.019456346888766164,
            -0.1663263696534024,
            -0.13988264224737626,
            0.392153976964822,
            -0.24540473773032065,
            0.6225962022061963,
            0.4488147872652515,
            0.22281813565148986,
            0.40960177946481735,
            -0.46897703940151636,
            0.04059678172654775,
            -0.11689518882163842,
            0.1916816431312428,
            0.2638361610305694,
            0.6129200343721177,
            -0.01291544736633829,
            -0.39347020444843767,
            -0.2999955251917158,
            1.061399308527829,
            -0.09477210198867039,
            0.7059685010292214,
            -0.1195148444606815,
            0.6746083739577562,
            -0.3291240717278224,
            -0.24858592371917432,
            0.3650625275678305,
            0.7975359280100476,
            -0.4201658936073334,
            0.25159529662049446,
            -0.07532929163294694,
            0.46943497923357347,
            0.24196425881397568,
            0.09221234847076466,
            -0.17684369183286625,
            -0.36122965220045644,
            0.4497014121689688,
            0.35595865321054176,
            -0.06064099041484694,
            -0.38271476468712756,
            -0.14784246963811817,
            0.4410401813278756,
            0.5779668217873402,
            0.6075766005886167,
            -0.2551980679316359,
            0.055331289200017245,
            0.07571427238920525,
            0.5236368921870981,
            0.3487678135170502,
            0.4144517600710856,
            0.23430097986995754,
            1.2238424862485757,
            0.09550806042114088,
            -0.09685480617165164,
            0.5784353081333228,
            -0.08385689263160401,
            0.4955272418720213,
            -0.2771879595703209,
            0.34426775409319005,
            -0.13179792127790688,
            0.8815701411924429,
            0.8674220353962768,
            0.022582359785059448
        ],
        [
            0.04498490437578709,
            0.051943633497447926,
            0.1061182034451638,
            0.5892893372999005,
            1.508197934202302,
            0.579956749729744,
            0.4247530125640001,
            -0.35427385596317296,
            0.3917542397585259,
            -0.351597763092445,
            0.07515404719935621,
            0.44555030057537137,
            0.2792271779216453,
            0.2987944785366338,
            0.14137802549545217,
            0.4261041129428869,
            -0.09796638559198784,
            -0.22671181586786054,
            -0.4660932650849724,
            -0.22310306408563768,
            -0.36789338409633693,
            0.19125905760170167,
            -0.4879464195653925,
            0.16679820510664653,
            0.03439311720538202,
            -0.38495826435695796,
            0.11846521817318252,
            0.324680861090525,
            -0.1636950641046347,
            0.3155271611898928,
            -0.06933939751673963,
            0.6879008893121253,
            0.7395710357609518,
            0.15518926123166074,
            0.039198061605044625,
            -0.36910756918241683,
            0.6863423783440965,
            0.03790175932337675,
            0.33925949952465523,
            1.1265912983450144,
            0.25448956872319856,
            0.3290301175909576,
            -0.26397142418729197,
            0.910876918444537,
            0.6488276101623344,
            0.31079386145852933,
            0.559327190770586,
            -0.25531074836874174,
            0.21704859379552474,
            0.24307022514174248,
            0.253821395315114,
            0.19212271311719786,
            0.6557417444631024,
            -0.14725255966177586,
            -0.08169342323908632,
            -0.07372996191877029,
            0.49034769776800957,
            -0.059085536722580746,
            0.6029870410672824,
            0.21141726591420443,
            0.459761506606377,
            -0.5820457753355668,
            -0.18665981981914542,
            -0.3149173800938529,
            0.40415902941662957,
            -0.2755188946275537,
            0.3086892724727594,
            0.17085501127872707,
            0.4645677367142366,
            0.28032021998647677,
            0.024640319427632142,
            -0.25669393767335624,
            -0.0840232174827059,
            0.3169969438602697,
            -0.5807666281652842,
            0.7443097782382678,
            -0.24113994435884978,
            -0.37100117374976294,
            0.4071137197307442,
            0.7553549047867112,
            0.12296178942214624,
            -0.06782231453589155,
            0.5718900707752949,
            -0.10476607551920043,
            0.044610594624910606,
            0.41384253889324546,
            -0.03082612076636044,
            0.04351764749365071,
            0.8223572438368266,
            -0.1246495208679019,
            -0.19390244332986423,
            0.7411898016794749,
            0.43475410627885747,
            0.36761870990959494,
            -0.17657998637308148,
            0.45481171714348784,
            0.21367164899974636,
            0.5778459296050338,
            0.29541412918210463,
            -0.0031823081880363157
        ],
        [
            0.40041514183634214,
            0.20618380229590316,
            -0.10184159556331712,
            0.5919017568864761,
            0.579956749729744,
            0.7541540451228448,
            0.3183000589804756,
            -0.4331385031664526,
            0.6213418720385875,
            -0.3681752571435341,
            0.21776184941931231,
            0.3551661946803461,
            0.37385611742135005,
            0.13216770191073052,
            0.1422270690346225,
            0.43061212190982356,
            0.2552184323500285,
            -0.44564069710035403,
            -0.37572477274703164,
            -0.24058248957661776,
            0.0444875892049626,
            0.19929473664492364,
            -0.1737159940529943,
            0.29346173109164714,
            0.33286413342683335,
            -0.11447985199502453,
            0.43842674031406126,
            0.1156148484280718,
            -0.16404753136693231,
            0.22660036151111057,
            0.28314137909314324,
            0.3207656415673906,
            0.9058672287920828,
            0.4615944335903931,
            -0.0011254306243736805,
            -0.026249209757109444,
            0.7257493878294221,
            0.2852713126597733,
            0.27394803757147623,
            0.18117311113113746,
            0.26552874006311833,
            0.1491250153499436,
            -0.199291476586051,
            0.539229995998177,
            0.52817712746942,
            0.2908062394881536,
            0.46872550558493487,
            -0.4664416050888163,
            -0.18035934398952147,
            0.2606381049268618,
            0.4618432372347274,
            -0.03385735904008039,
            0.3254367294383861,
            0.48093443951895,
            -0.13960953080918953,
            -0.17906583002280493,
            0.7950825720355841,
            0.1273674847012821,
            0.31194814753560873,
            0.2655023830246274,
            0.1680143230554477,
            -0.40045083411281945,
            0.02106888070573582,
            -0.11407933915585496,
            0.6565321481835591,
            0.10831970907526277,
            0.03659499099977539,
            0.3522663244392065,
            0.6629858955935687,
            0.24413389643444386,
            -0.019437025146163557,
            0.0874895412415181,
            -0.234512832108953,
            0.39970880024774025,
            -0.25052050844835344,
            0.09286482777528178,
            -0.2024496644565426,
            -0.26739350181413785,
            0.48802450362573907,
            0.7197462924404266,
            0.5169341713674752,
            -0.18595512719433713,
            0.315031825416901,
            0.0448347585253317,
            0.44534202539579826,
            0.6178670748207445,
            0.16599796225167107,
            0.41136674383395666,
            0.90443259456597,
            -0.07272311718963961,
            -0.2592183484311014,
            0.5498806175422195,
            0.3916755606292056,
            0.5459289724560014,
            0.09586603529552847,
            0.06501723430046144,
            0.3584094559343851,
            0.5994916241851374,
            0.7100577916374264,
            0.1259839606612817
        ],
        [
            0.37454306340449756,
            -0.0489012855079723,
            -0.14398269065540106,
            0.5776508872167677,
            0.4247530125640001,
            0.3183000589804756,
            0.6834141764984649,
            -0.030030909816949756,
            0.3147111156891332,
            -0.10598025725749004,
            -0.05515525635333103,
            0.048223028680976505,
            0.35355102096815716,
            0.12057807505105862,
            0.004100322118290704,
            0.1887526722759441,
            0.17312629179942804,
            -0.22543597352915729,
            -0.4074316471380987,
            -0.3559789353920091,
            -0.15497471153384573,
            0.040857522694671855,
            -0.10923589847226761,
            0.11278188429199414,
            0.10906535476911529,
            0.06407605371688158,
            0.06599120602362142,
            -0.043542604689421886,
            -0.0506455020045376,
            0.0009889395877148081,
            0.010442057078781031,
            0.2498259653951121,
            0.6348826629027189,
            0.16906046669944436,
            -0.06931544171275739,
            -0.2030276208186379,
            0.08472836622961523,
            0.20760879305799132,
            0.001432482099606158,
            0.14241704755173565,
            0.030470909868388997,
            0.08271285678081497,
            -0.0688491819789989,
            0.40695895661141307,
            0.32221760148639605,
            0.30028260374852334,
            0.23468464439324954,
            -0.417586007255003,
            -0.08838565134747063,
            0.07921858571837956,
            0.09539316523800434,
            0.11312499823391056,
            0.20130163596022418,
            0.08302107924673585,
            -0.16746564333419428,
            -0.21447187028260026,
            0.39930368947922396,
            0.02373618800587473,
            0.32857182296928883,
            -0.026834214903085792,
            0.2627832057304679,
            -0.4577436118444972,
            0.026368339947796412,
            0.03221862190316759,
            0.28091666533800935,
            -0.24089121738298233,
            0.18000419808465062,
            0.21033982099791285,
            0.2725660393035667,
            0.30481751763592285,
            0.019832749667466083,
            -0.11400225714287654,
            -0.07697064368936707,
            -0.20160140919083247,
            0.06691837455017703,
            -0.015696067402182337,
            -0.10893787593379349,
            -0.16767219907841505,
            0.16644978542676056,
            0.3335707177666432,
            0.4490742972982596,
            -0.2746074283505959,
            0.20313375794022398,
            -0.10985265790414099,
            0.22138553934256464,
            0.23384867815638427,
            0.23793382165748303,
            0.22332442400579472,
            0.6195947882590532,
            0.0566183583277453,
            -0.10604379230079052,
            0.4379543562869709,
            0.24073517604871633,
            0.3943769156196714,
            -0.1379698878158248,
            0.15690839396763134,
            0.1336825843248197,
            0.639989732165306,
            0.21606806611316198,
            0.06569740462936899
        ],
        [
            -0.06316089593212072,
            -0.5616079440322561,
            -0.048445331374790825,
            0.12618863474247793,
            -0.35427385596317296,
            -0.4331385031664526,
            -0.030030909816949756,
            1.335048538299879,
            -0.5556438809567237,
            0.4366947418113929,
            -0.4598585701756647,
            -0.7291928537151631,
            -0.1880340192559391,
            -0.06847218919579925,
            -0.4183490089046425,
            -0.7068684729762452,
            0.25262967659047,
            0.224685067634102,
            0.31466935975727894,
            0.21025175661792625,
            -0.11298221719798213,
            -0.32829819598876714,
            0.4666128727199197,
            -0.42975631110975154,
            -0.5782578371454759,
            0.1618032200185979,
            -0.7505872265709475,
            -0.5194435970158869,
            0.414813503636457,
            -0.21331569871388367,
            -0.07985999327458299,
            0.002995870295715375,
            -0.3406669179702906,
            -0.7436619380816045,
            -0.17563652724814893,
            -0.2782593054238883,
            -0.43777022902730195,
            -0.2687559605408966,
            -0.6966775158460006,
            -0.35726926543819704,
            -0.5518978190109853,
            0.008336945259367212,
            0.3373440884402873,
            -0.482933806522825,
            -0.5214776706692947,
            -0.3315170119286843,
            -0.5983258820090149,
            0.6689197884926888,
            0.1644133330376306,
            -0.6500390004226638,
            -0.5839508007488815,
            -0.03832355668642892,
            0.031936224832095315,
            -0.6177094721841001,
            0.10505430184299641,
            -0.05773917203643923,
            -0.2798973210876694,
            -0.2955065590071444,
            -0.020874383484118197,
            -0.499970909668864,
            0.013269452732812853,
            0.42199620429911877,
            -0.29189401634270806,
            1.0728245764174928,
            -0.34726686152616454,
            -0.7785716218388206,
            0.055683704843495434,
            -0.5775945954294293,
            -0.8126274815499306,
            -0.27751850493706953,
            -0.06497922703672607,
            -0.31187064172423334,
            0.042507315034690685,
            -0.29963353733317766,
            1.0801643256293338,
            -0.3487243700875616,
            0.012663732130772747,
            0.36059262254766794,
            -0.3879083004680289,
            -0.6882992814718409,
            -0.214393952689626,
            -0.025378712965516685,
            -0.4920586686082408,
            -0.13723708601458615,
            -0.11733403256643243,
            -0.6865655932819088,
            0.33061852996206736,
            -0.5077982419759606,
            -0.554849321848666,
            0.40109805041041086,
            0.1856206029841233,
            -0.6606047269106283,
            -0.7486599849862765,
            -0.5210875179645076,
            -0.4109865545172719,
            -0.06202352755976156,
            -0.6701286689717092,
            -0.05400756582298255,
            -0.34014152042690315,
            -0.41984621146111933
        ],
        [
            0.571784686589689,
            0.334939206117063,
            -0.04620740610257629,
            0.4845023694768292,
            0.3917542397585259,
            0.6213418720385875,
            0.3147111156891332,
            -0.5556438809567237,
            0.9756517356498943,
            -0.5327979933009733,
            0.37083837668116465,
            0.353112647624116,
            0.43740279675920335,
            -0.004988447034957948,
            0.2703363901798322,
            0.5518586343343275,
            0.4506176949173977,
            -0.1639280105041973,
            -0.526834449805641,
            -0.33137341318375135,
            0.10939121308402544,
            0.3952551707874834,
            0.05277785541695934,
            0.5073313747410755,
            0.4981127849291987,
            -0.015033850179066697,
            0.6721241312813908,
            -0.048026893100632545,
            -0.49695648271291304,
            0.2379839503242417,
            -0.061486282149109006,
            0.1455672895291234,
            0.9123278834827666,
            0.7033541056540673,
            -0.053012553537131066,
            -0.24639666064056573,
            0.8407528742534539,
            0.5108830872715864,
            0.37219474981911993,
            -0.1742514872742499,
            0.44342413292077176,
            -0.04019036773623677,
            -0.14547391722090167,
            0.4617170394389007,
            0.7287207939540289,
            0.3918188737492673,
            0.5720881314667698,
            -0.5851327498240521,
            -0.2081493925089016,
            0.45409741580248936,
            0.6462522645296364,
            -0.11704921437390298,
            0.18277616989403012,
            0.5968136000958792,
            -0.4805632007089636,
            -0.11068290884817797,
            0.7558511633185616,
            -0.24951397791242944,
            0.14727661827152058,
            0.5996467288400557,
            -0.037208081911791056,
            -0.08807633419393145,
            0.44578938883669955,
            -0.13998913492268217,
            0.6453714504222476,
            0.2563061792563506,
            -0.04867804343273116,
            0.6112957526159741,
            0.6876527031635502,
            0.5240970843660182,
            -0.08591884182790244,
            0.3941453711962859,
            -0.3574065717933702,
            0.4216112385987443,
            -0.1820179710931109,
            0.09640865617449568,
            -0.3174366559445346,
            -0.0021221866275328684,
            0.5232594686180368,
            0.7955792796949587,
            0.9146144535064277,
            -0.27983140560833186,
            0.27884221764581507,
            -0.04060043832279571,
            0.4932632710139187,
            0.8195311831319964,
            0.0636181082429275,
            0.6985184923745211,
            0.9111826615144601,
            0.03854978068817576,
            -0.4686535961306612,
            0.785437248897037,
            0.5641423635424496,
            0.6759601626459051,
            0.15783327248865306,
            0.026154041127050748,
            0.5109203401126801,
            0.5900497137394701,
            0.6811877406484357,
            0.2223213448399353
        ],
        [
            -0.02644127784747357,
            -0.2048528445122123,
            -0.055937244879497416,
            -0.22847362046348835,
            -0.351597763092445,
            -0.3681752571435341,
            -0.10598025725749004,
            0.4366947418113929,
            -0.5327979933009733,
            0.9198874511229521,
            -0.22586882665559035,
            -0.42629273937323625,
            -0.051368763506825,
            -0.022345343697169128,
            -0.1851353151838201,
            -0.43073191624311263,
            -0.31630985832538683,
            -0.14911279820290174,
            -0.033207188474457146,
            0.1342591780757837,
            0.09360599532589271,
            -0.36333224796413155,
            -0.21353442428159056,
            -0.19130567833475137,
            -0.3052382682424927,
            0.004218003344147696,
            -0.46827744695951384,
            -0.11128979290660362,
            0.4146716163229938,
            -0.094758976968378,
            0.22140069200661353,
            -0.17474381948718176,
            -0.47878936932541116,
            -0.47569818413443643,
            -0.01671110433182583,
            0.18362761154676643,
            -0.6464894864852114,
            -0.234791596714136,
            -0.28144916670166237,
            -0.2746530800120684,
            -0.3772516829012247,
            0.012082411078693877,
            0.16164437164801446,
            -0.35122403470829405,
            -0.2488125158241675,
            -0.3534657950717223,
            -0.3964814005569041,
            0.3200399395592854,
            0.19874454424730703,
            -0.2633035282959342,
            -0.3818863632181529,
            0.4178097380999852,
            0.11427817462540439,
            -0.3712777486864811,
            0.44950429557739546,
            -0.11872198227724093,
            -0.456189712769054,
            0.2518173792569653,
            -0.14096910089993578,
            -0.32897078353507053,
            0.16848860648600636,
            -0.22347922408650334,
            -0.3031609415479727,
            0.14242276864524298,
            -0.25638021633831015,
            -0.1704661183187545,
            -0.09146867287509998,
            -0.4147380509589751,
            -0.563706314233958,
            -0.40696577964904046,
            0.029138712135152876,
            -0.6403889154786436,
            0.23594117239138254,
            -0.6120334294031502,
            0.2767062132587424,
            0.07551830616747222,
            0.13925401678279822,
            0.17517966946944669,
            -0.43951168926607814,
            -0.5736356919990528,
            -0.41547679626117595,
            -0.18148022621881207,
            -0.13128279894555334,
            0.021745341444531333,
            -0.10156193255410574,
            -0.5313188218831363,
            -0.047274406948311296,
            -0.4421077379083183,
            -0.5955538954978643,
            0.10079423411763433,
            0.2715388366615585,
            -0.42803703132165266,
            -0.48719277858059173,
            -0.4310856922956962,
            -0.3394493905214128,
            -0.02220649111478145,
            -0.4072578870359276,
            -0.3772951928444716,
            -0.6264287134736575,
            -0.1214938661235367
        ],
        [
            0.08601809349192108,
            0.3909007759512938,
            0.1222379579057852,
            -0.17084615741470788,
            0.07515404719935621,
            0.21776184941931231,
            -0.05515525635333103,
            -0.4598585701756647,
            0.37083837668116465,
            -0.22586882665559035,
            0.5663586598204376,
            0.5332967604173422,
            0.019952471401884317,
            -0.03341074043966116,
            0.280103557553139,
            0.2725003660706054,
            -0.21565809901070523,
            0.06103200722775211,
            -0.2133413430730303,
            -0.2549390562383628,
            -0.183052989018123,
            0.19084245361181992,
            -0.01369481390853049,
            0.24864542178727259,
            0.4014291046140817,
            -0.10405562174806368,
            0.39664932557702826,
            0.33186218310148247,
            -0.22693331695339136,
            0.2953973374887269,
            -0.11910927523845162,
            -0.13201793024928013,
            0.03926654386725705,
            0.42741947666741553,
            0.08411425800446816,
            -0.1277288317934435,
            0.13127656266145668,
            0.44304905597730726,
            0.3225859950329673,
            0.32813250181061365,
            0.4257667990284663,
            -0.13108085752526688,
            0.061562037330467424,
            0.11523486033468272,
            0.2458531190526506,
            0.09933724977082568,
            0.21868093460073992,
            -0.2012301856845569,
            -0.15477129975157078,
            0.39779914713661774,
            0.38464004986827177,
            -0.1344538502733443,
            -0.1710124864886022,
            0.4404335679103145,
            -0.13205137708427067,
            -0.03691682844332589,
            0.02218629958230876,
            0.10440060986898039,
            -0.1365173425347058,
            0.40067338161530347,
            -0.22259771041141171,
            -0.16480410071844698,
            0.1999894236833065,
            -0.2969442785159309,
            0.17579783608382535,
            0.48272186526583677,
            -0.10421643089017321,
            0.4518812054352555,
            0.36773494951611796,
            0.29033059850226245,
            -0.04352551888667148,
            0.24469505009869977,
            -0.14793873196316815,
            -0.043572630307511594,
            -0.45562247393645183,
            -0.1427882024692212,
            0.008598937175184309,
            -0.052040808407156094,
            0.14325298616399862,
            0.3181889242761772,
            0.24775772601269722,
            -0.04201706772917719,
            0.2423338474435394,
            -0.09568463112652309,
            0.2905471313066168,
            0.4301791335795189,
            -0.19866110857874983,
            0.4074820221227027,
            0.11535702850521923,
            0.02350022495092686,
            -0.26371235675315446,
            0.22011146033826443,
            0.3789119515497646,
            0.2710442740551575,
            0.11687013638623127,
            -0.003603439344847137,
            0.4398993198727704,
            0.054146404591220554,
            0.1750140682836668,
            0.20020552225642657
        ],
        [
            -0.06198178510625704,
            0.5428280536171933,
            -0.00259854174334392,
            -0.2587340924243485,
            0.44555030057537137,
            0.3551661946803461,
            0.048223028680976505,
            -0.7291928537151631,
            0.353112647624116,
            -0.42629273937323625,
            0.5332967604173422,
            0.9642671459153586,
            0.015207253072430971,
            -0.054572501996781195,
            0.39055090657712443,
            0.4118505724485565,
            -0.43166915929511596,
            -0.08292335135331089,
            -0.271995348797965,
            -0.4925738152403226,
            -0.3203084898654868,
            0.42638714133596284,
            -0.19349242496671967,
            0.28009903478339354,
            0.6133699703293,
            -0.11597172273025162,
            0.5509354527110688,
            0.49641945549685207,
            -0.25312024243933784,
            0.3421986494088121,
            -0.11425620330267647,
            -0.14704028765945748,
            0.09004072668456231,
            0.5687484722417773,
            0.13771902003071249,
            -0.024756922434937968,
            0.09539588898712738,
            0.6219548298869688,
            0.540872266837178,
            0.9233542858876826,
            0.6515528419821089,
            -0.11667315658114186,
            0.02318405164223119,
            0.3851660462570955,
            0.23527348155288866,
            0.11931195627367475,
            0.38841133499022557,
            -0.2697239820705131,
            -0.19724473974954193,
            0.5300563775870197,
            0.44916360137395245,
            -0.18034672099880972,
            -0.3021768398085748,
            0.59440870032438,
            -0.09086085464537928,
            -0.061286627607797385,
            -0.016042924689157592,
            0.35902239019490717,
            -0.09454427518954413,
            0.4596984062081289,
            -0.2782015809622863,
            -0.37288578319726357,
            0.2540362907482336,
            -0.5155361438810658,
            0.09221866428653064,
            0.5542184773918192,
            -0.05110676746769427,
            0.599089444727678,
            0.5655317544747098,
            0.3868799049495144,
            0.020817207153198868,
            0.4840108677548326,
            -0.2546705952498432,
            -0.1305348816507543,
            -0.8123178707122751,
            0.21397838199024144,
            0.1997920429648468,
            -0.3598583208248002,
            0.24131683600725967,
            0.4634698629251175,
            0.22316371785303665,
            -0.03049311715972862,
            0.5275766947201763,
            -0.17269412648708332,
            0.16622088807132454,
            0.5492311720517014,
            -0.23367324966663613,
            0.45813084505094864,
            0.18177766666584583,
            -0.15058360055660616,
            -0.25807434042707234,
            0.258775051056471,
            0.7728944010364951,
            0.34002634973860807,
            0.23990920542400332,
            -0.007724570916797644,
            0.6716217315937422,
            0.12177834307778239,
            0.17671220055046363,
            0.23117659433577153
        ],
        [
            0.44056793047076687,
            0.09516085153480126,
