{
    "fast": [
        [
            1.349766286171888,
            0.006928107776166985,
            0.25230129082094643,
            -0.15282994551052115,
            0.027853201664657747,
            -0.33260764850400965,
            -0.6738189181041052,
            0.1325183558707955,
            -0.025046964097469912,
            0.054726792871800205,
            -0.191636244190941,
            0.24740513299891448,
            0.02043383187997517,
            0.37620292902495456,
            -0.30107471797936813,
            0.465675889377519,
            0.14307593685873068,
            -0.04446446086239657,
            0.1604546790286479,
            0.20561215425483206,
            0.21271190309819304,
            0.20629227328541613,
            -0.12487628997529626,
            0.09421719060094204,
            0.3052563579601677,
            0.15621395788670675,
            0.004845985647044852,
            -0.059172734138413056,
            -0.40088358336941604,
            -0.12060145638648086,
            0.37880869075985496,
            0.009874101972667753,
            0.3008895858188783,
            0.09820926479878038,
            0.5324405289289991,
            -0.400164851605352,
            -0.2765226736945638,
            -0.08499045640919402,
            -0.19765266206243093,
            0.3668568677097952,
            -0.24720549912701673,
            0.46617710311901817,
            0.1145771226332086,
            0.07561392196807645,
            -0.15729396778979543,
            0.3801028858384097,
            -0.13503993554160304,
            0.020779059356876593,
            0.6251479094358652,
            -0.25329911364992247,
            0.19236067575647905,
            0.7866315602671363,
            0.41669597812385917,
            -0.3294434029381363,
            0.7820481217620772,
            0.35326266024631403,
            0.38681247869445007,
            0.20309509802143505,
            0.3652446973455682,
            0.059852371540717014,
            -0.47722190518948465,
            0.2111382466243235,
            0.12252260556553198,
            -0.23627567114580775,
            0.009944160495560486,
            0.14125140315721388,
            -0.28649312784692055,
            -0.2731880361956348,
            0.07169715861915044,
            -0.04694005314553335,
            -0.12182693132846101,
            0.745715026414701,
            -0.11691847148789841,
            -0.13962232667612193,
            -0.30025394025619107,
            -0.5114239027554841,
            0.5208190873409309,
            0.14361328183794758,
            -0.12049357781608735,
            0.05640035262927329,
            0.32429580747298137,
            0.14246727168649836,
            0.12938688474507962,
            0.402443431703949,
            -0.7168958577942085,
            0.10184265968584083,
            -0.02906777553116808,
            -0.08116814555778698,
            0.3269575449623159,
            0.29594483313709624,
            0.16043497791776887,
            -0.17332380732057992,
            -0.3068510994608733,
            0.37185081815572174,
            0.11390133562178453,
            0.05017539697280078,
            0.19373010382604072,
            0.001971227791832521,
            -0.07317472188671577,
            -0.0025038783414325187
        ],
        [
            0.006928107776166985,
            1.040227825868707,
            0.35752792461802546,
            0.26788700432926665,
            -0.6724163475761474,
            0.17350971597312909,
            -0.3950007751572909,
            0.14727162270983815,
            0.06939701987751842,
            0.053203546958323064,
            0.051881909507300185,
            -0.5676812695842615,
            0.5303405827384771,
            -0.2535874554214745,
            0.04624239333106659,
            0.5910212729647608,
            0.7121313503045535,
            -0.6932941204304105,
            0.44256449657367597,
            0.004014880167213346,
            -0.6124633407362777,
            -0.28993898599102114,
            -0.4863444956879061,
            0.567783589714411,
            -0.5137187913259257,
            0.24652486863511724,
            0.21267849482053194,
            0.5174000627397565,
            0.13675274894405925,
            -0.2924458732670388,
            -0.6602892058986305,
            0.23694474452350048,
            -0.6265799438456661,
            0.21084513868949897,
            0.000828250836737543,
            0.4378403219765153,
            0.24763950007758498,
            -0.4919657362762251,
            -0.0672841438013272,
            -0.2809906962707525,
            0.4592218536587623,
            -0.006340608173552423,
            -0.4640197266367972,
            0.05850535897132465,
            -0.17781517882883136,
            -0.17392442185631113,
            0.16975099276501085,
            0.699306817911031,
            -0.38656605104305347,
            0.7178510074395558,
            -0.4737264759659526,
            0.042592543917331215,
            -0.6345537924497031,
            0.8801162370225015,
            -0.04744332931162811,
            -0.5572461692659986,
            -0.3161745537620566,
            -0.7026566495983445,
            -0.011548349235897025,
            0.052804733385833275,
            0.25123650215038146,
            0.6117244645370473,
            -0.3579341912947201,
            0.09302832162356116,
            -0.5041973214189589,
            -0.5044719712879601,
            0.03780253559727266,
            -0.20049159536076208,
            0.02562037760155924,
            0.6326177927536341,
            0.2386572867698988,
            0.07071633526033153,
            0.31909042478699534,
            -0.28682008629103584,
            -0.2989080111856603,
            0.48699092511404957,
            -0.05470833868153042,
            -0.16377660596099106,
            0.014993759683760549,
            -0.6157727610353428,
            0.5427176874760725,
            -0.6655942053422356,
            0.604411765110062,
            0.1637814259956468,
            -0.2208643828661721,
            0.008196326888940599,
            0.06877511047567829,
            -0.49200273237287345,
            -0.5737077479214977,
            -0.5038927043123341,
            -0.048964915492109476,
            0.1362081703155676,
            0.5388946229059238,
            0.27853053165482405,
            -0.6584800000557812,
            0.604552690051292,
            0.4931956197286969,
            0.5128001603711614,
            -0.19008582068131916,
            -0.34651448878719826
        ],
        [
            0.25230129082094643,
            0.35752792461802546,
            0.8170339277215841,
            0.5071384199201053,
            -0.6032689157539673,
            -0.03460123159348233,
            -0.3811833319271028,
            0.07132344799250649,
            0.027705578321244977,
            0.03138232710776457,
            0.09886950248718099,
            -0.10893325598116972,
            0.5606825524471595,
            -0.5858294118333646,
            0.5537354876640495,
            0.5318572269004452,
            0.4501599526252693,
            -0.6853393094380972,
            0.3006450582148063,
            0.22423345001285214,
            -0.5647336610203185,
            -0.4053885512526356,
            -0.2848689806420974,
            0.3873008504456307,
            -0.5466688667874057,
            0.24334944786592488,
            0.24726281275264297,
            0.2687625812616176,
            0.02349410366832484,
            -0.3681827352602755,
            -0.6400983971367189,
            0.025763443155198084,
            -0.5966469106688527,
            0.24531531565362938,
            0.1123688188030457,
            0.17483461152887028,
            0.2527534487029635,
            -0.46228499790818944,
            -0.04165266893931647,
            -0.28931485446575217,
            0.279598793901948,
            0.01925896041118138,
            -0.41772107113230883,
            -0.09034211424852223,
            -0.40208169543740924,
            0.4059691196528597,
            0.010036940311326938,
            0.1971760829928664,
            -0.3035568178179817,
            0.3068707607831957,
            -0.4723689301517998,
            0.6227443567239074,
            -0.546141994278513,
            0.24996693369406833,
            0.3943614850515235,
            -0.5955941547346417,
            -0.10853064281810054,
            -0.5899786532686964,
            0.36323052665638444,
            0.3859505949184085,
            0.1965506116696279,
            0.4189762414481181,
            -0.3323021761292717,
            -0.3627409665675866,
            -0.5840382740834045,
            -0.528984286580425,
            0.0531202943124389,
            -0.49204598391775795,
            0.3461124895383003,
            0.11259125861196248,
            0.09540854659730254,
            0.23244487036598036,
            0.26208477797904445,
            -0.28947064724205335,
            0.31276862121355553,
            0.5462170218323404,
            0.720297460406674,
            -0.06419552690181099,
            0.1480650805844137,
            -0.42222604949246695,
            0.4392143250624229,
            -0.5812747297899382,
            0.19610098680613955,
            0.5706201632079002,
            -0.6747488453772578,
            -0.13212633572088825,
            0.017694792989724914,
            -0.427638724309406,
            -0.36605606479105773,
            -0.3459362857619299,
            -0.05714891233966771,
            0.1740169930598844,
            0.7072836612886965,
            0.4017746009353018,
            -0.6388847024382742,
            0.06579438119205375,
            0.3757115782954917,
            0.06246639660289665,
            -0.11196152137120394,
            -0.4602032097238128
        ],
        [
            -0.15282994551052115,
            0.26788700432926665,
            0.5071384199201053,
            1.0459709115219071,
            -0.5730133807056058,
            -0.06673079220484408,
            -0.31621366340608037,
            -0.08643079303921909,
            0.08071054280280955,
            -0.2584806493419045,
            0.23200017270202802,
            -0.3965988866381714,
            0.528277405921365,
            -0.3909409021174454,
            0.514288454774893,
            0.1514017833756838,
            0.505651671177776,
            -0.734034521676667,
            0.6526642268464392,
            0.10765622453057097,
            -0.7308592482994191,
            -0.5818942070053682,
            -0.1622650073028988,
            0.36705577651271687,
            -0.7535893061900438,
            -0.04272558434063893,
            0.3200631797979364,
            0.6908040413669903,
            0.17640089148438645,
            -0.29781813878256963,
            -0.533605790873861,
            0.2897543027838884,
            -0.6695379919067282,
            -0.04128698857457393,
            0.0427550918803243,
            0.6036435213940167,
            0.21265916263943138,
            -0.5736276273646481,
            0.109408144470007,
            -0.5301096371786846,
            0.40352143701496473,
            0.053706905401060365,
            -0.554842745407152,
            -0.20342617121481157,
            -0.3702283844147205,
            -0.12749528556266612,
            -0.23086222583648153,
            0.3473322397200923,
            -0.5053757760690064,
            0.3548245366469983,
            -0.5697124605127707,
            0.21290346352855366,
            -0.6149025970616645,
            0.4698975435624253,
            -0.004081197034091782,
            -0.6485683786244569,
            -0.22334143194072015,
            -0.617662331591837,
            0.09476559400625958,
            0.6288582572837221,
            0.4479541103396581,
            0.23058580687735084,
            -0.3929220955895203,
            -0.5092674922736844,
            -0.5986806483892201,
            -0.5751651304701147,
            -0.23472386057737815,
            -0.45128212898299847,
            0.45916940244284027,
            0.39788067632038504,
            0.4062654563802584,
            0.021078710110786197,
            0.19106356053803958,
            -0.5799551633017043,
            0.36304888322687556,
            0.6310536632041154,
            0.22085155928215236,
            -0.10103671426661698,
            0.10811112381293385,
            -0.600958400697039,
            0.192981732028769,
            -0.6361255759516604,
            0.44152604168134657,
            0.228680541241046,
            -0.5915880917217012,
            0.009998848786581882,
            0.04464072187048683,
            -0.5198934137072773,
            -0.5303218917510383,
            -0.5109812522503953,
            -0.07551609604244022,
            0.09816305183144201,
            0.7789852311577503,
            0.22590996774944075,
            -0.8178823057953444,
            -0.1662336107694725,
            0.0702796514761848,
            -0.02848138733521894,
            -0.4308676275205633,
            -0.4117211996405768
        ],
        [
            0.027853201664657747,
            -0.6724163475761474,
            -0.6032689157539673,
            -0.5730133807056058,
            1.4560505334286682,
            -0.13575880358227174,
            -0.07127455594797324,
            -0.10824245647232587,
            -0.028192875771907877,
            0.2702249203101586,
            -0.6309740960653754,
            0.8884902346897185,
            -1.089264235162503,
            0.756945621739523,
            -0.802957313326924,
            -0.3772562546335259,
            -0.8201694147760795,
            1.2740767169097673,
            -0.6960235882147926,
            -0.05182009228478833,
            1.3296270722883257,
            1.0919207111419449,
            0.9924996357551982,
            -0.8252668746833645,
            1.0729444132535955,
            -0.4410730528439446,
            -0.1221783496890316,
            -0.6274927123675418,
            -0.5328915110967406,
            0.5222984841576743,
            1.142870418862362,
            -0.3453514990527111,
            1.3499027207369387,
            0.0937331815425995,
            0.03196884070486493,
            -1.0582790737780945,
            -0.8358158984139832,
            1.077744350728626,
            -0.1335109521308009,
            0.6265417321308394,
            -0.8202245801483214,
            0.19146135159562336,
            1.2428018585695024,
            0.0854210991099535,
            0.691406304198042,
            0.09252550445051708,
            -0.08996705537483625,
            -0.20005037630102504,
            1.151092859677941,
            -0.7277063637012312,
            0.9827768905958781,
            -0.22060739984683872,
            1.2035280852042953,
            -0.7641379647100854,
            0.32167684599960467,
            1.0715697676977984,
            1.0736352796316055,
            1.3468980069160785,
            -0.0013041273790399843,
            -0.1864321252529317,
            -0.2036695381399842,
            -0.19356098613697506,
            0.8521007228663718,
            -0.15371416912204144,
            1.267537619028799,
            1.2700076425405809,
            0.21308477482661453,
            0.25879190603805075,
            -0.1330212825405018,
            -0.7360003327089844,
            0.0797878448086781,
            -0.09139563601778809,
            -0.16281770311310229,
            0.6426820252661218,
            -0.40476906314690697,
            -1.129224614858864,
            -0.0807299752193538,
            0.34180821238280157,
            -0.31693916899392827,
            1.266077188142648,
            -0.4786060057226817,
            1.3326159653397815,
            -0.5400726822671751,
            -0.5378616688602036,
            0.23439347350605988,
            0.056259011444627985,
            -0.18695371027068647,
            1.2054355682566291,
            1.2945421589260022,
            0.500416954193296,
            -0.22891782545861325,
            -0.61543286662833,
            -1.062189970699391,
            -0.33290055272171654,
            1.1903484753641134,
            -0.46886939318041043,
            -0.5106103799937229,
            -0.5016840307440753,
            0.13386227072728743,
            0.6410795619083143
        ],
        [
            -0.33260764850400965,
            0.17350971597312909,
            -0.03460123159348233,
            -0.06673079220484408,
            -0.13575880358227174,
            1.0967266607452768,
            0.011813785310319054,
            0.2922493036633446,
            0.09181176004009975,
            0.28509730504170816,
            0.1299358332783272,
            -0.10202458735806258,
            0.10567396896497751,
            -0.11414813519477057,
            0.3155790317011913,
            -0.1372163143992731,
            0.1667225361605111,
            -0.15783797309431197,
            -0.45476082745838164,
            -0.06497194380725216,
            -0.17285025836994286,
            0.0014619191923406847,
            -0.14769920013788157,
            0.19987292385479663,
            -0.03595318394271084,
            0.2014351460330088,
            0.1432111886087289,
            0.04573399030592324,
            0.20602748196095658,
            0.10380500794901658,
            -0.466893998674887,
            0.27474835815086374,
            -0.14703363374361636,
            0.41657630298529624,
            0.10723440059082665,
            0.06933158518085869,
            0.3289127290609975,
            -0.06389864628748898,
            -0.29671950908738776,
            -0.003914909157130988,
            0.14401518197480875,
            -0.20972977955510116,
            -0.10753365097914469,
            0.1044193377945787,
            -0.06734714336163544,
            -0.3310208260496767,
            0.2355944757218436,
            0.30335703359076405,
            -0.2404192139410385,
            0.37712573927211346,
            -0.1921542088826497,
            -0.4953253686994342,
            -0.26702428008762863,
            0.5156501671611883,
            -0.010924121215770688,
            -0.1403603478019372,
            -0.3115129028227269,
            -0.3698564139247676,
            -0.19274087625664296,
            0.14432581948026976,
            -0.1304710815452812,
            -0.05048147888891476,
            -0.012313599406455471,
            0.3299393172731843,
            0.0205392596929467,
            -0.04715621895724302,
            -0.478507983782619,
            0.04418456306031855,
            0.6494231520805179,
            0.4788381328948623,
            0.07628601217839188,
            -0.14850421250421086,
            0.08921547174547861,
            0.09994329225294664,
            0.053188500597750155,
            0.5786067280965538,
            -0.29885165183232787,
            -0.002456565695894075,
            -0.26364337504848306,
            -0.07300429987858804,
            0.13679517808508104,
            -0.14407640552226902,
            -0.17325440603720973,
            0.4034272381581393,
            0.19599361275231303,
            -0.13283467749244882,
            0.13868747762192782,
            -0.20261057962294834,
            -0.2734600993425115,
            0.02382494438451187,
            0.07752462985415352,
            0.1589115089173617,
            0.3146330815902711,
            0.14879245576443617,
            -0.1461306451131523,
            -0.103031556505544,
            0.2679423706694209,
            0.17923231306319434,
            0.2572555175313223,
            0.024710397754845986
        ],
        [
            -0.6738189181041052,
            -0.3950007751572909,
            -0.3811833319271028,
            -0.31621366340608037,
            -0.07127455594797324,
            0.011813785310319054,
            1.0444445073637814,
            -0.14283574613865607,
            -0.07936367038849004,
            -0.2621466323238063,
            0.34008662543424684,
            -0.25780593530767076,
            -0.06313964876488723,
            -0.08223613563125293,
            0.18608339935907997,
            -0.6511442466292676,
            -0.2047902501852413,
            0.2686164325651624,
            -0.34478445208545816,
            -0.11598075673001419,
            0.10351191059415317,
            -0.20888563525004508,
            0.037691879222401206,
            -0.17667838993664087,
            0.06445027964902982,
            -0.2471326214434161,
            -0.13866408907637592,
            -0.32919170654064156,
            0.1371013193264707,
            0.3272042197100455,
            0.02868975740526332,
            0.02011424202247322,
            -0.0785179774079365,
            -0.45759252676914347,
            -0.3719166916126323,
            0.1623907972636878,
            0.20089618471716844,
            -0.005709421446438214,
            0.15069497287903763,
            0.07018018204988807,
            0.017802613687762404,
            -0.26649110686296057,
            -0.16587754670489008,
            0.06365435514296323,
            0.12240549950038346,
            -0.30676447857991757,
            0.0708162931928289,
            -0.3892320126536888,
            -0.421210745149454,
            -0.14307353610036264,
            0.04966859870673904,
            -0.40880208037574106,
            -0.08955799386957704,
            -0.21551259950000734,
            -0.6118253847753196,
            -0.09598407723971775,
            -0.4834947187995613,
            0.050391073071956165,
            -0.27054843146990376,
            -0.24060408254656748,
            -0.08419187992692034,
            -0.4178241406679954,
            -0.031374826898174085,
            0.36576640536577004,
            -0.013804047840983638,
            -0.1027547626468143,
            0.2818933031192575,
            0.5707022213298902,
            -0.509592095114776,
            -0.17769867077179982,
            -0.40098628285312654,
            -0.33451866844906825,
            -0.12937355917736884,
            0.12168793366413337,
            0.18503965405318573,
            0.04549720778016661,
            -0.43323246686742756,
            -0.12784450720360663,
            0.21492081066029317,
            0.03380570344199147,
            -0.27607334035223347,
            0.07326930281885208,
            -0.10766684975417821,
            -0.32893841611011065,
            0.914119164213578,
            -0.11241506880694326,
            0.17445577950536081,
            0.013809541451140687,
            -0.10824464379531369,
            0.3390171563694318,
            0.2282134023546138,
            0.3189361085495913,
            -0.07792498766321027,
            -0.2980668060150635,
            0.3998077874217225,
            -0.07488433144572157,
            -0.20868055248079612,
            -0.10334756235236672,
            0.14196315019928651,
            0.2428337808149384
        ],
        [
            0.1325183558707955,
            0.14727162270983815,
            0.07132344799250649,
            -0.08643079303921909,
            -0.10824245647232587,
            0.2922493036633446,
            -0.14283574613865607,
            0.6010337116728269,
            0.06712966553856325,
            0.23238525415429534,
            -0.09518452768737802,
            -0.16660694588227778,
            0.006208409232785379,
            -0.14472781660134204,
            -0.145244735471019,
            0.29166625540930263,
            0.13156664041533878,
            -0.20927855122714784,
            0.03447296942287942,
            0.30099861907869585,
            -0.036449605529737535,
            0.0005867219928025375,
            -0.3787689669293884,
            0.3566233952611824,
            0.13843744219890264,
            0.26078533826009276,
            0.4086514330350987,
            0.07056039968856007,
            0.27882219069858194,
            -0.1798891711605252,
            -0.05682419229188105,
            -0.0090647126771593,
            -0.06042974520090783,
            0.18898221501212825,
            0.11370974002959149,
            -0.18478349566402036,
            -0.09935291157499215,
            -0.039752794450811674,
            -0.39064064178834335,
            0.14681048533853175,
            -0.015112574838927665,
            0.1389871902663568,
            0.014982719936066856,
            -0.010202289339341688,
            -0.2164366834045198,
            0.2640690155741633,
            0.29268491216694736,
            0.43069087006303025,
            -0.0007715431177706075,
            0.3470732916410699,
            0.14933354198883494,
            0.010747867896416524,
            -0.008595044175984147,
            0.10423198431320338,
            0.3001606814789928,
            -0.08340885680534374,
            0.024094421934031645,
            -0.1513636186227106,
            0.013273877912065697,
            -0.2668036751153977,
            0.11967431457746092,
            0.24828009271060258,
            -0.03967939326623358,
            0.3652785334273155,
            -0.052675520457265645,
            -0.082264624970635,
            -0.4116378564758882,
            -0.01810641350997446,
            0.3099884900517858,
            0.04338476280797726,
            -0.054721015656853354,
            0.07485330294037172,
            0.360820638184906,
            -0.01857609362708365,
            -0.29028323267752126,
            0.17904449352042057,
            0.06053756072061426,
            0.22823554415164649,
            -0.27204299204823235,
            0.015574327971395484,
            0.18033997398475218,
            -0.13760762477154867,
            -0.21227008946821846,
            0.2794946605651182,
            -0.19704677984382257,
            0.04183789961269575,
            0.038472245216574046,
            -0.14726994197460355,
            -0.1984137810482226,
            -0.008991579339777558,
            -0.18116431610134612,
            -0.1760702794592925,
            0.05551466276236978,
            0.06900008048023866,
            -0.062444436719081356,
            0.020008654419393052,
            0.14878463377199014,
            0.07208593939711976,
            -0.10924304533624661,
            -0.23946960701446846
        ],
        [
            -0.025046964097469912,
            0.06939701987751842,
            0.027705578321244977,
            0.08071054280280955,
            -0.028192875771907877,
            0.09181176004009975,
            -0.07936367038849004,
            0.06712966553856325,
            0.03627636405448011,
            0.021370047607220045,
            0.011719924560462166,
            -0.08150279658427098,
            0.04380315846546877,
            -0.0375706089966764,
            0.04434435269208382,
            0.014792744497432855,
            0.09068576944750971,
            -0.07618151174589671,
            0.06905039760407371,
            0.0199143076049047,
            -0.06150137583207236,
            -0.06187270925754517,
            -0.04880350659690161,
            0.09068346562715086,
            -0.08575211777189619,
            0.04738767288267252,
            0.1103110731297052,
            0.10505439551011063,
            0.08238570630680331,
            -0.04137000520495345,
            -0.030109415761155223,
            -0.008830311219832037,
            -0.06378349456174344,
            0.04532534770204831,
            0.0040507971618398185,
            0.016891960241677384,
            0.04883780054910813,
            -0.05886772054920419,
            -0.03584559002485365,
            -0.04145995251940963,
            0.07965659046255155,
            -0.007189011403441382,
            -0.037767082837483985,
            -0.032569750073619945,
            -0.054960453125841496,
            -0.02410217272590509,
            0.04321992521329541,
            0.11409428853657645,
            -0.02761632363601614,
            0.0982732397322885,
            -0.03138331823771504,
            -0.01800913427649248,
            -0.04167251007541631,
            0.10032911834747468,
            -0.01552623986718501,
            -0.05521678571130765,
            -0.0026917906315640575,
            -0.0827687825700038,
            -0.0450614136950051,
            -0.04372588402904748,
            0.08547339661827914,
            -0.006602088762952893,
            -0.03071614577666766,
            0.017174577102323608,
            -0.020904693447582525,
            -0.037857325142743516,
            -0.06812098503066276,
            -0.06422418414288401,
            0.12218113403473084,
            0.08100903380442487,
            0.07604084052618484,
            -0.022808134309288637,
            0.0797275468924666,
            -0.04996704517190669,
            0.04808944786071419,
            0.11221032107477188,
            -0.061970615301042566,
            0.016839525433274417,
            -0.04242614891036895,
            -0.040122886286653635,
            0.04936261702974896,
            -0.06356674022161117,
            0.023509737429664345,
            0.060783628012555345,
            -0.06314289540401492,
            0.0060202413989077445,
            0.011063829091637393,
            -0.03224432309499018,
            -0.02883443536546154,
            -0.1066462565896982,
            -0.006950067769085455,
            -0.00019300634062851597,
            0.11564273695062968,
            -0.018127507857007688,
            -0.06415900279993264,
            -0.029075486094467293,
            0.028929248624735084,
            0.022828375892553952,
            -0.04654339009318113,
            -0.08791104255751143
        ],
        [
            0.054726792871800205,
            0.053203546958323064,
            0.03138232710776457,
            -0.2584806493419045,
            0.2702249203101586,
            0.28509730504170816,
            -0.2621466323238063,
            0.23238525415429534,
            0.021370047607220045,
            0.48861269565359966,
            -0.16398106500470255,
            0.25164576949832723,
            -0.29139600862005927,
            0.0078380090749024,
            -0.30376664167329587,
            0.28309891947801297,
            -0.2715130769505621,
            0.23954629117060536,
            -0.22909459550358954,
            0.0842263655600345,
            0.20740662574925633,
            0.3626565093625584,
            0.1030400022358161,
            -0.05034542446911864,
            0.24590091190423358,
            0.3104724609664509,
            -0.10116312219813561,
            -0.27835711088613463,
            -0.11474894386293463,
            0.10118010751916497,
            0.046972306790016634,
            -0.09324415144392638,
            0.22440501857901504,
            0.539277522335797,
            0.16492781901957346,
            -0.2997915084100475,
            -0.19202635092992176,
            0.2839795220831156,
            -0.13148643685252753,
            0.12168947961195709,
            -0.2732370320933266,
            -0.06569140243844561,
            0.32502461501787666,
            0.09269138586370154,
            0.026301142784180515,
            0.14817182801339948,
            0.2383216331018215,
            0.02633476121548719,
            0.19455154792200005,
            0.005201226208882415,
            0.064649456446891,
            0.02918333117258946,
            0.11921231457096067,
            0.034111013236949775,
            0.2721630539672383,
            0.19361655916753917,
            0.2255458300978416,
            0.1841425377657342,
            0.14242590004239172,
            -0.029423892204116172,
            -0.10631459339661713,
            0.15539888700733276,
            0.17354530907883986,
            0.29788293886968614,
            0.24402935999336944,
            0.33781487358049045,
            -0.23161830414549464,
            -0.2553162708916643,
            0.11070150224343236,
            -0.09100528127680581,
            0.03388944007909233,
            -0.1295873660071354,
            0.03692514701263049,
            0.35134374531465606,
            -0.2852314026645397,
            0.02763641262365671,
            0.1763264900623098,
            0.1446181941646647,
            -0.20828086266132445,
            0.20959668728039121,
            -0.05663076119170349,
            0.14748190617184384,
            -0.45356767139546844,
            0.0073232456639530895,
            -0.15546415332669916,
            -0.13233067908964993,
            -0.04817270226681211,
            0.22110967599782475,
            0.1687499023917682,
            -0.07987955624397981,
            -0.1443090433338721,
            -0.07902997787096719,
            -0.1645758443307916,
            -0.020234356306437693,
            0.010238898603390346,
            -0.0213721382593379,
            0.0867779733292893,
            0.11003212112335262,
            0.2867874340813224,
            0.15014840940544516
        ],
        [
            -0.191636244190941,
            0.051881909507300185,
            0.09886950248718099,
            0.23200017270202802,
            -0.6309740960653754,
            0.1299358332783272,
            0.34008662543424684,
            -0.09518452768737802,
            0.011719924560462166,
            -0.16398106500470255,
            0.5960426212335794,
            -0.5730182744940946,
            0.45216907352355895,
            -0.2734371207131968,
            0.4443024121289546,
            -0.1738813555822328,
            0.27912583262937357,
            -0.3393501338806976,
            0.33184109804128575,
            -0.11821460796874074,
            -0.5940419170075945,
            -0.6598312845441806,
            -0.24715266440935485,
            0.2839871542868987,
            -0.6088082912340285,
            0.276295746615343,
            -0.1103819393422721,
            0.1803849885508994,
            0.2191769574075655,
            0.048088223706474864,
            -0.39010254696093144,
            0.17601704066928875,
            -0.6383502011387545,
            -0.10566712619728393,
            -0.0061383218713388105,
            0.6717312977839611,
            0.551110533809481,
            -0.5857463922970265,
            0.2712186104935644,
            -0.3547116297411932,
            0.37404361228691135,
            -0.2903445920269087,
            -0.6825067521404216,
            -0.016960234010572554,
            -0.3032964252834728,
            -0.3821396937746036,
            0.10998211049280333,
            -0.1684853780472341,
            -0.7453878915920865,
            0.1782255231269989,
            -0.6022834179929902,
            0.05877001347705146,
            -0.6465345953377541,
            0.2811308656888695,
            -0.41765405225128305,
            -0.5448934515999774,
            -0.7472367775842478,
            -0.61320072432996,
            -0.11544089786270746,
            0.054560792461264336,
            -0.12210878682159905,
            -0.29162475161718837,
            -0.37839883523335704,
            0.35785584774919527,
            -0.5599858810216972,
            -0.53587215957392,
            -0.21052609528323687,
            -0.19966070892997823,
            -0.09507174340367655,
            0.3364134269912832,
            -0.10701191224828262,
            -0.21185727671042612,
            -0.16935196534189334,
            -0.23471498978869443,
            0.4009257599468158,
            0.6470177984612092,
            -0.2169939230795518,
            -0.2015071207957921,
            0.24149995503779045,
            -0.6640060653327648,
            0.05637254980284314,
            -0.5785329953693823,
            0.09439024301525858,
            0.14834481652809373,
            0.12374962078596255,
            -0.18573035647628827,
            0.2266058540863581,
            -0.5608100925636026,
            -0.5411960579936578,
            -0.24311236308970885,
            0.4221789812181867,
            0.6093419592491714,
            0.5769276609428551,
            -0.08162311377557004,
            -0.45261179629933307,
            -0.022710048727181423,
            0.12796826865302044,
            0.1742227517739466,
            0.03834486183260199,
            -0.04947284011503112
        ],
        [
            0.24740513299891448,
            -0.5676812695842615,
            -0.10893325598116972,
            -0.3965988866381714,
            0.8884902346897185,
            -0.10202458735806258,
            -0.25780593530767076,
            -0.16660694588227778,
            -0.08150279658427098,
            0.25164576949832723,
            -0.5730182744940946,
            1.3497598891297298,
            -0.7141512653619716,
            0.3846262624906353,
            -0.21456661320676318,
            0.02164640493629638,
            -0.7467377726809297,
            0.7038677196941989,
            -0.6542135907209526,
            0.04753951197442847,
            0.7566208711083034,
            0.9257773465216604,
            0.4025568858629268,
            -0.7596040439762644,
            0.8060885453317722,
            -0.39084816677207135,
            -0.19921772503433746,
            -0.5179113104341643,
            -0.4643962192757631,
            0.2014575106270353,
            0.3303246115007876,
            -0.4851036346065969,
            0.9552605217337076,
            0.3852323358086676,
            0.08502706333978632,
            -0.9654123833502569,
            -0.44213622098505423,
            0.867600296809131,
            -0.21095876170489242,
            0.44960398883851493,
            -0.5549878368648169,
            0.21275252534246808,
            0.998169452826454,
            0.27255679342702055,
            0.5445381095079593,
            0.5915889528355742,
            -0.2605505284656554,
            -0.5231119621364336,
            0.8742136913148529,
            -0.5934674761904281,
            0.7024776096444685,
            0.06859648176031456,
            0.7922253771885036,
            -0.6651929587921069,
            0.7201092127273809,
            0.8223552871631392,
            0.8636253058622432,
            0.9475128050435792,
            0.3894631301966136,
            0.09481831921143491,
            -0.15789719568468458,
            -0.007736696456508952,
            0.5793826358924163,
            -0.6099320270283589,
            0.7975717749042899,
            0.8444081437920843,
            0.35611368580307423,
            -0.00981665777761068,
            0.3155085277345752,
            -0.7617164805398905,
            -0.01281093245752978,
            0.11112605547995259,
            -0.22935988097697824,
            0.519271089673101,
            0.08779414933287875,
            -0.8725122566088787,
            0.7633503325221432,
            0.36346587407600833,
            -0.21643773950666553,
            0.9687082886293396,
            -0.2675497678205891,
            0.8183091557255536,
            -0.602395228312157,
            -0.08104592703942123,
            -0.21500957910448365,
            0.04326378280981807,
            -0.20785324683513917,
            0.7930324929983918,
            0.7752716192268932,
            0.42063169702715064,
            -0.439267269075986,
            -0.60274974999648,
            -0.7877029657325233,
            0.06880454686646928,
            0.5375561146390556,
            -0.2254396902358293,
            -0.27430223469108533,
            -0.385498641899611,
            0.24219301713211752,
            0.3560623969191248
        ],
