{
    "pos": [
        [
            0.5762034776153608,
            0.04511999292310158,
            0.5937586592633729,
            0.20770670043801512,
            -0.039962485074420406,
            0.24680275450179662,
            -0.16762877386886824,
            -0.02029993369412838,
            -0.03263129883951511,
            -0.05713439323447264,
            -0.06711376943947495,
            0.24437985184608818,
            0.47725763248534736,
            -0.15666417553783832,
            0.016162900345106795,
            -0.05412006622735278,
            0.1646973060460967,
            0.014979401557575194,
            0.14302895188407988,
            0.07228444086050323,
            -0.08946842183937914,
            0.05287613307000983,
            -0.07125851381825395,
            0.19828237093327344,
            -0.0698278840252778,
            -0.10052907387180454,
            0.014613826634796817,
            0.25611232393085204,
            0.027770885744027467,
            0.015190573315520104,
            -0.14251135554443273,
            0.1556758639054049,
            -0.1600530187483022,
            -0.06031298604247102,
            -0.18307047503228158,
            -0.09573321532039686,
            -0.3440597775351247,
            -0.10057829799644843,
            -0.014734674437696086,
            -0.19094817058278002,
            0.1784784765741712,
            -0.04451586686893439,
            0.09469117004428507,
            0.18296084101584437,
            -0.148054908350997,
            0.14857323435855602,
            0.21349791069943672,
            0.021530004403485268,
            -0.12403580365464979,
            -0.14483312050903982,
            -0.07084373286663473,
            -0.13776026344919648,
            -0.0728523402964279,
            0.16947526874795207,
            0.1512234598408933,
            -0.23268781442781708,
            -0.029756359155106663,
            -0.14366702910149676,
            0.13725882989357105,
            0.18457299938121352,
            -0.010151178021039792,
            0.0807352923299878,
            -0.07605504229444532,
            -0.07472195002527533,
            -0.024082857752927525,
            0.13343615999102743,
            -0.11664095290071036,
            -0.09017880731020135,
            -0.19840346786007226,
            -0.19133262905940118,
            -0.10348245587478806,
            -0.13473066392474947,
            0.27226000336308465,
            -0.09976198798308879,
            -0.38766602277596723,
            -0.15583400720443438,
            0.09990140740213777,
            -0.04408960168294161,
            0.10447208907249785,
            -0.28868225992543894,
            -0.1911306202651682,
            0.027649562246920396,
            -0.018858821288256594,
            0.044635340556037635,
            -0.1992843168520374,
            -0.01567668232942265,
            -0.14337862142407423,
            -0.19638902570306466,
            0.41989180405919113,
            -0.0991493649914452,
            -0.2141262872903928,
            0.2027126004042576,
            0.02980101083374382,
            -0.08250591077091932,
            0.36020585117883963,
            -0.14492906557842453,
            -0.08008908147800432,
            0.1491575028858495,
            -0.121567108674378,
            0.2011533377711075
        ],
        [
            0.04511999292310158,
            0.6681901030876882,
            -0.2527789494184005,
            -0.25170896287967365,
            0.31352357469657555,
            0.13013914706657803,
            -0.5171962929185908,
            -0.4366235100906849,
            -0.33229067688916447,
            -0.1268290443750235,
            -0.4540779174806398,
            -0.2722151337234702,
            0.12949159623750162,
            0.5574615948574673,
            -0.06967842140573755,
            -0.4059071232888095,
            -0.31853670723793076,
            0.3100266587347216,
            0.024898221325035358,
            0.05346255379807655,
            -0.5101052809595881,
            -0.08903803229973886,
            0.77877887008007,
            -0.2567363952328535,
            -0.25098874509799196,
            -0.20793224158230905,
            0.08479756481899395,
            -0.3109234360374675,
            0.08384988826884326,
            -0.025156455868434242,
            -0.3391828499521642,
            0.049321411357665254,
            -0.3019209068908452,
            -0.42222883950885637,
            0.251787496411275,
            -0.2991289920121557,
            0.03646472951966129,
            -0.5117327184295544,
            -0.32012995221768015,
            0.11623148706828262,
            -0.052846167945634376,
            -0.5606816994497666,
            -0.45798432025792174,
            0.40747108662119014,
            -0.31894856526512927,
            0.29350452313533704,
            -0.06809686141088667,
            -0.31724483299013617,
            -0.2758946081524773,
            -0.09101560719808323,
            0.20417915535530146,
            -0.3336948862975975,
            -0.3186828690137314,
            -0.0769631107418014,
            0.4231879900407972,
            -0.07001027200688227,
            -0.17755191697102304,
            0.11185628034851994,
            -0.20677669012904465,
            0.15338579302349695,
            -0.30046164758109406,
            0.20342143869820553,
            -0.5886016632827075,
            0.4999934524510295,
            -0.4298364798182718,
            -0.15595618607654232,
            -0.3292512197622159,
            0.013520097470695415,
            -0.26797512254408884,
            -0.1429049939665185,
            -0.3600703564676161,
            -0.3126529544779065,
            0.0905362717249045,
            0.05956921683546268,
            0.28180845696547446,
            -0.16191775375959155,
            0.2053036390212566,
            -0.3535854218466219,
            -0.303245000328105,
            -0.3836623529901606,
            -0.5348667647977775,
            -0.14597347164484026,
            -0.3849872637757659,
            -0.48649298831358023,
            -0.04725883047288501,
            -0.07815702537855308,
            -0.30569929178576327,
            -0.550182431062313,
            -0.27989910912339455,
            -0.1346906743028194,
            -0.2286246900720952,
            0.29563603239862096,
            -0.19709123310095636,
            -0.27290673200813687,
            -0.020110131426506098,
            0.24929540580110757,
            -0.105240764836325,
            0.22241180162780672,
            -0.37652119861852273,
            -0.27731658297530026
        ],
        [
            0.5937586592633729,
            -0.2527789494184005,
            1.4292086186219066,
            0.587586419706901,
            -0.4019294295240141,
            0.2848207055793287,
            0.13154308783531202,
            0.31589482155777643,
            0.2384357727901114,
            0.023329731967461173,
            0.36634630089630954,
            0.42917296912826025,
            0.4671085292584296,
            -0.42173822173305786,
            0.14594473522596985,
            0.15982141337764172,
            0.3007935628004343,
            -0.2075204172916253,
            -0.23159440031537015,
            0.10490375139035354,
            0.25047185849244974,
            0.41021503166033974,
            -0.6154023647321636,
            0.5275708480979169,
            0.13371056407397994,
            0.24098365511444844,
            -0.05759503525592852,
            0.7305628637472338,
            0.060776530419283464,
            0.2674291426732054,
            -0.2171012194039246,
            0.19742258444521502,
            0.09300100295240307,
            -0.05089674702893563,
            -0.4905492060941745,
            -0.04947628489943946,
            -0.38742577773393905,
            0.06926386250495671,
            0.1501495282664862,
            -0.2116909499315851,
            0.2773252348152944,
            0.061861038633869964,
            0.5474483816295628,
            -0.1711659142072503,
            0.11034287865062861,
            0.06250036070179689,
            0.10192158645691782,
            0.511965182126184,
            0.23696521955190286,
            0.051208330689252374,
            -0.10296099098080487,
            0.0018235967829872397,
            0.391419748219285,
            0.41149722727092986,
            -0.3041320992939454,
            0.01861466734425329,
            -0.08023966600663748,
            -0.1925264253394554,
            0.3684249384111105,
            0.08838446753522144,
            0.19940107910133759,
            0.018780310426080978,
            0.22037974739579103,
            -0.5292845380641938,
            0.13849030472588042,
            0.1223445725719708,
            -0.23503860641696186,
            -0.058722459017589365,
            -0.05821498214622817,
            -0.4700504649627786,
            0.1867305245346344,
            0.031193456071016493,
            0.44738049192174795,
            -0.4168245196219511,
            -0.43644244951593314,
            -0.150275253025341,
            -0.007364567845004334,
            0.14339045360068825,
            0.38177474426147706,
            -0.4240461559276608,
            0.14836852685025262,
            0.24533698698606668,
            0.2096062880954886,
            0.5507524906562637,
            -0.2514566017672071,
            0.13328120371998978,
            -0.036305002887474146,
            -0.11209662359340096,
            0.2623335126529622,
            0.01937268346198925,
            0.017457645072511276,
            -0.1069673492787653,
            0.239203687719206,
            0.17751740751103728,
            0.6005096945253424,
            -0.27112090656448656,
            0.1042941452099728,
            0.12906318751699516,
            0.09834704079701542,
            0.39914601563842966
        ],
        [
            0.20770670043801512,
            -0.25170896287967365,
            0.587586419706901,
            2.0016119047328447,
            -0.5144767728961855,
            -0.422276518753293,
            0.4078865645460539,
            0.5745136049340678,
            0.45843667079929024,
            0.08372009649300917,
            -0.045168059647393954,
            0.8942238185858107,
            -0.31321173765074395,
            -0.3995955493732255,
            0.7020242138329198,
            0.5123573989378412,
            -0.0009784487039115185,
            -0.36319037599865756,
            0.08524955347206684,
            -0.06070294759891496,
            0.23580957564076976,
            -0.024396273086175105,
            -0.8544847348223269,
            0.2640435401440802,
            0.6068561798464344,
            0.10061698328550048,
            -0.09747533098927015,
            0.2754953340921885,
            -0.38985288959276954,
            0.25234713241020545,
            0.08827531214242362,
            0.14527957084394405,
            0.48526995476125767,
            0.2316758610478879,
            -0.5387061000420517,
            0.3885134559307777,
            0.09410032927477138,
            0.3292507029758045,
            0.44119244284962267,
            -0.32668746264860216,
            0.22886896793965977,
            0.34100624831606396,
            0.7590694354510192,
            -0.38071573135336384,
            -0.038166618109417405,
            0.0322258728452017,
            -0.12959663751344572,
            0.4671133655995577,
            0.03912321315920416,
            0.37369296650394396,
            -0.14626848651760688,
            0.1375085617552604,
            0.5235053340891462,
            0.8445828043013482,
            -0.29151159503621377,
            0.27846993990224983,
            0.2085418743918392,
            -0.13117143380379434,
            0.147079652805862,
            -0.3891379189813666,
            0.6146568034080957,
            -0.7414641262980064,
            0.7852298077019136,
            -0.785648809136166,
            -0.013732490379254338,
            0.18993267204778463,
            -0.132978884907967,
            -0.15158681291141507,
            0.40025073392524346,
            -0.27989111333187733,
            0.15417009166488801,
            0.26639611056623436,
            -0.5857041011996059,
            -0.22984983102957193,
            -0.4557536094746737,
            -0.18066152117733417,
            0.5771755479565202,
            0.43962477027069835,
            0.2679729395844025,
            -0.15661574529088082,
            0.3636176522323545,
            0.4287797490531809,
            0.7096326914746043,
            0.5500810467825465,
            -0.40631434495470736,
            0.18980364304648026,
            0.24048031367826775,
            0.32866823200492573,
            0.2990273333387721,
            0.2707073965022754,
            0.3403775013612783,
            -0.0807049976593423,
            0.25876253647130826,
            0.18692358434966552,
            0.22454850274833052,
            -0.25776374221211434,
            -0.010941634404764125,
            -0.20696632829927608,
            0.5532847183914962,
            0.9704001721353877
        ],
        [
            -0.039962485074420406,
            0.31352357469657555,
            -0.4019294295240141,
            -0.5144767728961855,
            1.8899542223414403,
            0.5454558662495275,
            -0.08569960457590375,
            -0.5733589712686162,
            -0.3551582371777476,
            -0.12155366782998461,
            -0.2928187949643553,
            -0.35465939409370933,
            0.7899409510106625,
            0.5091557004783058,
            0.026119524677703593,
            -0.4243235702500425,
            0.04435839388198068,
            0.8464161223977269,
            0.1568994315558242,
            -0.05166546368454747,
            -0.34738136939857683,
            -0.18094943189487595,
            1.0557281941142453,
            -0.4606498996304117,
            -0.285336606311695,
            -0.37766769053567784,
            0.12246096439643579,
            -0.10158420911791968,
            0.033779064191771985,
            -0.11331834626214206,
            -0.2837687540328687,
            -0.019634007844769152,
            -0.45021131635065675,
            -0.4279826399222725,
            0.29385607065530106,
            -0.5214652577519101,
            -0.03571899070453848,
            -0.5066590184470011,
            -0.3135161676529492,
            0.42598687951759906,
            -0.14050015718257097,
            -0.4528315878527033,
            -0.6305380758870575,
            0.24264385567045557,
            -0.2540092654441146,
            0.36568360324186716,
            -0.031375978024880305,
            -0.3302093639432232,
            -0.34582503440747453,
            -0.3075725926941269,
            -0.008786139080107348,
            -0.24672411849804135,
            -0.49277900279213954,
            -0.7429463053590327,
            0.5158170446870685,
            -0.5501715151654185,
            -0.0861136108247822,
            0.11106087959188611,
            -0.22019708948886377,
            0.09359586505967973,
            -0.5786288092428724,
            0.49222658671297426,
            -0.4028045151283806,
            0.7490748330877683,
            -0.5355028308238682,
            -0.1855035413283066,
            0.0445051726416988,
            0.02918581064186643,
            -0.17697602776758087,
            -0.21869090063043023,
            -0.21539619399557264,
            -0.5455279960390718,
            -0.1228982956397589,
            0.9740140853913188,
            0.039437760232857694,
            -0.15323753443128163,
            -0.03126145900127325,
            -0.3223370951095374,
            -0.4829156187846547,
            -0.1809044307428618,
            -0.6616595014547624,
            -0.474935402099647,
            -0.5226307828720977,
            -0.3385282138496243,
            -0.11309188652195286,
            -0.07567958148905153,
            -0.17930720367854164,
            -0.6261410311174537,
            -0.4015482137018874,
            0.106837934982176,
            -0.47074556440477205,
            0.0069780165639957955,
            -0.18452764548149314,
            -0.34454220883172926,
            -0.3134431681852396,
            0.13108233251899024,
            0.07853123746064729,
            0.26993776986494505,
            -0.5596997161981893,
            -0.43772323511460215
        ],
        [
            0.24680275450179662,
            0.13013914706657803,
            0.2848207055793287,
            -0.422276518753293,
            0.5454558662495275,
            0.8236778238005185,
            -0.41091312085682513,
            -0.5785004628052175,
            -0.4733322985502967,
            -0.13558652108772995,
            -0.3495664587415435,
            -0.08914302483047667,
            0.7044502404705013,
            0.14991989578152093,
            0.018273598045492532,
            -0.5351039455702613,
            0.2667749727195746,
            0.29939769201352034,
            0.1180556641506828,
            0.08479723461605396,
            -0.5142976718258343,
            0.2416551413033992,
            0.4535622084785296,
            0.05946737790785076,
            -0.564646152511374,
            -0.16718329843860796,
            -0.12050340463098391,
            0.13508134582877335,
            0.06501675743857538,
            -0.2427473714980699,
            -0.40259443983581816,
            -0.02123332236022025,
            -0.5992415058247189,
            -0.4512239556320147,
            0.12871442432696667,
            -0.4365080072040642,
            -0.1789305937767735,
            -0.39371641040150207,
            -0.4199868395196329,
            0.17331182248742977,
            0.2127565293694167,
            -0.37783902633603456,
            -0.4941666781042505,
            0.41465690487301,
            -0.22089871904171682,
            0.19081601048574617,
            0.3518950802359224,
            -0.19353019787885778,
            -0.2679465948970208,
            -0.4596376425603795,
            0.065651756499776,
            -0.35137942272034284,
            -0.35676165322177156,
            -0.4210444293224507,
            0.2619108255165784,
            -0.45900099921706256,
            0.08798568586427397,
            0.08417287830674774,
            0.14412931152333078,
            0.3298692441974098,
            -0.5565896655873287,
            0.601577462612332,
            -0.4915862544809602,
            0.6331275122770186,
            -0.2511985054024829,
            -0.23529357715929883,
            0.029981621430944547,
            -0.015973891202282826,
            -0.4209759784614722,
            -0.18068491074763973,
            -0.33259028266026824,
            -0.5871241738915352,
            0.3292892703277054,
            0.027045956237048002,
            -0.2821381816580768,
            0.23140737959116586,
            -0.12524228906969612,
            -0.31301149802127676,
            -0.27807944348967273,
            -0.40711941746334596,
            -0.5635222759768301,
            -0.5119186362189516,
            -0.5418481204058692,
            -0.3783553053272022,
            -0.1429393878762873,
            -0.0931087255071615,
            -0.15923416935064105,
            -0.6129109782476225,
            -0.15447440455203,
            -0.17228439927173492,
            -0.42814103616943916,
            -0.1894977302720881,
            -0.06177596889019234,
            0.010187102594643631,
            0.098002587628687,
            0.09099136987535897,
            0.12900023826604762,
            0.34007966381724375,
            -0.426707224063331,
            -0.2415652008007173
        ],
        [
            -0.16762877386886824,
            -0.5171962929185908,
            0.13154308783531202,
            0.4078865645460539,
            -0.08569960457590375,
            -0.41091312085682513,
            1.294363464229657,
            0.464831934756246,
            0.5993308579460424,
            0.1811230192390469,
            0.2817308613028675,
            0.17310206271109096,
            -0.1727621008880043,
            -0.4543423855114369,
            0.2592785443056561,
            0.8198033289339646,
            0.18746241308733083,
            -0.27450878185609995,
            -0.35654232705290273,
            -0.07088096334406094,
            0.596712958899671,
            -0.2793676327466205,
            -0.653487341893469,
            0.2871097110491151,
            0.5300777752237729,
            0.41762101068683666,
            0.19092435821360293,
            0.4985579025140492,
            -0.19920620259685967,
            0.05164246590888983,
            0.4405143088590835,
            -0.017517249840815655,
            0.2604201273019471,
            0.3534042109241783,
            -0.456145926328698,
            0.3728951041486873,
            0.17857269781314195,
            0.2226368527680425,
            0.5637008024890773,
            -0.179024957240996,
            -0.23081240714226703,
            0.32504744064387675,
            0.7449125471654552,
            -0.5227453644611049,
            0.001899271091215269,
            -0.27445770478028897,
            0.01645872626201705,
            0.14504817982363194,
            0.07775510664811178,
            0.4699815309109925,
            -0.2670090089371675,
            0.622557802097625,
            0.13719502430500818,
            0.06963315250039104,
            -0.4239431197474726,
            0.36083327052006264,
            -0.20684586155265317,
            -0.19522932729165215,
            0.22036134981702032,
            -0.136785546412271,
            0.5253371799353556,
            -0.6226781844692855,
            0.7811625259708125,
            -0.5817579057099334,
            0.27843318625885427,
            0.41613160616584666,
            0.18441207571264878,
            0.04697730686860868,
            0.70045493574279,
            -0.057326532406811244,
            0.5874068507149541,
            0.3329305954357138,
            -0.2411040523363337,
            0.271628430177153,
            -0.11355542495800187,
            -0.37568129201482536,
            -0.03441790243187112,
            0.5037811001998967,
            -0.1376651773028564,
            0.2987503754987202,
            0.451900390625272,
            0.18910519994960942,
            0.6463123960737716,
            0.2564553069016514,
            0.008834886045937821,
            0.2507985769617765,
            0.4819662432288068,
            0.6484784921747917,
            0.25594693243498884,
            0.41698042937784374,
            0.33115972927483833,
            -0.22755903212274023,
            0.19938004973952117,
            0.1340532322140155,
            -0.15791892498196294,
            -0.2580210973135785,
            0.0333988914635516,
            -0.2871639733015762,
            0.45973738086669536,
            0.17465151462696055
        ],
        [
            -0.02029993369412838,
            -0.4366235100906849,
            0.31589482155777643,
            0.5745136049340678,
            -0.5733589712686162,
            -0.5785004628052175,
            0.464831934756246,
            1.0321024962938443,
            0.6317565750248639,
            0.20196016934383215,
            0.9130943881709397,
            0.04784297094391302,
            -0.46475874101604636,
            -0.4092689866744782,
            -0.06317800736572228,
            0.6604064283873288,
            -0.17550592784059238,
            -0.33407971800723024,
            -0.034223252366675144,
            -0.034793881746394015,
            0.9503988022645063,
            0.18384549143092235,
            -0.9746156425240573,
            -0.02233629417943853,
            0.7647195598839123,
            0.20145892293637097,
            0.030831976786858888,
            0.06666783761691628,
            -0.0007521084740966792,
            0.46793073275953373,
            0.44110592098259593,
            0.09858590241444849,
            0.8701528488002854,
            0.5947173417232016,
            -0.39230620051906256,
            0.5856477832608885,
            -0.047558980869224776,
            0.6636247261646675,
            0.5230872865086287,
            -0.25222893345054975,
            -0.14603323375195074,
            0.6713999889154736,
            0.6943961727160213,
            -0.523682455589948,
            0.5823912122405254,
            -0.2748395432712911,
            -0.36415768034585017,
            0.6676139136208957,
            0.6843591954644945,
            0.7235753938992506,
            0.022554220059651856,
            0.42649979970041685,
            0.7494766772045305,
            0.4324807711263639,
            -0.6240159749840802,
            0.32054450317582234,
            -0.09237193562429963,
            -0.1958206639888196,
            -0.03605987395844709,
            -0.17358766524983452,
            0.6901464491809266,
            -0.5339467398337836,
            0.7394390622967555,
            -0.9807201460614063,
            0.5789739486666607,
            0.25566110604802067,
            0.07774232042135486,
            -0.003860826714238729,
            0.32136921100892823,
            0.22153126277720525,
            0.43646314422103183,
            0.8235129556054159,
            -0.2935154711963099,
            -0.39292634153175504,
            0.0662897251554448,
            -0.5716206622344426,
            0.004607745251586978,
            0.46409968554372055,
            0.7986360743089234,
            0.4936371035884107,
            0.9493849056625887,
            0.8111156879740449,
            0.6276075927299931,
            1.0372274458050685,
            0.10456765598748254,
            0.10831870905010506,
            0.21173421509824555,
            0.8301234086308173,
            0.2607314675016733,
            0.10823900769038891,
            0.6010076801852242,
            0.09521686445914407,
            0.2571906214946587,
            0.07548452118657453,
            0.14583348577916938,
            -0.1830655746899758,
            -0.21399398163324546,
            -0.374840429250069,
            0.6109466859427984,
            0.4356932203598563
        ],
        [
            -0.03263129883951511,
            -0.33229067688916447,
            0.2384357727901114,
            0.45843667079929024,
            -0.3551582371777476,
            -0.4733322985502967,
            0.5993308579460424,
            0.6317565750248639,
            0.7994286658227155,
            0.1548168389616548,
            0.3990868885421339,
            0.2490393356303209,
            -0.33076677877417887,
            -0.04818244454620571,
            -0.04239189226791727,
            0.7611051305112442,
            -0.18548690749715363,
            -0.26675606478260316,
            -0.19124630979732452,
            -0.049002131013720376,
            0.553937538668446,
            -0.13224732265394448,
            -0.6041964513987395,
            0.006024627492871117,
            0.5913325267225268,
            0.2151820245085025,
            0.30305615734346814,
            0.24731250829440538,
            -0.06227923740640782,
            0.34686847554948597,
            0.3260648425494988,
            0.16865910769919026,
            0.4803836731630842,
            0.41211526581900215,
            -0.2955889325377062,
            0.47141560864223975,
            0.04183623671303893,
            0.2173806295238167,
            0.547018183422016,
            -0.24593472789718154,
            -0.13908369265170528,
            0.22204064769471812,
            0.4947315440615459,
            -0.5243611925448894,
            0.15931578035853144,
            0.09854797594601064,
            0.07909956100983065,
            0.28495645537557046,
            0.20342019895667257,
            0.3950532396937676,
            -0.07622163356237388,
            0.46275057551207277,
            0.3397180349019958,
            0.3572849219508785,
            -0.47509535639669936,
            0.39789181608661495,
            -0.1521646545894899,
            -0.024979071350206578,
            0.13001827987884396,
            -0.15665478971800317,
            0.5837796533347901,
            -0.555940505620702,
            0.5763174325155711,
            -0.6572860588453346,
            0.2045141453993004,
            0.3518851186275461,
            -0.09952158291430474,
            -0.06497778994817607,
            0.564505836940578,
            -0.05849704134469676,
            0.3237527322304703,
            0.5092102084375075,
            -0.4360174479736821,
            0.44957043688063025,
            -0.18902594827488908,
            -0.34224520893159305,
            0.02271387596562372,
            0.37114610612297666,
            0.2328468178942864,
            0.14081245341531745,
            0.5201143883852031,
            0.4821757886853658,
            0.6892530778708366,
            0.478543329551787,
            -0.05416407904315611,
            0.1123282099522483,
            0.2730672837163062,
            0.6693267773260062,
            0.32101922831159324,
            0.09135667424062484,
            0.4068487554265261,
            -0.2163403251299187,
            0.16690416386128787,
            0.19072244238957517,
            -0.08043781136215067,
            -0.48381323331536996,
            -0.26395102300727064,
            -0.2112694286478375,
            0.3386881456829204,
            0.3605827111066592
        ],
        [
            -0.05713439323447264,
            -0.1268290443750235,
            0.023329731967461173,
            0.08372009649300917,
            -0.12155366782998461,
            -0.13558652108772995,
            0.1811230192390469,
            0.20196016934383215,
            0.1548168389616548,
            0.08852987325720932,
            0.18317831797907028,
            -0.01803384106547895,
            -0.08124398575377216,
            -0.09015208088880906,
            0.038305658990463384,
            0.1916908219662824,
            0.013877051294621518,
            -0.06498326714098972,
            -0.12795485466656908,
            -0.016389325835688848,
            0.2221963043313824,
            -0.0075328759231740395,
            -0.19663473271344858,
            0.026138368166384846,
            0.19699504942533835,
            0.10591392017710267,
            0.0726459354296864,
            0.02377201207082189,
            -0.03622107890668491,
            0.04965146448161528,
            0.10636873546417609,
            -0.03910574745548028,
            0.1811202039110118,
            0.1471907237350309,
            -0.08490664099473663,
            0.15115664515754446,
            0.0925776189766154,
            0.14078603532146844,
            0.10291656725768589,
            -0.09621199020492593,
            -0.05438837557797985,
            0.1545352925538281,
            0.11540387684833586,
            -0.12472249979368533,
            0.15469045125741945,
            -0.0710947212266693,
            -0.05619283540708905,
            0.14915609817899683,
            0.1632352075621613,
            0.13434161017302093,
            -0.020686834585975665,
            0.0757729703878322,
            0.15318536484794099,
            0.05681248527371005,
            -0.1625950222455785,
            0.060959158885631956,
            -0.04680821085589437,
            -0.028871365611474638,
            -0.03349077334100201,
            -0.004826240296958851,
            0.16375027708830325,
            -0.09406267038443446,
            0.1622884416772224,
            -0.18974307045917044,
            0.15636235924926534,
            0.06728153515426563,
            0.031241229002879803,
            -0.0334383342154297,
            0.09311580510997047,
            -0.008896368751806008,
            0.1159917854729095,
            0.1340244790708269,
            -0.10501436507683906,
            -0.050218690231786975,
            0.009931725219192722,
            -0.1032734061671357,
            0.025069986333553954,
            0.1304648288352178,
            0.08703604808394688,
            0.11757323460462918,
            0.22140239124824762,
            0.20598163679723325,
            0.13509045428240726,
            0.22553528626182098,
            0.050953094724193904,
            0.043184054320943244,
            0.10800541358416883,
            0.23060299785492744,
            0.04006108543055404,
            0.023544875358766974,
            0.14989198992394903,
            -0.09161182491513736,
            0.06594177238863833,
            0.03829188583569384,
            0.004004581338537303,
            -0.10230492165878965,
            -0.029316624047642285,
            -0.07731324271537021,
            0.164679128094879,
            0.02968218788512486
        ],
        [
            -0.06711376943947495,
            -0.4540779174806398,
            0.36634630089630954,
            -0.045168059647393954,
            -0.2928187949643553,
            -0.3495664587415435,
            0.2817308613028675,
            0.9130943881709397,
            0.3990868885421339,
            0.18317831797907028,
            1.4592714167608514,
            -0.13612253647622913,
            -0.18754773416216164,
            -0.3314836909444543,
            -0.33559567064447915,
            0.492053968570622,
            -0.2066798996124736,
            -0.12117790637026694,
            -0.15223294211853855,
            -0.02129902280009248,
            1.2384680960656855,
            0.8008740121923352,
            -0.7127791070411109,
            -0.10416501769024283,
            0.5897333570950609,
            0.05988144191816378,
            0.03763457678364347,
            0.22767874850944736,
            0.33439914125443254,
            0.5453169579254091,
            0.13190273134245872,
            0.02580035380501186,
            0.8953022133767305,
            0.21428017912899971,
            -0.1042984332688752,
            0.37360662801490463,
            -0.27961454264021046,
            0.6899076750562527,
            0.35321424078192376,
            -0.13402840961784498,
            -0.14139114321329804,
            0.6425654180379167,
            0.441354132177902,
            -0.521170033539112,
            0.9130114170414232,
            -0.4165701709042914,
            -0.4358531929548115,
            0.9524220875513186,
            1.1358897077434071,
            0.5663883972154118,
            0.3122959541125951,
            0.3310399804917769,
            1.0846210424304894,
            0.023034380816209815,
            -0.6127481244189233,
            0.1673352741545924,
            -0.27191192512518625,
            -0.14713802153880334,
            -0.010483305659442147,
            0.04276649372278647,
            0.4417422960536812,
            -0.04000358253104312,
            0.4635731829357646,
            -0.7785911528993094,
            0.5083027232267735,
            -0.03141682501576251,
            0.09728403674327973,
            0.10960698591448001,
            -0.02008746319741362,
            0.028491921206949548,
            0.5748852562402078,
            0.7659860630555136,
            0.13754904118409517,
            -0.6418304449402326,
            0.2776517307458327,
            -0.5297269623535084,
            -0.2986354332308727,
            0.319867048375428,
            1.2590338383948834,
            0.45066168780484595,
            0.929167251459056,
            0.9162957953896376,
            0.32284107050215155,
            1.5390482754614143,
            0.5187287162011973,
            0.06915691628833034,
            -0.055357139258797795,
            0.3637764084572115,
            -0.025093324820784333,
            -0.03528492198422244,
            0.5225917458779288,
            0.11145322852938551,
            0.19747958415951053,
            -0.08704734563176561,
            0.34550163343723056,
            0.07464126077637528,
            -0.09860409510307269,
            -0.30087641124846076,
            0.2983732949478699,
            0.051789061730570574
        ],
        [
            0.24437985184608818,
            -0.2722151337234702,
            0.42917296912826025,
            0.8942238185858107,
            -0.35465939409370933,
            -0.08914302483047667,
            0.17310206271109096,
            0.04784297094391302,
            0.2490393356303209,
            -0.01803384106547895,
            -0.13612253647622913,
            1.1723798921091477,
            0.05826605960503356,
            -0.2367527209383875,
            0.3646820566058731,
            0.3519672332547228,
            0.30066165144354007,
            -0.31859706178356534,
            0.2079229642823868,
            -0.07223147343717357,
            -0.014320037825976026,
            0.19998111274355979,
            -0.3495089131141625,
            0.45970384740220044,
            0.06253217786883483,
            -0.21914061542491448,
            0.0433691805450834,
            0.6085214672751545,
            -0.04783874878392164,
            0.06872002230652785,
            -0.0847166413125824,
            0.04180325812779576,
            -0.0027128272461868935,
            -0.03138773072848577,
            -0.06577573715536346,
            0.01512163031880417,
            -0.3226250678188785,
            0.16270421908860322,
            0.29774307645864717,
            -0.09473309732614757,
            0.2101652494278945,
            0.13236999249895823,
            0.3021273493027676,
            -0.28006654668683784,
            -0.12097107598541353,
            -0.023762276568572247,
            0.41930898802577105,
            -0.04153133516599239,
            -0.2721511682828301,
            -0.16538883261687248,
            -0.04002836199018571,
            0.11285150039664382,
            0.08770868914707393,
            0.29546450225016985,
            0.021275334745316028,
            -0.1126110092036198,
            0.14031177974451112,
            0.030627443543240502,
            0.26323825575934523,
            -0.22029543624367026,
            0.23321215772482123,
            -0.2557694361158935,
            0.2706890365505761,
            -0.35119890551832544,
            -0.2370141743313537,
            0.07163186923079519,
            0.15175037017218818,
            -0.14488669213806435,
            0.1508101584777779,
            -0.2042445153142,
            0.16719347300026177,
            -0.11268099267733796,
            -0.14226064151697332,
            0.191525472523462,
            -0.5250142273911661,
            0.4847919862378126,
            -0.048420332054338086,
            0.1702742286442937,
            -0.018097638109320694,
            -0.29111456049307605,
            -0.09652033835268753,
            0.03173507307708512,
            0.3792545682975428,
            0.13082805300107003,
            0.12132785936075821,
            0.044870498049013094,
            -0.011698752516596238,
            -0.051525690553093285,
            0.381021304985097,
            -0.18312063974726772,
            -0.019074811680382785,
            -0.2207779280273655,
            0.08269365829881999,
            0.0035750474970027996,
            0.30776738241482415,
            -0.23955018045606524,
            0.07962298793555547,
            -0.041784755134237656,
            0.00019288498849761053,
            0.48469700199054305
        ],
        [
            0.47725763248534736,
