{
    "pos": [
        [
            1.8715536120718894,
            0.09200746232828437,
            0.07762236447043573,
            0.042775661516262505,
            0.03604269878121952,
            -0.30319258719827513,
            -0.46124719969507966,
            -0.1636835638430883,
            0.18481358376562423,
            0.3047098220287093,
            -0.2213128962411791,
            -0.4024740982400313,
            -0.3110147958287009,
            -0.21430359723057205,
            -0.31935220884486337,
            0.11490228556015247,
            0.26626034202584675,
            0.049274613956567945,
            0.20565632704862144,
            -0.3687491747100266,
            0.6766295788891011,
            0.02917469553165775,
            0.2521200442858461,
            -0.18822106319788184,
            0.24340827681840949,
            0.18226795552022693,
            -0.3983669026032636,
            -0.07523936913415917,
            -0.17438592932994312,
            -0.3447106150300862,
            -0.2690316685122196,
            -0.25102125839537054,
            0.11660763717077224,
            -0.43376094141156674,
            0.20340541909581306,
            -0.28250454188355106,
            0.16739687722541383,
            -0.17424891638348378,
            0.3343391428644549,
            -0.26300322841405643,
            -0.45335907913122897,
            0.6363406715554786,
            -0.08618393357614626,
            -0.002680908261200043,
            -0.10781420421960661,
            -0.2729077262761598,
            0.5084333240611479,
            -0.35936687582009724,
            0.3543863250979314,
            0.011513486541858686,
            -0.3901501176817112,
            -0.36388690209080937,
            0.10846515069152053,
            0.4141050886626887,
            0.15127644723571937,
            0.5167676296214594,
            0.6482442679344956,
            -0.06388756228852721,
            0.17760260637465008,
            0.6186864531922387,
            -0.031225202277952686,
            -0.1910369806283053,
            -0.24204739879369613,
            -0.07158179892457708,
            -0.2609787717627362,
            0.42212905142437607,
            -0.08673653301916105,
            0.2248569343821448,
            -0.30868434947409173,
            0.2501096972781866,
            0.14604278167692733,
            0.09989524210095221,
            -0.1112741629707142,
            0.4421241985302787,
            0.308631320906194,
            0.17906139541729307,
            0.07000211274561469,
            0.13820759557412396,
            -0.14391435452468693,
            0.3234017477632448,
            -0.2601979453979647,
            -0.2982009259847228,
            -0.08101114654674932,
            0.5791561885845801,
            -0.37591967523587727,
            0.8524354377977678,
            0.05815784492000503,
            -0.09506065849872142,
            0.0074532059917068565,
            -0.04816094619675338,
            -0.17574845731335953,
            0.5475265678924545,
            -0.18607340637140443,
            0.5926709363431724,
            -0.2670503801938884,
            0.4329374406194484,
            -0.044848949370855144,
            0.3338825552776665,
            0.008617901686264504,
            -0.12868135787231397
        ],
        [
            0.09200746232828437,
            1.8664613561270227,
            -0.1619458640378249,
            0.016094290320716496,
            0.2544187945513531,
            0.2587564620093596,
            0.3834491756573594,
            0.23289655415882607,
            0.3080564914626501,
            -0.09251209544797949,
            0.3699040975354884,
            0.29340789062402167,
            0.5727727400261864,
            0.3656276672998971,
            0.43606075763057867,
            0.4782492048300292,
            -0.029519759554258396,
            0.290990339029092,
            0.6816652765387415,
            0.07568271585614122,
            -0.07083561654787789,
            0.43012376518665013,
            -0.1939520583854284,
            0.2552213417323532,
            0.07651039185275704,
            -0.19155527376019416,
            0.32929981767036554,
            0.015960925599167234,
            0.16652624357043724,
            -0.06920815207096155,
            0.34609779884992825,
            -0.6922047980349953,
            -0.19891138136744058,
            -0.25648030632613966,
            -0.13290305151886095,
            0.46147906767760283,
            0.3331640362884334,
            -0.3315486063910328,
            -0.26848228177006506,
            0.5460300706366402,
            0.5511595836498548,
            0.16762750283443809,
            0.4027087421976658,
            -0.08592212956421992,
            0.24237211083572227,
            0.1649980910447799,
            -0.3784398044957893,
            -0.3181270719792469,
            -0.40722575388243826,
            -0.3729807931893486,
            0.2635758239631731,
            0.47673032621457284,
            0.12262818403614423,
            0.6860557210798109,
            -0.009186369367178615,
            -0.554342093237772,
            -0.05327022080786373,
            0.022020708946310676,
            -0.12483502008764459,
            -0.13780295850421845,
            -0.08068771619165756,
            0.23677653863970352,
            0.4823947880889316,
            0.17365612160587585,
            0.3203662608866868,
            0.061548402870533946,
            0.24820943746301205,
            -0.20006397375875065,
            0.01846332255388929,
            -0.22113441299991787,
            -0.1877671510103378,
            0.2555268754027787,
            0.3827478931040391,
            -0.06060998553071213,
            0.12279736263232474,
            -0.1617376179796107,
            0.012028179952142233,
            0.33763166503982694,
            -0.11625924202117986,
            -0.6248722556711915,
            0.3688389485425773,
            0.291154564671474,
            0.7214422263519888,
            -0.23641145618038412,
            0.3494090523784684,
            0.2132812950362009,
            0.09732029292950628,
            -0.034995607946494416,
            0.4016967324984226,
            0.23896098018420092,
            0.15129926881881056,
            0.42844788585566834,
            -0.02087440983528123,
            -0.14878919663745566,
            0.6542754758594583,
            -0.14925224024903785,
            0.4129883535147775,
            0.11917052133122276,
            -0.041533573143117904,
            0.4524463103646044
        ],
        [
            0.07762236447043573,
            -0.1619458640378249,
            0.5425781006224678,
            -0.13238562244765315,
            0.3075693189809755,
            0.1028536557764007,
            -0.06480857539170354,
            -0.014778239276998397,
            -0.01756234688459861,
            0.0011416061169986756,
            0.27964450305817046,
            0.07357121306237119,
            0.04501214369299033,
            0.16963968976969082,
            0.151303024171419,
            0.2567432542502547,
            -0.12489811219404041,
            -0.044392072576174495,
            0.10654187409746252,
            0.19879630342380977,
            0.01029675411230041,
            -0.37379126016049496,
            0.247662618029946,
            0.05359200205198399,
            0.13945546988583962,
            0.1518019889085288,
            -0.05559303532334527,
            -0.015345242757083053,
            0.028855665692291907,
            -0.15992720645856753,
            0.08144085835349213,
            -0.2952414395953993,
            -0.14929721269687324,
            0.10664454079645325,
            -0.0015757555694886152,
            -0.05285049933768744,
            0.022034027397042508,
            -0.182723057145957,
            0.23375079820419417,
            -0.01432211911395546,
            -0.09278096047646332,
            0.25389171319460035,
            0.172274754238166,
            0.24114740135541174,
            -0.2181391399121317,
            -0.09511946848411075,
            0.4010016400521944,
            0.12555965906355107,
            0.2848055808242806,
            0.08289783476168051,
            -0.14634037726023766,
            -0.043911537587113865,
            -0.26250106243573323,
            0.17798917968340347,
            0.10801194454293618,
            -0.004231461567577265,
            -0.1628846640603902,
            0.11372917904042601,
            0.183753296202223,
            -0.027094784061112983,
            0.16285068988983464,
            0.08065796101519283,
            -0.0021682826649877113,
            0.17763623716623894,
            0.049692090379858056,
            0.2879025305041061,
            0.07459668581673438,
            -0.17379042471620396,
            -0.12823454445347393,
            0.27411939092097337,
            0.3761052199140591,
            -0.07046696833319752,
            0.11704891877762559,
            0.16709287147835392,
            0.10176127201027906,
            -0.04404135154756203,
            0.20560882474130673,
            -0.017309619896240813,
            -0.1043055243688443,
            -0.13440742741905984,
            0.17970127327394014,
            0.178699927638366,
            0.1064682081359963,
            0.27173467036827686,
            -0.04340486221261641,
            0.06899110822719437,
            -0.20299838144557242,
            0.20545936513605775,
            -0.063654438268708,
            0.3956395982519449,
            0.14844064102467464,
            -0.29913236701003726,
            0.1323488192126575,
            0.1930447482710089,
            -0.05274372683334692,
            0.1923416782445999,
            0.1612518922466688,
            0.3633606634342108,
            0.2429547418191152,
            0.07644603325361932
        ],
        [
            0.042775661516262505,
            0.016094290320716496,
            -0.13238562244765315,
            1.0431690800949756,
            0.18675027852678952,
            0.04625427625403296,
            0.06782794647576346,
            0.08410826117912346,
            0.19896107800203922,
            -0.10907135606713908,
            0.2515368333185559,
            0.11888297976686948,
            0.24697678544912852,
            0.09911231765427193,
            0.2533570886233911,
            -0.03251370683953521,
            -0.08332347157119024,
            0.18528226547219295,
            -0.0794927392333017,
            0.020550564660210487,
            0.11878312151017366,
            -0.0711046544503228,
            -0.024548995814348235,
            0.20227276047947526,
            -0.1915118056627443,
            -0.18947714816630334,
            0.19624723670914823,
            0.045382584299296855,
            0.005911629068870788,
            0.18322173243344142,
            0.23769997684901764,
            -0.27888339235297016,
            0.19562609415775284,
            -0.03190319132064751,
            0.019671448306352885,
            0.21080784791897983,
            0.2917928574201034,
            0.05874685268541997,
            -0.09916748678351152,
            0.22420585608400412,
            0.16656791468205004,
            0.014944210148667494,
            0.1290104372017282,
            -0.09303712585109908,
            0.27840755663202926,
            -0.019785369504052023,
            -0.12581438258162975,
            0.04286941500519669,
            -0.08718570961632219,
            -0.12574486506488627,
            0.24331363452641924,
            0.13006864051859812,
            -0.06550677487328346,
            0.1389175609689772,
            -0.025813390520242778,
            -0.35157106214231354,
            -0.05007740932476373,
            -0.06513861572021709,
            0.11830690013729461,
            0.13945109189805519,
            0.06283500354137034,
            -0.016896116196944675,
            0.046411559984374504,
            0.06285877501839161,
            0.13309539436685364,
            0.09892182717187498,
            -0.052430813273455154,
            -0.07878588426938846,
            0.14110046159046982,
            -0.05680311780690391,
            -0.168851861498642,
            -0.017439108796665066,
            0.10692365587980188,
            0.020517632331153637,
            0.1921167506465392,
            0.022545691983167512,
            0.063307341076248,
            -0.07005080956192282,
            -0.16549398914929087,
            -0.0011666712930590492,
            0.0784900114068833,
            0.08197141091144039,
            0.36318242181164445,
            -0.10338967250493862,
            0.10288155673398659,
            0.13484180699970433,
            -0.10427652582091515,
            0.1334152195432281,
            -0.13814966892047678,
            -0.1691622191936665,
            0.12915741289046506,
            -0.011554614404363658,
            0.26647434577448986,
            0.25119568710046536,
            0.23321541266847273,
            -0.1900936099292756,
            0.10095494643622,
            0.14506826905719716,
            0.019149746962757352,
            0.24880997024739163
        ],
        [
            0.03604269878121952,
            0.2544187945513531,
            0.3075693189809755,
            0.18675027852678952,
            0.9889948346419708,
            0.2503891500645696,
            0.3636778520468327,
            0.3068985370406355,
            0.23404789039215856,
            -0.26883434554922153,
            0.570029249543213,
            0.13754628717890868,
            0.5321763183302304,
            0.2720337104868574,
            0.782708851872954,
            0.3115352867926853,
            -0.24827151009056964,
            0.39913753138522085,
            0.3922076018231442,
            0.2880860562529456,
            -0.10507807684816399,
            -0.2319739286767343,
            0.372958008836197,
            0.4595432527155743,
            -0.3954025541662447,
            -0.17292882158212394,
            0.34288699645696435,
            -0.027505862124677483,
            0.3844637773763905,
            0.29668464549037354,
            0.534051848182513,
            -0.40119299789552443,
            -0.3552718802261671,
            0.19921715256190495,
            0.1648288506918804,
            0.3507751664976583,
            0.42127370292068056,
            -0.03847829089301926,
            -0.10053654684688311,
            0.42821160088631544,
            0.3892040598977724,
            0.17842896323511656,
            0.4864844255894598,
            -0.012845417895854116,
            -0.005260421130329965,
            -0.07383950736504838,
            0.11220414963868938,
            0.16599391521650117,
            -0.07111710805675302,
            -0.3850752120802546,
            0.4782465672344337,
            0.7826084692637848,
            -0.27196274288895617,
            0.39104329490319517,
            0.03777226562742306,
            -0.377826938505463,
            0.11554784975833313,
            0.12688866874788532,
            -0.10420428301335838,
            -0.03101370984530034,
            0.04629821885423252,
            0.519951663162258,
            0.16181991164557985,
            0.7878512797015081,
            0.38851177014228905,
            0.12636025668365625,
            0.5018981720886064,
            -0.2726779957537068,
            0.64815246496149,
            0.08981994552694218,
            0.02242050595595115,
            -0.26573437697228897,
            0.37946538083078035,
            -0.14362677338714203,
            0.11862886078781479,
            -0.1314038850783657,
            0.22803135701586555,
            0.2478104151384048,
            -0.17317662343031268,
            -0.2150763458353339,
            0.21489535793970235,
            0.31154051606444155,
            0.45809003108519336,
            -0.15011715493834044,
            0.32081436059808077,
            -0.08048074630664384,
            -0.3283775198142203,
            0.578940231791589,
            -0.13292512722367805,
            0.2653181960841581,
            0.46445306890147825,
            -0.20034301322039358,
            0.2895757041069484,
            0.6170334307930027,
            0.3926120331029202,
            -0.13704120600554187,
            0.6238561632006249,
            0.5612277218049562,
            0.13225079083199118,
            0.42339247523516127
        ],
        [
            -0.30319258719827513,
            0.2587564620093596,
            0.1028536557764007,
            0.04625427625403296,
            0.2503891500645696,
            0.9372409733451282,
            0.6874397263586169,
            0.5006703163129582,
            0.2744062565126973,
            -0.4224021132756405,
            0.7165556325639281,
            0.9109920903116141,
            0.8458123808810395,
            0.6818780293962295,
            0.503338788045249,
            0.81763920685857,
            -0.38331687672476883,
            0.7074787080543782,
            0.5040418895776562,
            0.7983079054647884,
            -0.23845769981854242,
            0.009936689737239712,
            -0.1342457771220027,
            0.5080166062850394,
            -0.4336824940623226,
            -0.4985090109476062,
            0.42038060204996824,
            0.26999022176709686,
            0.3222749234551826,
            0.39611591765801785,
            0.6786058593470247,
            -0.5266449644619803,
            -0.42789430572566206,
            0.39555022489594815,
            0.21695922252319452,
            0.7429403415181804,
            0.5969974547974521,
            -0.017136872133752555,
            -0.48085224282253836,
            0.7263829589115575,
            0.8113559248249054,
            -0.02778618791389544,
            0.8363389704291921,
            0.23093073727279204,
            0.17861312335948795,
            0.20207164569608135,
            -0.40048666964696067,
            0.7566007530016462,
            -0.5629124977831432,
            -0.3525082036920227,
            0.40631664142984597,
            0.6391646837687655,
            0.3224318488671662,
            0.8169457919032678,
            -0.07311872080107457,
            -0.42778346071590484,
            0.21223844148328508,
            0.30938125261182786,
            0.20755436037533043,
            -0.11782282125351425,
            0.1892054231578421,
            0.4737212940556269,
            0.7027843197763256,
            0.556983907610652,
            0.8248556113975019,
            -0.04167801414285419,
            0.8093976098596553,
            -0.28673043286499755,
            0.45881019933590805,
            0.2094668114894334,
            -0.1052162695862194,
            -0.12641487724142036,
            0.7068891905659984,
            0.1541898704734565,
            0.362862066311278,
            -0.19836046401344998,
            0.5755704195584681,
            0.48114328737365386,
            -0.029477354794587757,
            -0.4549643792689018,
            0.27285786648146415,
            0.8200286729614039,
            0.6358264748152702,
            -0.4683026417188918,
            0.6134720724080572,
            0.047140453742339126,
            -0.3082590999067814,
            0.021453461662253672,
            -0.09060662886130141,
            0.15282032214307684,
            0.5753202291139664,
            -0.036871419300344585,
            -0.07639942652260415,
            -0.022585355460828575,
            0.7260983718934141,
            -0.3474132941998044,
            0.591999779852536,
            0.2358389320074482,
            0.13366548734206343,
            0.6642732749719685
        ],
        [
            -0.46124719969507966,
            0.3834491756573594,
            -0.06480857539170354,
            0.06782794647576346,
            0.3636778520468327,
            0.6874397263586169,
            0.9835951864697962,
            0.4996214178047873,
            0.2200578400321091,
            -0.3885175571338376,
            0.6288324245985716,
            0.5894075022749994,
            0.76205633225772,
            0.5736442900085096,
            0.6945451416421244,
            0.39139153530697046,
            -0.35789770624470885,
            0.6736383904340905,
            0.47184013764076527,
            0.6540069532763906,
            -0.3047026064146666,
            0.17802711224092604,
            -0.10849003858344702,
            0.5823436617150147,
            -0.530366675932964,
            -0.5138709779797006,
            0.6223893353976344,
            0.21822188318528948,
            0.42342109527725774,
            0.6978514736211378,
            0.6521274382272573,
            -0.22514072777528824,
            -0.33765039914872375,
            0.341342083870139,
            0.15209765213471704,
            0.6609409832402269,
            0.44829794766520514,
            0.11213554075407667,
            -0.5372001831319444,
            0.8157380676114774,
            0.8394800907805303,
            -0.1115642906478909,
            0.6289410773189656,
            -0.12714265941822864,
            0.2401029581836534,
            0.27606323317167336,
            -0.536715521747658,
            0.5179849019676567,
            -0.6489251599436086,
            -0.48407215093126826,
            0.708174656561384,
            0.8192706753744359,
            0.06429920054366492,
            0.5045969279785019,
            -0.13227852595336842,
            -0.5828912803483256,
            0.27973490696069153,
            0.2538463020955631,
            -0.12591459745304528,
            -0.12614269609291823,
            -0.06643527540397197,
            0.6329737554991265,
            0.6210692496393315,
            0.6100539652024888,
            0.730140702935337,
            -0.14235011228038874,
            0.7567738765545263,
            -0.2231684347357816,
            0.8410403979542161,
            -0.032328892648501056,
            -0.12802685823560972,
            -0.08214267927898686,
            0.5212859897366956,
            -0.11713603760195851,
            0.24697794212966262,
            -0.2614087296291703,
            0.3257476437102549,
            0.485017110621335,
            -0.13146466735070822,
            -0.28897259710613094,
            0.2752983444700212,
            0.5724068209968755,
            0.6128010748719133,
            -0.6457125741210906,
            0.63440650834691,
            -0.17975252660807145,
            -0.28352766260066126,
            0.13398697575508003,
            -0.04033501942086947,
            0.12086996663975212,
            0.5230382863526785,
            0.17817798234623378,
            -0.058576609812388755,
            -0.059217538022996584,
            0.7055743859855214,
            -0.5794423540841896,
            0.6723828976372113,
            0.06048103555104715,
            0.04254832677568807,
            0.5437647064242831
        ],
        [
            -0.1636835638430883,
            0.23289655415882607,
            -0.014778239276998397,
            0.08410826117912346,
            0.3068985370406355,
            0.5006703163129582,
            0.4996214178047873,
            0.6492347499131319,
            0.2756303627449911,
            -0.22798169420453826,
            0.4969799351740965,
            0.4132607896941223,
            0.5663356467094247,
            0.39457273322433567,
            0.5169746806882521,
            0.3372760210793076,
            -0.1920091446308153,
            0.5605449286344643,
            0.38842813573641527,
            0.6206003589251166,
            -0.2204166077984607,
            0.25970314089739277,
            -0.07608681855203708,
            0.4155170541235531,
            -0.4889141760850511,
            -0.4744210640092193,
            0.3843491684576215,
            0.23185594705471385,
            0.3872888316935779,
            0.4575028792507033,
            0.49997986252092114,
            -0.16279255585466015,
            -0.22552061267983195,
            0.24658293021977457,
            0.2948230980881134,
            0.5238004216262941,
            0.3018993974194261,
            0.12711110867386352,
            -0.3971022279405761,
            0.45286108524799945,
            0.5844533147463831,
            -0.0017747947095733611,
            0.6460369311472856,
            0.04904587406979127,
            0.07535364825644716,
            0.017313875099785086,
            -0.3789637395827994,
            0.26822840168305756,
            -0.40246807676156643,
            -0.19834440069510872,
            0.37353523875941186,
            0.5954312007318765,
            0.35062701045985917,
            0.358620931564897,
            -0.06116787920890871,
            -0.15148116179691878,
            0.4290705431064676,
            0.2462344860690031,
            0.014012535823552287,
            -0.13066652341121857,
            -0.04141375249614948,
            0.57475935833016,
            0.5505721631669833,
            0.5414374378720911,
            0.6018209046855877,
            -0.11400295615261602,
            0.6510270229513497,
            -0.2228361759628772,
            0.5308718420184502,
            0.0777340830041196,
            -0.13017700811201904,
            -0.23614759415351758,
            0.4692575360749042,
            0.15751622483254202,
            0.1509244864071419,
            -0.12947688553785539,
            0.28986793156395807,
            0.38505656227957724,
            -0.00183859885493012,
            -0.0780970385925516,
            0.1909740077690779,
            0.46048065904685087,
            0.46603071782621686,
            -0.48375348230656556,
            0.4678994586839358,
            -0.07917233191164094,
            -0.17409989563137637,
            0.12048262652863086,
            -0.0681637634147427,
            -0.010450749538661522,
            0.4558612895568958,
            0.1066141175811163,
            -0.1665302798837413,
            0.11065834780591832,
            0.4809457654267924,
            -0.020347995371481933,
            0.5476095153121044,
            0.10306639687006104,
            0.012961158039005494,
            0.4590473799456404
        ],
        [
            0.18481358376562423,
            0.3080564914626501,
            -0.01756234688459861,
            0.19896107800203922,
            0.23404789039215856,
            0.2744062565126973,
            0.2200578400321091,
            0.2756303627449911,
            0.6454053750796321,
            -0.2988128445563819,
            0.3344833272210699,
            0.26670755358453635,
            0.4156506916343127,
            0.2051231751137791,
            0.33843948716223515,
            0.30003264958465964,
            -0.3116324464948405,
            0.2438192784823781,
            0.37672622164117353,
            0.2576769812554312,
            -0.2342429122886043,
            0.22558084595179892,
            -0.008542248657605101,
            0.35237310687943896,
            -0.18592910172665178,
            -0.1686629687117004,
            0.11051602555293924,
            -0.05351790539944782,
            0.16210864361601204,
            0.2408810913774732,
            0.3292739319303585,
            -0.09367553709855417,
            -0.20726736459249037,
            0.11210900135633126,
            0.20058525756104775,
            0.3246247865725187,
            0.4047900075434799,
            -0.1041583505541585,
            -0.16101480204565338,
            0.31658635691458326,
            0.3282125211577175,
            0.05269029828313993,
            0.35709892246493274,
            0.027389872142818645,
            0.11322547690216536,
            0.006401485576337372,
            -0.21639293567267076,
            0.26144849983321367,
            -0.23819475823302752,
            -0.3686840874760406,
            0.13801008939845866,
            0.31779013286127855,
            0.1685792979066003,
            0.3422544202804921,
            0.016595713774505045,
            -0.19242476519259855,
            0.29705313654794185,
            0.004280799751981047,
            -0.01971855613230768,
            0.1044632077963588,
            -0.018082807201063204,
            0.32413967561080853,
            0.2444233939170416,
            0.398360850135532,
            0.23769372857341206,
            0.041718410538775945,
            0.37049115854131054,
            -0.07488589295950543,
            0.23157444877009004,
            -0.11602706382775836,
            -0.15337546469813798,
            -0.22448171949919352,
            0.41749358116562124,
            -0.013324791649020385,
            0.2099824342942398,
            -0.22308436389928346,
            0.21813589879615908,
            0.2761289798166099,
            0.30616955400803697,
            -0.09288288536900982,
            0.10293916964292103,
            0.23034317126951212,
            0.42863482480716486,
            -0.12926837088186235,
            0.25102302443068053,
            0.03415993803242271,
            -0.2293992301223203,
            0.15206373329568745,
            -0.08068197270338857,
            -0.07904834536808666,
            0.305248946967346,
            0.28270581633532343,
            -0.1644365138851031,
            0.17507128477972828,
            0.30276616723548094,
            -0.14513661412887616,
            0.40689177045065594,
            0.08012006334113188,
            -0.06796230726913682,
            0.3154299493994074
        ],
        [
            0.3047098220287093,
            -0.09251209544797949,
            0.0011416061169986756,
            -0.10907135606713908,
            -0.26883434554922153,
            -0.4224021132756405,
            -0.3885175571338376,
            -0.22798169420453826,
            -0.2988128445563819,
            0.7103696794108487,
            -0.42164130801783783,
            -0.3828407355488293,
            -0.48789658578176953,
            -0.3146200144629456,
            -0.4666594588606999,
            -0.30670032778138084,
            0.2425427889229605,
            -0.2947666588304343,
            -0.23609945852162167,
            -0.28882036819455414,
            0.14523635686923062,
            0.1918427995439622,
            0.030713657094870568,
            -0.3994577348621065,
            0.45135775396986627,
            0.3896150120068173,
            -0.29991177543162206,
            -0.178114972914627,
            -0.3883036102502598,
            -0.4624515539701558,
            -0.4327026576434057,
            -0.020111034214694467,
            0.2488224301084459,
            -0.18881630909683275,
            -0.2720290833374995,
            -0.41801429985132077,
            -0.47778463921448433,
            -0.009803226081725505,
            0.2738668166668362,
            -0.44645950827609715,
            -0.4232384947277621,
            0.18580439792251915,
            -0.3509702280649325,
            0.006248836891223772,
            -0.1370024160373653,
            -0.04930158924707723,
            0.27808773852357965,
            -0.3543562591007014,
            0.3857417781869548,
            0.23252487055801116,
            -0.32144345082987746,
            -0.3489350752487344,
            0.12409115391429026,
            -0.3359979909514896,
            0.052367517241620316,
            0.31990990648395434,
            -0.2450843211296929,
            0.020162967009468936,
            -0.005128742270062707,
            -0.03275888451525944,
            -0.06895187066205144,
            -0.4003607244978317,
            -0.2176265561513897,
            -0.5140212770521954,
            -0.3613909326411613,
            0.205788510675168,
            -0.39250753153311707,
            0.09005230058015933,
            -0.44375485702294887,
            0.10630642635024903,
            0.33059142326320107,
            0.16954538694733617,
            -0.4526391979077288,
            0.2768893667266766,
            -0.0571293433048293,
            0.07555952655093977,
            -0.3600201774225909,
            -0.25690045875932194,
            -0.1370352905166245,
            0.15334964571467297,
            -0.0441967263592944,
            -0.2807192125316524,
            -0.4088031250950831,
            0.3283679394202112,
            -0.3025402829242205,
            0.1474879981712591,
            0.30162290844450135,
            -0.2174467035285898,
            0.267038198145322,
            -0.01018197605352472,
            -0.3738881622909249,
            -0.012727011309239422,
            0.04422857627077427,
            -0.21203568759995622,
            -0.379163295716155,
            0.16097064832710242,
            -0.42089576555846625,
            -0.04982508908507522,
            0.04122932068033146,
            -0.3181363787845671
        ],
        [
            -0.2213128962411791,
            0.3699040975354884,
            0.27964450305817046,
            0.2515368333185559,
            0.570029249543213,
            0.7165556325639281,
            0.6288324245985716,
            0.4969799351740965,
            0.3344833272210699,
            -0.42164130801783783,
            1.0219327010567176,
            0.7899238932289795,
            0.8154486468378715,
            0.6723265361398565,
            0.8733420787127618,
            0.6097027554336335,
            -0.33100460304739526,
            0.5738337131749756,
            0.47118989243514037,
            0.811958622417404,
            -0.09071125125697545,
            -0.17982931880210679,
            -0.06771036373528613,
            0.647252159006765,
            -0.3116667075025799,
            -0.3997948288339375,
            0.5191098412417946,
            0.2524744737774602,
            0.3578078534197076,
            0.3136310568777999,
            0.6862457410956043,
            -0.6693808440948573,
            -0.34385626539276337,
            0.3493559114649362,
            0.009113874098996179,
            0.5994795401793506,
            0.4659074110166235,
            -0.09197489141588347,
            -0.23975750491048292,
            0.6943276010590899,
            0.6193278116637204,
            0.12987718201678838,
            0.914782603981925,
            0.2025836697977811,
            0.048254763707030295,
            0.19823877732135894,
            -0.2659236426062914,
            0.5682603645552349,
            -0.2955659867752857,
            -0.33822408200077236,
            0.34590467319800916,
            0.5783313524875389,
            0.12116586934267647,
            0.7386517320522726,
            -0.02392309674889583,
            -0.4331894172256976,
            0.12600102523216927,
            0.21069879329456168,
            0.0027760885171688033,
            -0.09744385421534603,
            0.08093151426846674,
            0.4914142078764766,
            0.5746991061537267,
            0.7162653408534955,
            0.6626698313833499,
            0.05852746465040618,
            0.6548278388008723,
            -0.3239911987260697,
            0.2020472749548941,
            0.10907566661915981,
            0.10948798734380683,
            -0.15590117878425455,
            0.6868315854054996,
            0.15092888309148916,
            0.30008012868190886,
            -0.23586783933042588,
            0.4273849795843702,
            0.3421018451095734,
            -0.02310099864504868,
            -0.4461459030807289,
            0.5443772928480148,
            0.7206041874736271,
            0.7164190420679089,
            -0.2954190192845535,
            0.4750802363279541,
            -0.006494256751860479,
            -0.3903631336920871,
            0.4232671160542578,
            -0.1457902760144084,
            0.2036831250131176,
            0.678291018889334,
            -0.06923850298276062,
            0.015725346410107074,
            0.16872516090202447,
            0.6342281520514549,
            -0.1069408142963161,
            0.7143786474254317,
            0.24289061795219666,
            0.15032745362255806,
            0.6658125112473713
        ],
        [
            -0.4024740982400313,
            0.29340789062402167,
            0.07357121306237119,
            0.11888297976686948,
            0.13754628717890868,
            0.9109920903116141,
            0.5894075022749994,
            0.4132607896941223,
            0.26670755358453635,
            -0.3828407355488293,
            0.7899238932289795,
            1.1460565687026245,
            0.817774614131708,
            0.7156587411536326,
            0.44205014040638974,
            0.8211238113641323,
            -0.3102475439816391,
            0.5222461116926517,
            0.43191015740760086,
            0.79433280962726,
            -0.23936887982809818,
            -0.08044480477256817,
            -0.357640358624757,
            0.551460919377235,
            -0.24045286121514103,
            -0.4758715064411986,
            0.38406007953541393,
            0.27084240111090085,
            0.16265962022197072,
            0.24094818420912692,
            0.5698110957851522,
            -0.6226919371585428,
            -0.4003258323987502,
            0.42710326309328567,
            0.08575049102254076,
            0.7020872141044996,
            0.4019093934991662,
            -0.09219447896717224,
            -0.37778902514515517,
            0.6194989627384302,
            0.6135994339514309,
            -0.07112805371948086,
            0.8172645196399413,
            0.3733185952657036,
            0.06547412075945581,
            0.278324777846783,
            -0.4565537182095754,
            0.8843055746202104,
            -0.47888733060259014,
            -0.2616898335564089,
            0.16310571788756537,
            0.40592742255880815,
            0.5249380562101227,
            0.7527880404764912,
            -0.06109575921656405,
            -0.3687739064879924,
            -0.0887745362271454,
            0.27486608776316007,
            0.14340401023788904,
            -0.15378218860896703,
            0.20124328794798527,
            0.23905278327265247,
            0.6095113369750108,
            0.45338699689711365,
            0.7239935019370871,
            -0.018744241972797164,
            0.6217217406993933,
            -0.29467468901693467,
            0.04030151148693627,
            0.12503551998779394,
            0.0004208302976902124,
            -0.1144396101337716,
            0.7584450936072763,
            0.23198333603378601,
            0.33978663708180873,
            -0.20635576837370428,
            0.47091440537522494,
            0.2931285166632697,
            0.1730610305404648,
            -0.5859682578788509,
            0.4457683887491268,
            0.8812231772113216,
            0.5607599628822972,
            -0.3066015104516976,
            0.4761836914591202,
            0.10815224611696314,
            -0.20829707333785713,
            0.03500043003163234,
            -0.1756347518019591,
            0.12667868122621362,
            0.5683088383990696,
            -0.18692116877053153,
            -0.08899471119774482,
            -0.23160923181046655,
            0.6951413430174792,
            -0.21867558379861474,
            0.48840526337511825,
            0.060973410896836874,
            0.15357338484707578,
            0.6817032047223082
        ],
        [
            -0.3110147958287009,
            0.5727727400261864,
            0.04501214369299033,
            0.24697678544912852,
            0.5321763183302304,
