{
    "pos": [
        [
            0.8765812268511324,
            0.1704225801851744,
            0.006419155084219414,
            0.4623351612703898,
            0.1240008282594811,
            0.3756273414338507,
            0.38379171793866923,
            -0.07279795607881791,
            0.5110241918277675,
            -0.05050569275019533,
            0.11221124918100456,
            -0.04015316888778662,
            0.32911422575335125,
            -0.015256604659889208,
            0.10584697155456027,
            0.1805904601596464,
            0.32263108413079616,
            -0.16679586813121686,
            -0.4998306232940513,
            -0.28614983589789417,
            0.24461894910433107,
            0.1629816742490364,
            0.0030193144104446847,
            0.24231254086614495,
            0.22041163479934597,
            -0.06329352446841781,
            0.23062882835305054,
            0.04395566344307688,
            -0.07026046837662545,
            0.08034014758655823,
            0.1583238215232061,
            0.06831451061586521,
            0.6052335457854794,
            0.3385792696631104,
            -0.342120477193337,
            -0.03524786379960415,
            0.3878075478249771,
            0.3227572450292467,
            0.11332544494582601,
            -0.45342224936386666,
            0.14598388493139944,
            0.053668892757367255,
            -0.007193792608126034,
            0.12176434102580244,
            0.47971594973342213,
            0.2395104757178804,
            0.32083586971787575,
            -0.30514576255844517,
            -0.2816120689660907,
            0.1138053538121119,
            0.337170471481326,
            -0.22224059907068816,
            0.20916677475811327,
            0.44779574293359525,
            -0.11086092518163877,
            -0.32875303960022967,
            0.5095003994952158,
            -0.07438044452118833,
            0.16045053184707833,
            0.2801391909584402,
            0.051884869719399325,
            -0.23979263131563572,
            0.1992820515191277,
            0.2129447572064503,
            0.33396052764317513,
            -0.0846729607541704,
            -0.04447712510621891,
            0.28004485575417937,
            0.18874132127683196,
            0.16621459811001454,
            -0.1521910240721285,
            -0.16016449884024284,
            -0.11809312113989308,
            0.004133289637806763,
            0.1664191770460066,
            -0.2338829456167953,
            -0.2971433472684775,
            -0.1360869618777899,
            0.2938875420347397,
            0.3465035077293551,
            0.6964222160046384,
            -0.4019646886847796,
            0.10353754904412389,
            -0.05898735449926596,
            0.372673792618536,
            0.47783724743401523,
            0.28877308568498,
            0.4116392752327236,
            0.4868097133404938,
            0.053629741028561224,
            -0.282919324040251,
            0.5009684466497977,
            0.10931584797279964,
            0.39320096332767257,
            -0.30926667891955306,
            -0.022090684545440366,
            0.25007098476755035,
            0.5091721371317451,
            0.3097699386015002,
            0.10428210298979693
        ],
        [
            0.1704225801851744,
            0.656126193996955,
            0.09359258526747352,
            -0.10593786650004805,
            0.02995751519373652,
            0.30836401101906286,
            -0.05503786796974905,
            -0.6149036673201657,
            0.38605030149655456,
            -0.12507928978155078,
            0.43042258014171636,
            0.6947548512962922,
            -0.04137249815356318,
            -0.0900475555906295,
            0.473874369946087,
            0.42477671453496046,
            -0.33110466249790965,
            -0.22292141637846022,
            -0.24115932252809846,
            -0.3009715349748904,
            -0.12755626567662323,
            0.3984994883465162,
            -0.2484111142114226,
            0.3541008399978942,
            0.6151615252619224,
            -0.04496615590969072,
            0.55466111364932,
            0.513205985320888,
            -0.21355697362324474,
            0.31035063977972593,
            0.24581208081988226,
            -0.2915150084816124,
            0.047593158604103715,
            0.5929102172785109,
            0.2990984883778172,
            0.07589952918435498,
            0.09890117367508333,
            0.5003886282122876,
            0.47284304182152653,
            0.21793619552242224,
            0.633920713771329,
            -0.08260495220412344,
            0.07193052247897255,
            0.13335542953404894,
            0.32604214928057695,
            0.24708391646862,
            0.3646098003872865,
            -0.2753237693635824,
            -0.4028426695543892,
            0.517338796076919,
            0.5730093891667652,
            -0.12054167753419809,
            -0.246420832605165,
            0.6249634560794446,
            -0.07834751066917403,
            -0.21798427594456207,
            0.05933115143359288,
            0.2381087206894088,
            -0.13453653442366473,
            0.5256268359196656,
            -0.23211016701407025,
            -0.39974640135069445,
            0.2547984775159878,
            -0.320925837903629,
            0.2105712406905561,
            0.6441672146324643,
            -0.15751989064744365,
            0.5310699531716231,
            0.4629431777661353,
            0.30415646840056665,
            -0.01662530941087902,
            0.27742072939413637,
            -0.3217582382510251,
            -0.19381720330774335,
            -0.5140603996783529,
            0.13945085328790965,
            0.2064629746505453,
            -0.4936182370535926,
            0.33402224422186777,
            0.2865895580104687,
            0.245309640334587,
            -0.09127495079827544,
            0.45801232043222195,
            -0.05810594541541114,
            0.15227907173113434,
            0.6227149991182573,
            -0.2124185710722948,
            0.5148534177622412,
            0.041676806067598014,
            -0.30680166657930397,
            -0.1817190364264891,
            0.306938119147688,
            0.5008267045426179,
            0.37873991593099676,
            0.15976841965289276,
            -0.05950484145237073,
            0.6809484049002661,
            0.04040800279484143,
            0.19607415859799468,
            0.33195664725900237
        ],
        [
            0.006419155084219414,
            0.09359258526747352,
            0.7915363494105586,
            -0.39399367123443463,
            -0.05137638747256519,
            -0.1745900719600855,
            -0.37196385941314847,
            -0.17898050947675398,
            0.01810436281848348,
            -0.14655750258278546,
            0.20712987034864389,
            0.013035870691250496,
            -0.29699344768156427,
            -0.04853406924932095,
            0.04558899868405065,
            0.09074914223777851,
            -0.5342341274947786,
            0.33327844662019823,
            0.39953122054003276,
            0.254383313491088,
            0.034075560716619456,
            -0.05640028054515612,
            -0.019395042753545304,
            0.04220293421743202,
            -0.12154630774732737,
            -0.48896449906510703,
            -0.010350736840799927,
            0.39819796030146604,
            -0.1515566503026758,
            0.21926140905664293,
            0.05953713033822136,
            -0.1408793776342655,
            -0.3620041300784403,
            -0.08873416808615792,
            0.10678094337047066,
            0.07607757899364921,
            -0.0154796473044768,
            -0.061947421046366545,
            -0.12715265732717998,
            -0.1904340901238584,
            0.10003236387461341,
            -0.12284347060866141,
            -0.09684717311034803,
            -0.24054659356274571,
            0.0996037393661881,
            0.13154877192394815,
            -0.008483689093174918,
            0.053122315288359596,
            -0.057226820210151894,
            0.06945552132164877,
            0.05784617879809776,
            -0.07867044307440493,
            0.09545413002782663,
            -0.35041811591159105,
            0.17903078785139603,
            0.14774887182890994,
            -0.440825695287114,
            -0.42379205577767304,
            -0.1690282749468207,
            0.16588676615231546,
            -0.18347908164615334,
            0.005851002597829062,
            -0.0013393477850471747,
            -0.4166578079648411,
            -0.3094729559653104,
            0.16414073663554882,
            0.04018666393015093,
            -0.01291675409288599,
            -0.23160767077130642,
            0.014738722649548754,
            -0.1060614770083989,
            -0.3091678293428623,
            0.40508146907463477,
            0.3098958287779264,
            -0.2824842501820448,
            -0.1168308505044015,
            -0.1585498623406989,
            0.08348167870144003,
            -0.08894406739343179,
            -0.05028466888094874,
            -0.2702103062669332,
            0.2529940674036884,
            -0.06572333119808102,
            -0.1310602265660942,
            -0.3695823426283751,
            0.011327000531508855,
            -0.20648639563171636,
            -0.14357621104072504,
            -0.47786601195742584,
            0.016515332628226652,
            0.06261853933027874,
            0.04881111868434428,
            0.0053101496979074715,
            -0.13900909392757801,
            0.21487372528103174,
            -0.0361951666833452,
            0.09300878473279847,
            -0.32346037406296935,
            -0.3174763356156315,
            -0.11296488368406575
        ],
        [
            0.4623351612703898,
            -0.10593786650004805,
            -0.39399367123443463,
            1.352206823375876,
            0.6945375691570747,
            0.736991816309596,
            0.9120470342258976,
            -0.001748060826293233,
            0.570206282932979,
            -0.13848450544421528,
            -0.12206593297621336,
            -0.05893064015651351,
            0.5334524680315057,
            0.3453334196036317,
            0.04744834004520071,
            0.3521200822470376,
            0.9143329197437108,
            -0.5815424230492184,
            -0.6316359630454678,
            -0.14895336413879487,
            -0.08164098911419126,
            0.1636402351428564,
            -0.14660537392470363,
            0.2613801547822508,
            0.09532064000883236,
            0.18864635342927344,
            0.08933573477824941,
            -0.3188858710225339,
            -0.04053321795674089,
            0.009567167727921327,
            0.24963422638523544,
            0.7656777296250973,
            1.220240999783153,
            0.2759349025857835,
            -0.24048452721179972,
            -0.3838355462600181,
            0.791195039616482,
            0.065937490600943,
            0.15457298842517792,
            -0.16968361519762426,
            -0.08641355038695016,
            0.39263981682486415,
            -0.1605263444080472,
            0.7151527949175458,
            0.5648842668264463,
            0.4613562693200241,
            0.4530916899501994,
            -0.47627873086147055,
            -0.0073602570237978684,
            0.01846931699606247,
            0.3232693829981605,
            0.21228018769096554,
            0.6103004458854125,
            0.24825940851903344,
            -0.38955226960020733,
            -0.45097967429295927,
            1.1944264496751498,
            0.003642531644493291,
            0.7573874084613971,
            -0.025312861569671035,
            0.7234780986744476,
            -0.355698292231768,
            -0.14478380518961964,
            0.2570956874866894,
            0.8686956318316784,
            -0.41330563831006717,
            0.34889577020798773,
            0.21891116548557812,
            0.6494483373963149,
            0.2989763747480546,
            0.03496733616390019,
            -0.07107671111185031,
            -0.40524117463341136,
            0.31235610569697453,
            0.2568526556160903,
            -0.01641366437979054,
            -0.39237359716055104,
            -0.23704789143385108,
            0.6676497004427729,
            0.7015944017174586,
            0.7347339390861473,
            -0.27880739002605004,
            0.33908546054927596,
            0.194632772249427,
            0.5938161446564535,
            0.5176155969195892,
            0.35240286595226555,
            0.3520642747086777,
            1.3622145252026057,
            -0.03378581493739398,
            -0.2301343079936759,
            0.686970835559497,
            0.043445974182202245,
            0.6419433939481052,
            -0.30344080869561874,
            0.37704917287373796,
            0.0024087791998627065,
            1.0774414374965329,
            0.9834886607053835,
            0.16042166157675472
        ],
        [
            0.1240008282594811,
            0.02995751519373652,
            -0.05137638747256519,
            0.6945375691570747,
            1.7249332019840355,
            0.7124362784945032,
            0.8765627148607853,
            -0.4833331206285979,
            0.3875202971982524,
            -0.39923247137467066,
            0.1486493997145696,
            0.5417501773076899,
            0.2761972565015052,
            0.413429590542068,
            0.13553431110447012,
            0.4178839576374833,
            0.1617780268657109,
            -0.2866183501577491,
            -0.6831618391986254,
            -0.28675722196001807,
            -0.3709177172430912,
            0.3658451583651957,
            -0.6281696167444002,
            0.22113588783755173,
            0.15303382273987043,
            -0.5423680622342923,
            0.1727264380523774,
            0.29088147707985834,
            -0.21391314687394633,
            0.27757820960775315,
            -0.2164679772696884,
            0.8536337219106487,
            0.9576366971328135,
            0.30159054057681584,
            0.07155012163423857,
            -0.3467651689572847,
            0.6964917290373417,
            0.1606611415771946,
            0.559944389864661,
            1.107969485745896,
            0.2164892299213475,
            0.36058199168033733,
            -0.2550697052493091,
            1.061254796770051,
            0.6930828802936395,
            0.45726252696980013,
            0.6696664150362527,
            -0.2834827159772599,
            0.04756081392553714,
            0.3173263987570954,
            0.2259903507207211,
            0.18241050378302462,
            0.6271975315359167,
            0.2129777680298313,
            -0.004040914896977011,
            -0.16750240453711202,
            0.7459872517406706,
            0.07654155915304565,
            0.7485009349619746,
            0.24647141777589046,
            0.5789896406701093,
            -0.5473358404614083,
            -0.13605532923734948,
            -0.32660074724247395,
            0.3909154565377179,
            -0.33239563022882074,
            0.31871577826228736,
            0.3663463314234797,
            0.5889046956920102,
            0.28265413590318356,
            -0.012035907182026857,
            -0.10825476006633798,
            -0.15622403919137856,
            0.20621372788118905,
            -0.6478835813222388,
            0.8068902127808215,
            -0.3327885621010283,
            -0.3006569379112013,
            0.6138922776666587,
            0.9636693504917303,
            0.30534637972073225,
            -0.10655637318404643,
            0.7687854244883648,
            0.09482116744960883,
            0.13073931373730432,
            0.5229170940211119,
            0.005014869921220169,
            0.16116493515526625,
            1.1309213252112174,
            -0.18814199083928376,
            -0.3763477818450728,
            0.7598160316529576,
            0.5178012883975022,
            0.5100904399036638,
            -0.3210704719148789,
            0.5266104433596115,
            0.2101656304783686,
            0.9308894593678314,
            0.46376492751521226,
            0.07168217030542293
        ],
        [
            0.3756273414338507,
            0.30836401101906286,
            -0.1745900719600855,
            0.736991816309596,
            0.7124362784945032,
            0.8938161006672287,
            0.654896758892483,
            -0.5242954846017837,
            0.6330718830376959,
            -0.2701596506903147,
            0.28609428774435797,
            0.5709791561464392,
            0.26399554670904224,
            0.28925654678160617,
            0.23443927770071898,
            0.4990528379843775,
            0.31618179809584646,
            -0.5518578520987869,
            -0.5490711174594382,
            -0.33018060304278396,
            -0.1347753189689647,
            0.35999036184436045,
            -0.39324134242928244,
            0.3524718997751699,
            0.4760429951377798,
            -0.2359190531072646,
            0.4552003804483578,
            0.2055806245683464,
            -0.11267900347934089,
            0.2909758947092669,
            0.453710455712438,
            0.4466118706896574,
            0.9411998314600724,
            0.5829193551326457,
            0.13270165717511107,
            -0.11312104073087939,
            0.64599671086799,
            0.41170903169452294,
            0.4955193576581301,
            0.11605568216299039,
            0.347959455562911,
            0.2535887613666261,
            -0.11723823939366385,
            0.7061764508048234,
            0.578076913428737,
            0.5335316561554849,
            0.5756420708760532,
            -0.502923978110372,
            -0.37143441575584213,
            0.37027420284811,
            0.5714944461440447,
            -0.05103050298383133,
            0.2893344235445534,
            0.6295672093602118,
            -0.1093059356520647,
            -0.32502442359514766,
            0.8990848021389909,
            0.2549468066703174,
            0.47819952868409255,
            0.30652604125672933,
            0.32205835473856276,
            -0.5681651619258216,
            0.014597048317875823,
            -0.23429264699310742,
            0.7001049024637723,
            0.18109642600656414,
            0.12183371644658372,
            0.5635173991054524,
            0.8216192391926882,
            0.2407314514862239,
            -0.011248628102210128,
            0.1812606981715275,
            -0.4014486237293645,
            0.1565658954248356,
            -0.3874568835330994,
            0.08474977478960305,
            -0.17508811147437794,
            -0.4748497006470562,
            0.783146610994955,
            0.8063782678145458,
            0.5136854891033512,
            -0.19565316144486292,
            0.6210959383646647,
            0.2570743432962112,
            0.49361250592186934,
            0.7596326858354062,
            0.10233062203212619,
            0.5052818350988669,
            1.0201839266130313,
            -0.314281681463813,
            -0.3751460856256219,
            0.6302100869928252,
            0.42715365036647945,
            0.7303899377018093,
            0.037625115107712985,
            0.2060299572922626,
            0.44148240957683677,
            0.8275405317256963,
            0.8267035156922238,
            0.2721881602477519
        ],
        [
            0.38379171793866923,
            -0.05503786796974905,
            -0.37196385941314847,
            0.9120470342258976,
            0.8765627148607853,
            0.654896758892483,
            1.1896072832805937,
            -0.12610474024875473,
            0.2316687922049801,
            0.05993120699576175,
            0.017857540385085115,
            0.19576094595692695,
            0.4438686409304322,
            0.29591516508986787,
            0.014560139059866558,
            0.17657459198214226,
            0.6829366544514668,
            -0.31958543277009654,
            -0.6622995394814325,
            -0.3377004850877232,
            -0.23966234543358655,
            0.2202731575001328,
            -0.3397894349754023,
            0.1626995245858056,
            0.2039225925569148,
            -0.10600501622628032,
            0.10129345667177192,
            -0.003743536293730331,
            -0.018930729651931787,
            -0.021961099250278414,
            0.032348836724655654,
            0.6015711733610346,
            1.017454787421566,
            0.2736928696444047,
            -0.11120670160025925,
            -0.15898199389270637,
            0.21122411288056966,
            0.25412609927143587,
            0.4408655168805736,
            0.19356285820669875,
            -0.07966828144405752,
            0.275428114125004,
            0.04430802811155999,
            0.6526079364572184,
            0.338619903735655,
            0.41906727307778757,
            0.43863972585840666,
            -0.31517542370367485,
            -0.1702589228116324,
            0.13966522062204711,
            0.14195344737336885,
            0.07445813692781496,
            0.27339522623351503,
            0.43151272521841466,
            -0.10436036022267972,
            -0.3922211192296494,
            0.8586836100209959,
            0.26025496210496557,
            0.5769094667182675,
            -0.021290821493769072,
            0.56797218950224,
            -0.41664058937404586,
            -0.11463634962243945,
            0.010535645288103926,
            0.47071214147821067,
            -0.37902197261848647,
            0.1945764884643766,
            0.4063755811330386,
            0.5295512727742542,
            0.1709081994366862,
            -0.017673814473062835,
            -0.0629003184304795,
            -0.19486761482754061,
            -0.2178570203882613,
            -0.001254229048956378,
            0.17327258048665417,
            -0.31177859877242486,
            -0.28075227671045966,
            0.6565791004818853,
            0.6597630255854042,
            0.6056309238484987,
            -0.25285037699981644,
            0.5546027200315747,
            0.2628753082854544,
            0.49011236969049704,
            0.3979013418923058,
            0.2569609089492559,
            0.3420526552768686,
            1.1697907409701331,
            -0.08356900345922784,
            -0.26263344733623034,
            0.45651282527351156,
            0.18590463589186132,
            0.4809495079397689,
            -0.4562651681559053,
            0.29025568906965804,
            0.06673859654463919,
            1.1553700370019762,
            0.6230640342001166,
            0.10941968480771054
        ],
        [
            -0.07279795607881791,
            -0.6149036673201657,
            -0.17898050947675398,
            -0.001748060826293233,
            -0.4833331206285979,
            -0.5242954846017837,
            -0.12610474024875473,
            1.358712129513695,
            -0.5261078986798694,
            0.4758430559812425,
            -0.4971729042373304,
            -0.8774138722833291,
            0.08703529799535152,
            -0.10091739443987974,
            -0.4698716067808909,
            -0.7085823405949653,
            0.16010219347496862,
            0.3593701529025618,
            0.3076274823690023,
            0.23223558996972912,
            -0.043922268028849576,
            -0.5189180708477906,
            0.6349662658562479,
            -0.5311927882614647,
            -0.6752458068235638,
            0.2769990310042989,
            -0.727841035119308,
            -0.7232314326380569,
            0.43242134215088873,
            -0.30635109888757106,
            -0.3097527654686475,
            -0.005921051563402383,
            -0.4741309470738896,
            -0.802052619751472,
            -0.5655470032710626,
            -0.39377992484906077,
            -0.41260104107053003,
            -0.3965076194871186,
            -0.78251653745571,
            -0.37521593363937866,
            -0.6893176849694489,
            -0.0979181903908297,
            0.3776750551180663,
            -0.5700587863676574,
            -0.5529785326556835,
            -0.4177047910064882,
            -0.7225648132292539,
            0.6075358042687363,
            0.4800289824742602,
            -0.7009602064112719,
            -0.6072362999564651,
            -0.08142731519924368,
            0.06054446909647695,
            -0.6906996642775383,
            -0.11208192060599904,
            -0.05992026488506695,
            -0.3588139400995983,
            -0.37118050393973195,
            -0.15957574368241656,
            -0.5477136817364607,
            -0.029085209126749896,
            0.577518546432596,
            -0.24620659542670467,
            1.0628178167055216,
            -0.24333063276806402,
            -0.8660576200088694,
            0.13534434698734166,
            -0.6711575603507218,
            -0.8361158779766208,
            -0.12481578790309755,
            -0.09182530437924853,
            -0.37203767443198493,
            0.16797928404766133,
            -0.2118853560765387,
            1.1810146910298442,
            -0.39454547918199945,
            -0.03450221956843176,
            0.5077966796624364,
            -0.5247885163139591,
            -0.7455910606749337,
            -0.2899616812094648,
            -0.060618409517981094,
            -0.5948580875760295,
            -0.15968484797478186,
            -0.14678763095977443,
            -0.8093000875802442,
            0.33380287793585994,
            -0.5824340152665152,
            -0.5565091121123035,
            0.6998161849204263,
            0.23679963355159436,
            -0.6362454184877835,
            -0.7653919903095161,
            -0.5985645823732272,
            -0.26415928503074054,
            -0.1468743479205738,
            -0.7290698954039136,
            -0.23888528467210637,
            -0.4437570146856909,
            -0.42916057383481976
        ],
        [
            0.5110241918277675,
            0.38605030149655456,
            0.01810436281848348,
            0.570206282932979,
            0.3875202971982524,
            0.6330718830376959,
            0.2316687922049801,
            -0.5261078986798694,
            0.9510942530369333,
            -0.45549053164579517,
            0.3580566494936071,
            0.4301521962435929,
            0.3199266642794708,
            0.016764462139229885,
            0.31165764273880187,
            0.6062572861328579,
            0.43886438482903556,
            -0.2873975576579739,
            -0.5855501097316533,
            -0.2923455034388909,
            0.07832723684204697,
            0.4593483356922801,
            -0.03118639003394713,
            0.5011055403687119,
            0.5158392690543283,
            -0.004163294347541214,
            0.6322759723655171,
            0.09285231988949591,
            -0.4484684691525843,
            0.29752427128528464,
            0.17699359149198954,
            0.17678040849386073,
            0.881333051385313,
            0.6855908762843211,
            -0.043288053412322496,
            -0.20078257106046124,
            0.8618023611834262,
            0.5211031607370724,
            0.39226546053636024,
            -0.1613909774127746,
            0.5039449429969431,
            0.06770198720234237,
            -0.1349140430141238,
            0.4914941197458931,
            0.706392763645537,
            0.377820366984663,
            0.5767977264511356,
            -0.5392572037754011,
            -0.2569961780463641,
            0.44726401741701066,
            0.6856650665117893,
            -0.11428102041205956,
            0.19486241171118462,
            0.5079663682723424,
            -0.45093353486664023,
            -0.11436054320998264,
            0.749456517320802,
            -0.1856871659010498,
            0.24792926843971022,
            0.5892233267491116,
            0.03212549114561734,
            -0.2249364826309714,
            0.3409657404686463,
            -0.19357025191909874,
            0.6936185119111679,
            0.3085082010437746,
            -0.05415897927237468,
            0.5929733421658341,
            0.7215882298968969,
            0.42181415265824335,
            -0.0457634802883615,
            0.3632742894131168,
            -0.426764402472406,
            0.41577328873559993,
            -0.21530319253133356,
            0.11143562156465361,
            -0.2712523283767178,
            -0.2201190150993958,
            0.5375245193381557,
            0.7414928192114307,
            0.8709123270255499,
            -0.24690549154993963,
            0.30470280609007866,
            -0.030897506991611836,
            0.5429664780321425,
            0.8357388677520196,
            0.029961879835251858,
            0.6880686637328439,
            0.8426356916419475,
            -0.19188100836918792,
            -0.41109767181247714,
            0.7697446888834004,
            0.48167424330227376,
            0.6691871230996272,
            0.1078612270522183,
            0.0892614833313339,
            0.5443803699876775,
            0.5504631021033513,
            0.7329672776906833,
            0.21236976592833012
        ],
        [
            -0.05050569275019533,
            -0.12507928978155078,
            -0.14655750258278546,
            -0.13848450544421528,
            -0.39923247137467066,
            -0.2701596506903147,
            0.05993120699576175,
            0.4758430559812425,
            -0.45549053164579517,
            1.0202231473820293,
            -0.2355378794719239,
            -0.3236732914787643,
            0.0026433777535653674,
            0.06262738513620207,
            -0.12457618471707864,
            -0.3465969768536914,
            -0.4338777954202063,
            -0.18247807375164407,
            -0.14139634352155694,
            0.03389374216238947,
            -0.04077295959020414,
            -0.3698599119166537,
            -0.23867956588666736,
            -0.2173138616490289,
            -0.2633885324761071,
            0.0007805261500379176,
            -0.4715606764053801,
            -0.17548051240379414,
            0.513731641932211,
            -0.033143744333501333,
            0.31187055547332715,
            -0.1386457794855825,
            -0.5414945363157222,
            -0.44843097009325056,
            -0.05794045158527417,
            -0.05012334070910297,
            -0.6975477372672683,
            -0.1810954616194352,
            -0.2721061015076184,
            -0.3798214960174839,
            -0.33791544660383027,
            0.03443326809780098,
            0.2975722491766593,
            -0.2808120570217609,
            -0.20549218468980893,
            -0.1613980152214753,
            -0.42524108857839815,
            0.258594376290511,
            0.25897022216145704,
            -0.2322643250835619,
            -0.2398444384434362,
            0.36999432693375744,
            0.1209882394136584,
            -0.39010965512920964,
            0.2685790943014029,
            -0.2262810182719297,
            -0.5080240310830907,
            0.25866600983672305,
            -0.10802905317650517,
            -0.33826839650933643,
            0.24172704071681808,
            -0.32981203057690267,
            -0.270766914659127,
            0.08790330524772688,
            -0.1358691802282976,
            -0.18025600963430985,
            0.09292863965282307,
            -0.26916334247986545,
            -0.4409679861768251,
            -0.32078770486633296,
            0.02891276565335592,
            -0.6421167841752785,
            0.14130243049133717,
            -0.7585402585772353,
            0.30925986913561804,
            -0.03830598259283862,
            0.18796584378017842,
            -0.007437694924638349,
            -0.24925350254821907,
            -0.5768134901154717,
            -0.5213184723440865,
            -0.23575951106898996,
            0.011520076798851052,
            0.07655514690856237,
            -0.14219822499304127,
            -0.4705077487240969,
            -0.04936390066697548,
            -0.4164638075621164,
            -0.5773958109618962,
            0.046308511412116955,
            0.25268176372325823,
            -0.30059070554160505,
            -0.4695919976682113,
            -0.3113911452670314,
            -0.2349514238961388,
            0.0546615277647607,
            -0.33430333859462225,
            -0.29123602700778545,
            -0.5913335288647266,
            -0.02142675369536387
        ],
        [
            0.11221124918100456,
            0.43042258014171636,
            0.20712987034864389,
            -0.12206593297621336,
            0.1486493997145696,
            0.28609428774435797,
            0.017857540385085115,
            -0.4971729042373304,
            0.3580566494936071,
            -0.2355378794719239,
            0.5658762872256433,
            0.6165944102315625,
            -0.07153656300255638,
            -0.04195837626263211,
            0.3200243761443201,
            0.27542222422639084,
            -0.20994546644766615,
            -0.03191067147845771,
            -0.21893979447119902,
            -0.3443146094090438,
            -0.20623877201470062,
            0.3002009213241911,
            -0.115368130138603,
            0.31812831735126806,
            0.4682408944502325,
            -0.20580701289574507,
            0.41296878525725866,
            0.4017148706947184,
            -0.25709210254209774,
            0.35647460556885785,
            0.02900059984792247,
            -0.15513720217476298,
            0.12047580084627743,
            0.470754804710785,
            0.2573877838664433,
            -0.0765165457743642,
            0.09826586673330903,
            0.5223467759208446,
            0.3711842772777106,
            0.32734371279370117,
            0.5224290143788387,
            -0.1026053602097004,
            0.05066375407417472,
            0.17077473221620462,
            0.29842845475168395,
            0.18040237262274902,
            0.2994580793227873,
            -0.18102521215147593,
            -0.30754876660047453,
            0.4620312497222178,
            0.41309419797846725,
            -0.1173290523789951,
            -0.16595532061212004,
            0.4976059174672108,
            0.0008940537535450108,
            -0.06110732123023065,
            0.048026958537103884,
            0.11396623611827905,
            -0.09826589236108087,
            0.4410899786483985,
            -0.2226852491952581,
            -0.26075892523814503,
            0.2056537384625369,
            -0.3375654430312811,
            0.10394113209041539,
            0.5328977931346066,
            -0.13240982128019452,
            0.5000696060725826,
            0.3628754827646108,
            0.24829203853330392,
            -0.03734337539059241,
            0.26748227938076985,
            -0.21319709707098874,
            -0.10876989083552355,
            -0.5195065406888492,
            -0.11071795678453322,
            0.07026099565716805,
            -0.17842462595015843,
            0.25415470529579975,
            0.37166467934338393,
            0.28626057846570124,
            -0.05727348057165207,
            0.3231385321502841,
            -0.08900657230055528,
            0.2815152248358101,
            0.5105725112734613,
            -0.1976140041278398,
            0.44121267818512167,
            0.09621332221240719,
            -0.13868152024986363,
            -0.2923259248128505,
            0.2288826521970765,
            0.4180920745805866,
            0.3215250614226033,
            0.0705974166229207,
            0.023427009790467326,
            0.49217410705974474,
            0.14001233792075188,
            0.1985528538934473,
            0.17874229249201107
        ],
        [
            -0.04015316888778662,
            0.6947548512962922,
            0.013035870691250496,
            -0.05893064015651351,
            0.5417501773076899,
            0.5709791561464392,
            0.19576094595692695,
            -0.8774138722833291,
            0.4301521962435929,
            -0.3236732914787643,
            0.6165944102315625,
            1.1639965545494422,
            -0.08974623056050728,
            0.030683897778818074,
            0.5033908691875278,
            0.5542112178582722,
            -0.3525810967071281,
            -0.2613061694071023,
            -0.3806636773586422,
            -0.497091231073587,
            -0.36055440382799686,
            0.601433271962552,
            -0.41810468799949,
            0.3895227425059819,
            0.8097337720940441,
            -0.21558150776481066,
            0.6679616520282757,
            0.6421757103032236,
            -0.26619214917044987,
            0.4315414581519751,
            0.3098775246277361,
            -0.11966463091058056,
            0.24541850704774484,
            0.7401535207346216,
            0.5459194828565458,
            -0.019006001429204215,
            0.1596850218934299,
            0.7612959899774248,
            0.7624118486207542,
            0.9098487053207545,
            0.77543128671973,
            0.003873434906618362,
            0.01253213528715624,
            0.5046623842913065,
            0.3593216712082742,
            0.28169756052212197,
            0.557792699612453,
            -0.33182487072499184,
            -0.40796357570100916,
            0.6834819726125226,
            0.6387059837362382,
            -0.16853106404329096,
            -0.3041170189359052,
            0.7175764022367969,
            0.02770408138041296,
            -0.1578595200337968,
            0.172783680121999,
            0.4723638172438778,
            -0.00013029781063698376,
            0.574655233921212,
            -0.1980049839955561,
            -0.5502889316710182,
            0.2269875104062666,
            -0.5825498443877466,
            0.22662796370753252,
            0.7331265966547372,
            -0.089177501191936,
            0.753648643175057,
            0.7829981661504819,
            0.3739079577727566,
            0.023320044668546976,
            0.5636807667532923,
            -0.4193912733163201,
            -0.22937497167345616,
            -0.8415185330157922,
            0.26174844717144524,
            0.25106285113496957,
            -0.5743305246309285,
            0.5215839424675212,
            0.5665480694951823,
            0.27600666594349216,
            0.015327873410169585,
            0.8019771002338771,
            0.027956708478832484,
            0.2879055885903492,
            0.7562075685797217,
            -0.24875564496817085,
            0.6182378807170389,
            0.3715020354985435,
            -0.42529828640966466,
            -0.3484607420884406,
            0.38310137651711934,
            0.7933989187390943,
            0.5411673474198372,
            0.19029940301296544,
            0.04008552498174569,
            0.8266720922621912,
            0.30542279063880945,
            0.35863622834686076,
            0.376691246585595
        ],
        [
            0.32911422575335125,
            -0.04137249815356318,
            -0.29699344768156427,
            0.5334524680315057,
            0.2761972565015052,
            0.26399554670904224,
            0.4438686409304322,
