{
    "fast": [
        [
            0.7154653124541911,
            0.5010673624482529,
            0.04134203099695534,
            0.10211120612470179,
            -0.20943728152062246,
            0.40318907465283194,
            0.3662922662846809,
            -0.012173997447684357,
            0.2618247053461962,
            -0.08489647599075414,
            0.27249099281562994,
            0.36129603640371777,
            0.37114631474695464,
            -0.0747765723322671,
            0.17622126520850528,
            0.24001117386611456,
            -0.1390800791429633,
            0.017729062788790988,
            0.15687394612376843,
            -0.32061645556334206,
            -0.4902809264177871,
            0.4274272900443575,
            0.04753584342970706,
            0.5780037969600058,
            0.5229131484213962,
            0.12754110853465056,
            0.497952822997912,
            0.0957923364026994,
            -0.17012486519008435,
            0.15762888833013788,
            0.15904133862780148,
            -0.3098220788225154,
            -0.025683869383184874,
            0.28525794069526633,
            0.2880754477793476,
            -0.30152735527847824,
            -0.07303037828305135,
            0.2944799550660067,
            -0.12391653725417123,
            0.028196804912552494,
            0.2805326113839837,
            -0.2846605594976593,
            0.1411539664955183,
            0.0319876206692848,
            0.401843890152437,
            0.27400721126071154,
            0.47361073417233884,
            0.0873431461592415,
            -0.29348693898412587,
            0.45992397187779677,
            -0.2513132183841665,
            -0.1715758976712807,
            -0.06312059289557058,
            0.4227316353802116,
            0.07023710417859644,
            -0.013265632944783973,
            0.3149027749341508,
            0.18563783081801902,
            -0.31850123764299315,
            0.5819356572687711,
            -0.1914981510335315,
            0.012409184117141476,
            0.5341371303007995,
            0.1273053733012831,
            -0.006688239184794856,
            0.2832213214691464,
            0.06618570067721556,
            0.46635113775559833,
            0.1920589697117901,
            0.5662724132383464,
            -0.058629930955644755,
            -0.038517549781859735,
            0.21476949249794516,
            -0.40365587327441144,
            0.005710249074830503,
            -0.11995563356656347,
            -0.3868507753877819,
            -0.3170955656279146,
            0.5274890016430793,
            0.43968817469668187,
            0.271994315541665,
            -0.03438756294393893,
            0.2842514097417695,
            -0.11326361375186633,
            -0.014789933355021753,
            0.25191499795388944,
            0.2862903425647349,
            0.37281409661090215,
            0.11933456977573971,
            0.2640351212605135,
            -0.40848813589393146,
            0.4150697564447522,
            0.24645867075882358,
            0.37928692219322946,
            -0.19732140226757694,
            -0.58670688211832,
            0.5254809085892045,
            0.002495025902843658,
            -0.09149597451820762,
            0.19854325159364308
        ],
        [
            0.5010673624482529,
            0.9842777330911415,
            -0.41581034277849155,
            0.46998377093384675,
            -0.2778291561877386,
            0.8599752765456256,
            0.07262788172511807,
            -0.22740730124007943,
            0.35461680042222554,
            0.5069699270408319,
            0.044549113810590374,
            0.7446751293623636,
            0.29909058200781563,
            0.1423958425287816,
            0.611470305714931,
            0.32302746777304764,
            -0.3077679182866694,
            -0.41652324266344115,
            0.520327484661771,
            -0.47103245828130846,
            -0.5716115591768052,
            0.5600060720872427,
            -0.3922397813611428,
            0.6988917663570626,
            0.9428727562206505,
            0.029117471894867207,
            0.7598005029264845,
            0.2073743027008419,
            0.2996186841383824,
            0.6216461300490244,
            0.19421545144431918,
            -0.38497997103789794,
            0.030395147299073652,
            0.5112692268973819,
            0.5709240094003939,
            -0.2250161698537051,
            0.6944116654317659,
            0.7125855259222491,
            0.3211457049098348,
            -0.17245621731502042,
            0.48135577461454077,
            -0.23734718822245013,
            0.17755947557257065,
            0.45346691971284253,
            0.5534779084100251,
            0.2808069962088551,
            0.7542476474868179,
            -0.2274678440549365,
            0.16376347626464008,
            0.6784025110947214,
            0.3353970901479555,
            -0.037619483196211806,
            0.24710572297566627,
            0.3234255157651348,
            -0.08892930157119265,
            -0.1399812310051897,
            0.45721218862068724,
            0.31574932139936207,
            -0.08442887441896905,
            0.5892873750742672,
            0.1404118120744804,
            -0.12370541235732099,
            0.6125728562389305,
            -0.05488548299706315,
            0.45307257057085604,
            0.42858271634260336,
            0.20452436012662945,
            0.7306279236584219,
            0.5419816964754175,
            0.3528170821644415,
            -0.23761022854875424,
            0.13779917631318725,
            -0.16400569427955172,
            -0.3296846532088631,
            -0.4388019754731646,
            0.20444415569795493,
            -0.41997348622083014,
            -0.5598399951823592,
            1.0438842551193375,
            0.4400919567372945,
            0.1659821111292329,
            -0.2083694754262973,
            0.8406909005640878,
            -0.22731817191490078,
            0.13176585090924708,
            0.433867297728037,
            0.012347029394239695,
            0.5370793488796862,
            0.04231857113881783,
            0.058509959270045306,
            -0.35334943636083427,
            0.8806363284977254,
            0.23196234345703318,
            0.7692964889024576,
            0.169881906908242,
            -0.4432459493772391,
            0.7178563815578304,
            -0.16194116405832396,
            0.40313728767618956,
            0.5927430985150903
        ],
        [
            0.04134203099695534,
            -0.41581034277849155,
            1.6011201235030936,
            -0.507332987010008,
            -0.14233475896748815,
            -0.6324644967460761,
            -0.3554812812438979,
            -0.011450873668591537,
            -0.29886438176524777,
            -0.7545169966817118,
            -0.15631375136629952,
            -0.37143133429252057,
            -0.2147306574312499,
            -0.42339602790531794,
            -0.3881032454768997,
            0.05586673981391516,
            0.10391707938757053,
            0.5095986619867245,
            0.770135319007451,
            0.27922092387978836,
            0.013213573015959356,
            -0.5617312382499614,
            1.1266193555779225,
            -0.4563662598010356,
            -0.4183916520699497,
            0.4509434326735611,
            -0.043512266418459504,
            -0.20238005309007565,
            -0.2266889888780132,
            -0.6089835498241392,
            -0.11025664341519201,
            -0.2840978126842936,
            -0.2710304974073159,
            -0.33831328836711627,
            0.16278155564990685,
            0.5984798186810558,
            -0.31783813283910406,
            -0.5332138116968008,
            -0.4089406382489169,
            -0.0171445781665533,
            -0.17005105675907367,
            -0.2022761815624921,
            0.426477190671721,
            -0.8752003579700358,
            -0.4470705252611914,
            -0.08258114996913457,
            -0.40518671428424907,
            0.38848102675299473,
            -0.44329681487449973,
            -0.4243807255641332,
            -0.7508665055740308,
            0.6347638386313237,
            -0.37167685188911775,
            -0.3074332312985295,
            0.01635957762388497,
            0.4790966946978395,
            -0.47527702575143177,
            -0.79965514837354,
            -0.4985518346896805,
            -0.2291114075213705,
            -0.7351464640941053,
            0.14349019211572642,
            -0.20788121686004601,
            0.0005234215040343578,
            -0.44482834330253734,
            -0.08009357304702336,
            -0.37520009146680117,
            -0.6488772114649357,
            -0.352032287568413,
            0.161613204997487,
            1.1391174226989518,
            0.15888283877151702,
            0.8649064270270692,
            0.938651186257056,
            0.07308861264355174,
            0.3127256960348095,
            0.3746823142861053,
            0.014201821644526252,
            -0.44866473010331087,
            -0.6192262385516124,
            -0.0447500762708766,
            0.20958863929968408,
            -0.5702859857200071,
            0.06003850869343225,
            -0.029828142587463052,
            -0.3717095205450676,
            -0.28605945094322105,
            -0.4895651359205256,
            -0.25415627183562217,
            -0.24483941273574641,
            0.8455367936420418,
            -0.7256616821039626,
            -0.02033170403471624,
            -0.6030550684402638,
            -0.04892756686958889,
            -0.2559664709894107,
            -0.27947262630736364,
            -0.21278956631310647,
            -0.6441954263239112,
            -0.9651254469952373
        ],
        [
            0.10211120612470179,
            0.46998377093384675,
            -0.507332987010008,
            0.6979838296156274,
            -0.24809452873708693,
            0.6920899150181732,
            0.01169287626523704,
            -0.12994517010627937,
            0.156459558773949,
            0.40494509885139224,
            -0.10022415136224794,
            0.23409586566847354,
            0.03447787274222817,
            0.13461306224309685,
            0.09763501599426998,
            0.15543462228105578,
            -0.0524993192937553,
            -0.503861784651097,
            0.1501671199044589,
            -0.11379238121841204,
            -0.022418194858319668,
            0.18123604583785843,
            -0.5391704005493627,
            0.13367162104096117,
            0.36804503209757067,
            0.011681190342660653,
            0.33154181562180635,
            0.013888721624633333,
            0.23528162403489855,
            0.5799339621683811,
            -0.03303188330597451,
            -0.05231594330816919,
            0.358604103464988,
            0.14620105810397752,
            0.2102229278361657,
            -0.18060860415818042,
            0.403005369771742,
            0.28965906755565674,
            0.29144008544485206,
            -0.06460254381700774,
            0.10135304852577698,
            0.19612945120668823,
            -0.20736715203534034,
            0.40537762151332235,
            -0.17339128058489642,
            -0.14310618340502057,
            0.31173054933949734,
            -0.17688962312550152,
            0.024643267937135182,
            0.1731352017632242,
            0.2653305664583927,
            -0.1416406191040716,
            0.18010454710044818,
            0.2594039436960925,
            -0.13735081306267208,
            -0.2749553360757201,
            0.40513841725767247,
            0.1064785117650588,
            0.13281481351527255,
            0.15443381949134316,
            0.2638586977828925,
            0.03172813317747688,
            0.11245939242348081,
            -0.04469945755378824,
            0.4873863907118943,
            0.0006141270864406926,
            0.1257301105009216,
            0.3303984569920946,
            0.3430994099535859,
            -0.036137566370287026,
            0.001847907066851407,
            -0.1705275490894272,
            -0.4569507605196587,
            -0.03975319551187111,
            -0.25508876832100014,
            -0.11312031779899155,
            -0.11534258549976673,
            -0.06789381936483903,
            0.7734711536529121,
            0.3516095860738494,
            0.14468300886360183,
            -0.03638367418723312,
            0.48575143264395876,
            -0.15182088958010814,
            -0.042952333423841416,
            0.30683013592932723,
            -0.05702389788193654,
            0.2172104481463852,
            0.15150132542141087,
            -0.08969891448490806,
            -0.09423316880367397,
            0.34648220538344876,
            0.04656512499791273,
            0.445019737081435,
            0.3641163012734782,
            0.1155397699359819,
            0.17532339923498347,
            -0.02398727590274622,
            0.4100871761606997,
            0.2041677061586899
        ],
        [
            -0.20943728152062246,
            -0.2778291561877386,
            -0.14233475896748815,
            -0.24809452873708693,
            1.1274746159339588,
            -0.18313212265721812,
            0.07876702825834048,
            -0.11359397292194225,
            -0.05799074722996067,
            0.06340949411787722,
            -0.12139306369489095,
            0.15342448123867772,
            0.35653061052054574,
            0.11148088971706097,
            0.03323307022145772,
            0.007214682921132812,
            0.1503772656824048,
            -0.10234329301339719,
            -0.7367611310905844,
            -0.20110654969092118,
            0.027049191434529232,
            0.37411932361810507,
            0.13520841679818543,
            0.06140778709088561,
            -0.13275035703030794,
            -0.3762088325140124,
            -0.3589947892236822,
            0.3305981378460616,
            -0.1888447615017107,
            0.19893842498981912,
            0.19424770594082497,
            0.44689491343205223,
            0.3694297885420834,
            0.03287859968137928,
            -0.24367864468785946,
            0.160662991316365,
            -0.009132481816041907,
            0.28627735509537805,
            0.4086768743574914,
            -0.3354525344858223,
            -0.046723771216938756,
            -0.12120578210266068,
            -0.34488696855010254,
            0.37139668291578803,
            0.3332028565919032,
            0.0371644605032366,
            0.18509642267504373,
            -0.19577989984198416,
            0.15126614052935777,
            0.06520408280829111,
            0.07623870608848597,
            -0.41485496145956485,
            0.15092135721230782,
            0.24533742655193602,
            0.23383883091469734,
            0.0926604590085726,
            -0.037612036837519285,
            -0.12351072194301355,
            0.23884069142903813,
            0.27186266244132024,
            0.15053881653781048,
            -0.20292375873095983,
            -0.06363957998604813,
            -0.13142025016885373,
            -0.24446500091316808,
            -0.16738807854672644,
            -0.17968373775206373,
            -0.07507942869218198,
            0.14974272010197384,
            -0.25256053393919153,
            -0.29211572560111565,
            0.029236280930182677,
            0.2862339548810683,
            -0.3203103434076491,
            -0.17090903613288277,
            -0.34023590626852745,
            0.19696862481706245,
            -0.12498622585370457,
            -0.4245056644722068,
            0.2369704108155777,
            -0.009158862167478899,
            -0.3193854909702382,
            0.047043896982585515,
            0.04411232921042497,
            0.3163836332762473,
            -0.06583544730309099,
            -0.03247545369862245,
            0.1204507378351961,
            0.029815640022844512,
            -0.09561255111210917,
            -0.27212542972166204,
            0.15252561763990172,
            -0.07552860044999332,
            -0.34750671240045533,
            -0.6431483678100305,
            0.30258495652034595,
            0.09339722506107861,
            0.4684409554433813,
            -0.19185856666361015,
            0.0791260489219568
        ],
        [
            0.40318907465283194,
            0.8599752765456256,
            -0.6324644967460761,
            0.6920899150181732,
            -0.18313212265721812,
            1.2545996643473252,
            0.30820532384448923,
            -0.2252366800557337,
            0.46959982272751266,
            0.6454448787865698,
            0.1756654792767853,
            0.7111042387558455,
            0.297161213624351,
            0.18282136281361655,
            0.6877263771378488,
            0.38121964362181754,
            -0.07531911965907258,
            -0.6934669280346689,
            0.2677379748274564,
            -0.6572629159676441,
            -0.6414835309693139,
            0.6495202127989778,
            -0.775459492842005,
            0.791181373491918,
            0.9231954476464096,
            0.10776741628077269,
            0.6761108281418368,
            -0.09884160085685188,
            0.315062945172123,
            0.9096530100296367,
            0.32660244283435463,
            -0.2382677284481019,
            0.4551640205862903,
            0.592080750114698,
            0.23832224728107287,
            -0.35073271952043844,
            0.5890465822178211,
            0.829804747469921,
            0.5791151839288897,
            0.08103500981970774,
            0.5389443914612564,
            -0.2554677157021065,
            -0.22089148905157985,
            0.568869454936593,
            0.4700435226717026,
            -0.033517949050666275,
            0.9021119183586085,
            -0.35256814714656415,
            0.08422968892413739,
            0.681223289070499,
            0.5281615212683702,
            -0.16136331700424197,
            0.2968415860228255,
            0.6764625850248219,
            -0.2046135564742468,
            -0.28728537321622055,
            0.7528736393601619,
            0.27389485111852946,
            0.06378865103396829,
            0.6925043591784855,
            0.3093246263682759,
            0.0660779623871911,
            0.3443653999894715,
            0.00862322634229264,
            0.744049152675436,
            0.3054794308974235,
            0.10679309361854734,
            0.9238715656593779,
            0.7931747808486327,
            0.172819524666504,
            -0.17492399439495837,
            0.10080896947184886,
            -0.31601078330546456,
            -0.42321123503654606,
            -0.24323787711862885,
            0.09635473860211267,
            -0.18004254355359572,
            -0.5444988040858402,
            1.0857433330074304,
            0.8040844583166364,
            0.295324370284708,
            -0.08005500901999206,
            0.9962150748012488,
            -0.2679401442397118,
            0.23257255220372067,
            0.6966905649627485,
            0.10163288593716466,
            0.7343437690784781,
            0.29497636575378666,
            -0.14811603564652917,
            -0.7009454723481493,
            0.8105333227875963,
            0.21758868080355934,
            0.779947933612927,
            0.20200898765599148,
            -0.3249680994681767,
            0.6772479962541562,
            0.14769014969001426,
            0.7458453824285067,
            0.6111193606580321
        ],
        [
            0.3662922662846809,
            0.07262788172511807,
            -0.3554812812438979,
            0.01169287626523704,
            0.07876702825834048,
            0.30820532384448923,
            1.2060282005530334,
            0.2852336950960145,
            0.3533867451202885,
            -0.047213797632063625,
            0.06798679441208377,
            0.047803146810226,
            0.374332337847707,
            -0.012798782027903341,
            -0.2534679501714318,
            -0.014315713116006844,
            0.16861054710544626,
            -0.25533393403761323,
            -0.42570688521309946,
            -0.464630610664587,
            -0.17824764107266663,
            0.03721133872479065,
            -0.39527026950407906,
            0.6082269196745927,
            0.2008869720025577,
            0.01749010543864039,
            0.16780727834588569,
            0.08543555082731531,
            -0.0707670974326121,
            0.030028076951243748,
            -0.13405036894703246,
            0.2891264994891647,
            0.32081207307813886,
            0.16171760651380315,
            -0.2306173562090066,
            -0.07251762162713497,
            -0.41434172885028336,
            0.023303484214938868,
            0.11040283583947513,
            -0.23976115602032305,
            0.12572328033015254,
            0.0637821725087508,
            -0.3624794992012674,
            0.5116939242024674,
            0.4871984688366037,
            -0.09962088150035668,
            0.39314990992072707,
            -0.25034740643494807,
            0.04847895290920442,
            0.2066121211756259,
            0.0897164182341394,
            -0.25565061095009994,
            -0.13626206954788747,
            0.6518934969441436,
            -0.022664702433566112,
            -0.30992937064886605,
            0.45400245209577306,
            0.7331809097877852,
            0.2607082576330185,
            0.046892242779790407,
            0.17585496333560197,
            -0.055490673585430576,
            0.5484699379958576,
            0.20731804848566693,
            0.012015924098007552,
            0.11416173460075131,
            0.05186641479851951,
            0.5953076880722238,
            0.06175426868643285,
            0.14349500386349182,
            -0.3738547982252784,
            0.17092275468821938,
            -0.43145920709302965,
            -0.532438235653908,
            0.10170148853320561,
            -0.0913691027932812,
            -0.280635015980244,
            -0.26879959899330913,
            -0.1439718716192532,
            0.6548524896936778,
            0.16290017504866117,
            -0.22425068013917612,
            -0.06291543618627263,
            0.03454922693129256,
            0.21275046332700243,
            -0.005040015428108043,
            0.9091118549748077,
            0.25322431466145046,
            0.4296535594097679,
            0.1013114340737444,
            -0.676782297858118,
            0.35270189198373836,
            0.14320890828490085,
            0.43592236112409577,
            -0.48531419366112427,
            -0.011609314630730916,
            0.13090003490500557,
            0.6048473735950031,
            0.0014303324170813702,
            0.38145874111538114
        ],
        [
            -0.012173997447684357,
            -0.22740730124007943,
            -0.011450873668591537,
            -0.12994517010627937,
            -0.11359397292194225,
            -0.2252366800557337,
            0.2852336950960145,
            0.43703998099763675,
            -0.2367675928556658,
            -0.02539961798511728,
            -0.10438473397181512,
            -0.33899031510297306,
            -0.000980771236659627,
            -0.19286813291514196,
            -0.3227930493782762,
            -0.18045692631852567,
            0.07966376166955376,
            0.17395677995294132,
            -0.1893093167277291,
            0.15617196923138416,
            0.2785098507120493,
            -0.2664425210894784,
            -0.0294582036407652,
            -0.06876075459437317,
            -0.2650050925433766,
            -0.05264317188316137,
            -0.2444001124622409,
            -0.15972371046519154,
            -0.08527267254729265,
            -0.1568568000037022,
            -0.235579699568138,
            0.027307570716706926,
            -0.15909030788218903,
            -0.2692592487619153,
            -0.20668356829099102,
            -0.03186254195774983,
            -0.372031893236613,
            -0.2370096227109874,
            -0.3022785780540115,
            -0.16935508037260202,
            -0.2134949709157754,
            0.44357239878565896,
            0.04209260572985501,
            -0.3569575397134831,
            -0.08617681762416445,
            -0.05847129091539048,
            -0.21942026834900208,
            0.046818211037306864,
            0.11567469027178712,
            -0.15953791864364447,
            -0.2554447294177475,
            0.10046654317635607,
            0.003839628341375321,
            -0.13562607486801384,
            -0.008923687279736536,
            -0.14249654064859626,
            -0.01475420478757696,
            0.13887309752313087,
            -0.08214495599479928,
            -0.23773545436304028,
            -0.06064172524343794,
            0.10572475681116086,
            -0.0865003165879721,
            0.14410954024958184,
            -0.23490321488349641,
            -0.20615952146527386,
            -0.03538135322472517,
            -0.10409307422472946,
            -0.3396893328137366,
            -0.18886444093223306,
            -0.201094419626112,
            -0.12867108864364118,
            -0.15980272844794682,
            -0.1375924590829686,
            0.2054623631967038,
            0.042728576622781914,
            -0.29795737647222664,
            0.1920203708545951,
            -0.34998828784654956,
            -0.14496768038488636,
            -0.007256265411300695,
            0.08286627391917621,
            -0.274814010304535,
            0.08350561955013644,
            -0.054927064211083065,
            -0.1818520648959051,
            0.29368168694638797,
            -0.23254195252915869,
            -0.007153944797141531,
            0.23679552913960045,
            0.021160767587819256,
            -0.20327604661214524,
            0.1717880996342941,
            -0.14816594396997418,
            -0.09603529258460358,
            -0.08863943686225792,
            -0.2968666544467619,
            -0.038889577286393064,
            -0.0718638431330354,
            -0.09062192009305278
        ],
        [
            0.2618247053461962,
            0.35461680042222554,
            -0.29886438176524777,
            0.156459558773949,
            -0.05799074722996067,
            0.46959982272751266,
            0.3533867451202885,
            -0.2367675928556658,
            0.9998438025916355,
            0.004686484006536778,
            0.4323962063941131,
            0.32903245641213746,
            0.27323234975269833,
            0.20271520682207167,
            0.477590871110153,
            0.10429279683029201,
            0.19652402019771095,
            -0.40020832795282746,
            0.14309848570207995,
            -0.44518296111477473,
            -0.7763229520337858,
            0.25301025789986353,
            -0.4054342939322058,
            0.3836544314846943,
            0.4855528094105955,
            0.5538189345132538,
            0.5034997222575847,
            0.10041079006321398,
            0.13190163651834666,
            0.08513678693047645,
            0.23603734955245967,
            0.19139369688908528,
            0.4765971295648026,
            0.6541861304052791,
            0.18389179526284666,
            -0.00410429724583539,
            0.18378072947135382,
            0.21575324977818974,
            0.47776988575545487,
            0.3154275818188467,
            0.3600403751333521,
            -0.3995854570584554,
            -0.4684528075771385,
            0.6306487042795089,
            0.4092825483749978,
            -0.17595360181353698,
            0.4477920607257286,
            -0.514507258956803,
            -0.2208388639687782,
            0.2912993680569418,
            0.8536014794386745,
            0.27500440610561305,
            -0.15821160035905757,
            0.532808673415086,
            -0.09464056093597172,
            -0.07967879071050303,
            0.4238291638338441,
            0.3587719684760182,
            0.35463534601722985,
            0.4756286903850932,
            0.4836794925664694,
            -0.12402346134161103,
            0.31416258031680855,
            0.16167810992552717,
            0.5152934295690987,
            0.39111992396090994,
            0.12730787653713177,
            0.5161832000243368,
            0.7409133658153186,
            0.3434977596284541,
            -0.15643048335415083,
            0.4854254528447068,
            -0.42493885976209417,
            -0.22129706661655116,
            0.17586606861655077,
            0.4462552710442511,
            0.28246416614589065,
            -0.13938406785518276,
            0.36521061195456295,
            0.5963387100649825,
            0.2643050878919078,
            0.018822902108016504,
            0.354764189704377,
            0.2396433788535921,
            0.05211112127238485,
            0.41166243003775793,
            0.22676750817918542,
            0.6524472581236745,
            0.4041712121656033,
            -0.24396915156981103,
            -0.445037508202017,
            0.6873949715731354,
            -0.12775291921405393,
            0.5008968137290081,
            0.2462301054935054,
            -0.25870157752567974,
            0.39608448718499334,
            0.42419878231476105,
            -0.007159118363849881,
            0.41022701486169405
        ],
        [
            -0.08489647599075414,
            0.5069699270408319,
            -0.7545169966817118,
            0.40494509885139224,
            0.06340949411787722,
            0.6454448787865698,
            -0.047213797632063625,
            -0.02539961798511728,
            0.004686484006536778,
            0.9593846649344763,
            0.01218786919577802,
            0.631297557760884,
            0.17926093471645457,
            0.21524654927520406,
            0.67728089551774,
            0.21819199906395315,
            -0.19968330544167678,
            -0.6778192817753089,
            0.004336631118884582,
            -0.16103166133251265,
            -0.0546982642154917,
            0.35434321455147016,
            -0.6620229773986774,
            0.4260724295196125,
            0.4893385117104261,
            -0.22938155586203487,
            0.22419250690190862,
            -0.06489348945600683,
            0.398787011128128,
            0.7205930629860938,
            0.281495387018444,
            -0.08152785188557407,
            0.03616416914889701,
            0.2311494059615208,
            0.00389679541095215,
            -0.14359670461766705,
            0.7106356256137554,
            0.62983315595933,
            0.572551008252716,
            -0.03367422708205169,
            0.22996438800648317,
            0.018511293171784418,
            0.17443314586476788,
            0.32272451323427453,
            0.5818470625341967,
            -0.036948121284509104,
            0.463733551639422,
            -0.15910016839794072,
            0.5799199014277368,
            0.523127859715283,
            0.42263080499370304,
            -0.23698197345183047,
            0.6153435245246404,
            -0.023740003858712354,
            -0.23384772708244808,
            -0.2753036585767427,
            0.42886328804860724,
            0.1445607349850706,
            0.11358303038079572,
            0.3002632220751575,
            0.4669489714190389,
            -0.13928942065945474,
            0.11176651684555917,
            -0.09056612208117025,
            0.49150185158994136,
            0.0695140935849945,
            0.26467620266458297,
            0.43522490689592636,
            0.32808302987059523,
            -0.21733649678834768,
            -0.5038489050002317,
            -0.043719430071889144,
            -0.5728836698684733,
            -0.3779251892809172,
            -0.25744677165723806,
            0.014082623451327391,
            -0.20421425897891238,
            -0.2601080573245584,
            0.6636241236932714,
            0.3359732367842484,
            0.0016339957212756944,
            -0.16697469394827494,
            0.7795415767529353,
            -0.28496591021172846,
            0.1901817308561683,
            0.2837307227939968,
            -0.07745245545373687,
            0.295179562984768,
            -0.03672825304531906,
            -0.2019833986362035,
            -0.32123462739434105,
            0.6539268626211435,
            0.06920264326592786,
            0.4470771996415266,
            0.18750255491194767,
            0.08381957472484958,
            0.2802394952830756,
            -0.07871075735336898,
            0.7669048518360646,
            0.38134371273890993
        ],
        [
            0.27249099281562994,
            0.044549113810590374,
            -0.15631375136629952,
            -0.10022415136224794,
            -0.12139306369489095,
            0.1756654792767853,
            0.06798679441208377,
            -0.10438473397181512,
            0.4323962063941131,
            0.01218786919577802,
            0.9802947723730151,
            0.28550315074121296,
            0.1970769109540034,
            0.077541309884823,
            0.516723178636763,
            0.2735204674097993,
            -0.02247152353684819,
            -0.09563710484402611,
            -0.1726536084084342,
            -0.16834181665433115,
            -0.5155124709209553,
            0.27583806689061485,
            -0.19768950632148033,
            0.3674942063289397,
            0.17743154029713062,
            0.3066803253063369,
            0.2066400511411676,
            -0.18775203863983647,
            -0.24321469769807713,
            -0.06543420068770917,
            0.709139255774552,
            -0.17652145716886994,
            -0.09082757227017683,
            0.31509059991876553,
            -0.24653680166514164,
            -0.4494999211464545,
            -0.19568580056939122,
            0.04506194788083212,
            0.022034932826490085,
            1.217128085001137,
            0.2916668745600955,
            -0.3577948457774042,
            0.11316133668575645,
            -0.06975288656703851,
            0.5014648428681959,
            -0.04015432676776744,
            0.21833393458958683,
            0.23224964907222767,
            -0.2710593674063416,
            0.4126476773519891,
            0.08572064634397013,
            -0.24778923231038286,
            -0.019670138391944245,
            0.16185805202890272,
            -0.07296057879684283,
            0.09460727713112303,
            0.13829666586957293,
            0.0032957967172698435,
            -0.23393811697273964,
            0.5254914105009331,
            0.00111618687238508,
            0.14444861571570242,
            0.0271514694513156,
            0.09780603931135728,
            0.07158011853551331,
            0.30149366240881387,
            0.08240045823990591,
            0.29460804603677043,
            0.17285946443175912,
            0.47871287738184,
            -0.2968404595089336,
            0.0018809834347952158,
            -0.10947137919243491,
            -0.4741577762207896,
            0.7452474231203733,
            -0.2092161408573589,
            0.12432392554105717,
            0.027904817268543252,
            0.2802212031127592,
            0.35122108275848885,
            0.10769656494594461,
            0.2764166160984436,
            0.10965921483422032,
            -0.24259071854496994,
            -0.2647901516498314,
            0.3004328253353972,
            0.048396156063148676,
            0.4158217504831479,
            0.14758852932928024,
            -0.09276288772057456,
            -0.48831438464074073,
            0.23353332878243915,
            0.16665730355467956,
            0.11525858297549953,
            0.041711967808034704,
            -0.47840680132469104,
            0.3712335435899829,
            0.07148966878644926,
            0.056475221618077734,
            -0.15171195317736694
        ],
        [
            0.36129603640371777,
            0.7446751293623636,
            -0.37143133429252057,
            0.23409586566847354,
            0.15342448123867772,
            0.7111042387558455,
            0.047803146810226,
            -0.33899031510297306,
            0.32903245641213746,
            0.631297557760884,
            0.28550315074121296,
            1.0571761899145968,
            0.40237265397695093,
            0.28361926089036754,
            0.8973602440296699,
            0.47916565610139844,
            -0.2757641358723154,
            -0.5689215987990337,
            0.1380878196767325,
            -0.44464008957819384,
            -0.597999585471481,
            0.6673510051425889,
            -0.22727270945629738,
            0.7783044345538233,
            0.8269242470247072,
            -0.09038751412657371,
            0.571950874285893,
            0.21988558371755434,
            0.17787378358145517,
            0.5468429211960054,
            0.5399628704989202,
            -0.19868257556128252,
            0.06792412071206314,
            0.5895415723098627,
            0.23695990065812425,
            -0.18949731580765886,
            0.7643236808301442,
            0.779456084641585,
            0.5931640259428526,
            0.11734902353997821,
            0.5076589252543171,
            -0.6101713911333888,
            0.37972415291642425,
            0.5415606172199806,
            0.9759743230922883,
            0.29112543101489025,
            0.7436064543550571,
            0.035652139384461566,
            0.1443421561002153,
            0.8219838184843483,
            0.33608496977115176,
            -0.3965928819724759,
            0.40183071984701696,
            0.31525028131922506,
            -0.08881242781525227,
            -0.00412289517226334,
            0.4787777255421297,
            0.16183061705105195,
            -0.06106107076612763,
            0.7859014525816925,
            0.23801489630234765,
            -0.25341403773258186,
            0.5462419411722952,
            -0.10573667706559974,
            0.4772633794964818,
            0.4640996363268502,
            0.2690563051739787,
            0.6693517295029603,
            0.5345642181496331,
            0.4543335221993457,
            -0.1678828632822814,
            0.08384639776253337,
            -0.007136412420633178,
            -0.47832423290426324,
            -0.34502829715129835,
            -0.06885557231031482,
            -0.06492342014262706,
            -0.803004703405036,
            0.8478025375518896,
            0.655438936802439,
            0.1162948984560404,
            -0.2714317887995746,
            0.8040114590880909,
            -0.3452692238550581,
            0.1692805177662729,
            0.4321666877225017,
            -0.04805888975247048,
            0.648729245256913,
            0.07219488824082473,
            -0.22632935283353672,
            -0.5092826861266186,
            0.8805426545285447,
            0.07296548295242561,
            0.6455305237611336,
            -0.03599809134548202,
            -0.21675420713502677,
            0.7383448558997256,
            0.09277665407261886,
            0.5850549954990196,
            0.4561398740531679
        ],
        [
            0.37114631474695464,
            0.29909058200781563,
            -0.2147306574312499,
            0.03447787274222817,
