{
    "fast": [
        [
            1.2587253626477692,
            0.0197774304505171,
            0.20289862353348817,
            0.7369124934537383,
            -0.3780842072958145,
            -0.21027615805026806,
            -0.06456390385972331,
            0.26936197991202443,
            0.08809405514236782,
            -0.22259467682483827,
            0.11897273751798783,
            0.1788980223718081,
            0.6150847430543052,
            -0.08191084124041276,
            -0.052270471720896,
            0.2571089138431122,
            0.33470977624347753,
            -0.4503908458099681,
            0.389918443888282,
            0.5206278941319502,
            0.25431672965408864,
            -0.003956703364535079,
            -0.3620038717213981,
            0.41365245135865586,
            0.17657160357501275,
            -0.02601167269034825,
            0.028378082901722595,
            -0.08572385039464754,
            0.22741259638423036,
            0.4703377119956478,
            -0.04879126975543766,
            0.27055585891744155,
            0.008435684580998333,
            0.031578487141639446,
            -0.36154773152996134,
            0.22224073226074642,
            -0.27545405406238427,
            -0.1529294436532186,
            0.23607776124051522,
            -0.36047634819416124,
            0.2931569388169879,
            -0.13044180046325957,
            0.291135975707916,
            -0.03061804088387936,
            0.07926115888365974,
            0.6260516841067639,
            0.09583628876074227,
            0.021965735832726537,
            0.08299959172168865,
            0.0915122080965268,
            0.06924942804412267,
            -0.13877192360325238,
            -0.14444373848793604,
            0.3612728212902645,
            -0.1262652477440433,
            -0.0207323220081698,
            -0.29893391393921853,
            -0.05351468357869543,
            0.008906881666470098,
            0.7017115722810102,
            0.12374654447778477,
            0.14199617754641966,
            0.04420772090251566,
            -0.6939336389938202,
            0.1485469226607257,
            0.351882056893875,
            -0.26040579419531024,
            0.36713714431936345,
            -0.24456269343672282,
            -0.09536975099348083,
            0.03953555784688149,
            0.36269392907207765,
            -0.04622175436821149,
            -0.466822198763171,
            -0.5854209679807189,
            -0.2943004342669869,
            -0.04213060007470088,
            -0.204441566806874,
            0.289657933352121,
            -0.5346320746038732,
            0.2619059763001457,
            0.6532847386956968,
            0.1928407146457995,
            0.37036471412974786,
            -0.2059039529930752,
            -0.07364979096725927,
            0.04847227805818019,
            0.02049660066981801,
            1.0289227745863214,
            -0.5325140642368742,
            -0.16344411400037118,
            0.16845272236285505,
            0.19803272066043384,
            -0.08141546995312296,
            0.24643897018507144,
            0.20022259866186382,
            -0.13124936298461734,
            -0.000759551258806774,
            0.2015677241392896,
            0.1395263618908191
        ],
        [
            0.0197774304505171,
            1.33085898771547,
            -0.5984192904874929,
            -0.1800784991386726,
            0.18562786143768184,
            0.1839110064744202,
            -0.3780624245068983,
            -0.8660661660968567,
            -0.6362353317778678,
            -0.4527580816897309,
            -0.5628090763625395,
            -0.15143590021857212,
            -0.18548750804567607,
            0.25303028323557614,
            -0.1604733976217658,
            -0.42684861053837186,
            -0.61958752589534,
            0.47876451506340806,
            0.5433638523773203,
            0.644280682508479,
            -0.7339657372692755,
            -0.15606814886663165,
            0.6537798524760126,
            -0.06724862909057035,
            -0.6302818584799427,
            -0.3497860696014298,
            0.2712894524969541,
            -0.2074008773174485,
            0.583752737364684,
            0.02093365146835357,
            -0.4245779116798387,
            -0.20494666081244747,
            -0.7087065865723485,
            -0.46065713268926245,
            0.7521746019525856,
            -0.5133001631189485,
            -0.351606953117219,
            -0.6383034784763602,
            -0.34942005211336075,
            -0.19019375008740494,
            0.7414013503877717,
            -0.5967759458695945,
            -0.5338214428171425,
            0.7542019790561617,
            -0.5301456220329238,
            0.07122439730491167,
            0.6048483015280901,
            -0.6764135301548374,
            -0.545289731450987,
            -0.039188670394414184,
            0.6111636119827016,
            -0.2839299975489902,
            -0.7285572255720009,
            -0.21395032910510445,
            0.2381146109185147,
            -0.2444433519997424,
            -0.15942925603898891,
            0.8458247791614419,
            -0.29254382771935555,
            0.2920455106828578,
            -0.288820611097949,
            -0.20893903456390497,
            -0.5531005032787082,
            0.6316769732077877,
            -0.6644445138578606,
            0.001704392891001451,
            -0.27232600430215964,
            0.39730399684532003,
            -0.4582753301020186,
            -0.16246159356562814,
            -0.32449036311220897,
            -0.3898490530557984,
            -0.20170046481842285,
            -0.13440168491136353,
            -0.12276584171765408,
            -0.17958238505502902,
            0.287682971542274,
            -0.3856966108736704,
            -0.6355539355023262,
            -0.2033657337831412,
            -0.7077389138893321,
            -0.19603992060000422,
            -0.6435458602666916,
            -0.404658418765284,
            -0.4269483670196289,
            0.4175543716675466,
            -0.5161900781786355,
            -0.09044263283338827,
            -0.5266232411085355,
            -0.15488176710404983,
            -0.6517397225150529,
            0.18653182091204606,
            -0.6744552251145997,
            -0.5496007131635231,
            -0.32410802824942847,
            0.22351221824203518,
            -0.5701506406730628,
            0.3692593451678166,
            -0.785999122307576,
            0.7415091269997575
        ],
        [
            0.20289862353348817,
            -0.5984192904874929,
            1.4378471189512556,
            0.5168192941532649,
            -0.1642741966946493,
            0.010571202046169364,
            0.18310974328853447,
            0.5750490013374213,
            0.20164989038444045,
            0.06899897498951552,
            0.5153147523832005,
            0.3065002340807768,
            0.005749115294149794,
            -0.520099180922118,
            0.1736083272988367,
            -0.12147925914927797,
            0.40523779674107774,
            -0.15751117886332283,
            -0.1918140937147803,
            -0.19511582806012942,
            0.6649918996985656,
            0.5222778807980961,
            -0.3872608662039298,
            0.4246197919886669,
            0.2043684374837201,
            0.2569804746909346,
            0.15699120642867284,
            0.6022195925927404,
            -0.16361542422621056,
            0.10886478001996525,
            0.12404797065063472,
            0.17193715638042636,
            0.6743532463501659,
            0.2969025515011284,
            -0.7770593915924547,
            0.5340953816427965,
            0.08152365333250385,
            0.7505856326843224,
            0.34876700471802186,
            0.544941627023803,
            -0.1261705708514694,
            0.5137848157103305,
            0.7976773078893121,
            -0.5485230053993204,
            0.803098241714738,
            -0.1649996505919748,
            -0.37646426110444203,
            0.8561264208482868,
            0.8507732958223548,
            0.07049641083762577,
            -0.13634347762498186,
            -0.24928308911365693,
            0.6393760440261631,
            0.6253461905289007,
            -0.22738592312951417,
            -0.0782803296332288,
            0.2301366409744785,
            -0.651890680496464,
            0.6707414048775222,
            -0.3520186348775825,
            0.3592580628991857,
            0.49821107816738713,
            0.37259377515781067,
            -0.6742091125833639,
            0.7186901734063889,
            0.08973092716549921,
            0.1915048100970818,
            0.1732391233303827,
            -0.019127682562677037,
            0.002326927089046317,
            0.2217148897719582,
            0.6021665027561993,
            0.24449371647611418,
            0.18784668726889045,
            -0.13094854105455256,
            -0.03139885671757407,
            -0.5159672085694684,
            0.30886187734710535,
            0.9210100735339887,
            0.2295383342866791,
            0.7497385425681484,
            0.05812554076470895,
            0.28513600535832523,
            0.5400829615236279,
            0.38141666018531023,
            -0.2064673926533774,
            0.5877605016908704,
            0.2137350237861498,
            0.17138659287890132,
            0.46681496634755354,
            0.422169303485894,
            0.039093942987934685,
            0.9959554886965594,
            0.21932591940898546,
            0.6950016611796214,
            -0.0725665353052874,
            0.428359405180799,
            -0.3017981031538715,
            0.5559632150417787,
            -0.46307735410983647
        ],
        [
            0.7369124934537383,
            -0.1800784991386726,
            0.5168192941532649,
            1.50122742734354,
            -0.4024614760057157,
            -0.3878299714717771,
            0.3602259453487728,
            0.5070608827595541,
            0.4278520058114541,
            -0.2827436035543372,
            0.08514139532112322,
            0.2686789171487817,
            0.35783462599291127,
            -0.3937080330333494,
            -0.15943094966197321,
            0.7241506067354091,
            0.2105139862248841,
            -0.6900036211796712,
            0.6457634681916857,
            0.012370831805812246,
            0.5333373275799025,
            -0.10666512730730277,
            -0.3995559651802426,
            0.7318458892100571,
            0.08830301911860522,
            -0.17662868341290427,
            0.30201248256357743,
            0.3633696588883448,
            0.2991080133874676,
            0.5029681058290106,
            0.3485511311660152,
            0.4701035875393216,
            0.04755063070413808,
            0.4233721481742453,
            -0.8277087867054906,
            0.7689218921786454,
            -0.36339355161661563,
            -0.02202100716622008,
            0.6167949766370298,
            -0.49625635842115806,
            0.4547207055605769,
            -0.16423541957049964,
            0.7850863098216211,
            -0.16226313845663,
            -0.07665927814106957,
            0.3859270796093153,
            0.2546452834927935,
            -0.07335702685424,
            0.02764368864575279,
            0.03762645646087347,
            0.16685435464115989,
            0.1789762783618327,
            -0.022828498234441146,
            0.6009450945879917,
            -0.2906173597344178,
            0.7032554615069327,
            -0.32173909053547456,
            -0.16675854799763493,
            0.4900274353327742,
            0.3843202354614233,
            0.5111066973343936,
            -0.051547895438146196,
            0.10423934056358454,
            -0.8857178815165122,
            0.11968351202108043,
            0.7671792893310845,
            -0.3363625332942617,
            0.3500083625949678,
            0.10185973258267175,
            0.03133407603495903,
            0.09081630672758409,
            0.6025425892567849,
            0.08577138153370535,
            -0.31511623797083854,
            -0.8574305655792219,
            -0.1938499918218885,
            -0.15914459031333733,
            -0.21994003266063808,
            0.30814009990331404,
            -0.39432181051768395,
            0.5336726715435721,
            0.5239494313597042,
            0.5558636495829206,
            0.37147152426446617,
            -0.18382622258246306,
            -0.07996826281461324,
            0.20163739692330598,
            0.20170327923350292,
            0.6448871820472808,
            -0.6263590432345963,
            -0.09448012057361256,
            0.6377854365872655,
            0.09376299492513157,
            -0.18661429468774565,
            0.5713809656264786,
            0.6023079884564385,
            -0.07900310262608738,
            -0.19210345247341287,
            0.45867939770170646,
            -0.1458777558132534
        ],
        [
            -0.3780842072958145,
            0.18562786143768184,
            -0.1642741966946493,
            -0.4024614760057157,
            0.31458667058697326,
            -0.046057883059922186,
            -0.08253503544452145,
            -0.1395968545977289,
            -0.10050449680692385,
            0.06882252485849288,
            -0.048009992758298405,
            0.03534441057894893,
            -0.4277614002307529,
            0.19381951093767646,
            -0.07117146181709465,
            -0.17787683809728524,
            -0.1815383401602077,
            0.3958478867840118,
            -0.04292049884197683,
            -0.0680780819688616,
            -0.10920621859046441,
            0.029966282594599113,
            0.23461318460143102,
            -0.39671360620245566,
            0.008715443174136684,
            -0.10681097370347618,
            0.15863546435712664,
            -0.2016215080015815,
            -0.05039217869604235,
            -0.11273140849135464,
            -0.05650871370786061,
            -0.13294683465028403,
            0.026346946051699464,
            -0.07609332286601829,
            0.3343049004421905,
            -0.03697237068406424,
            0.038057124192742035,
            -0.0014833332936454865,
            -0.14160006632681832,
            0.1601723785467643,
            -0.1864721898588972,
            -0.01915772336457369,
            -0.18466197094294304,
            -0.06313866229124053,
            -0.050994681495163535,
            -0.22306141493548096,
            -0.03474336451272011,
            0.013641103679804202,
            0.0006117310492369168,
            0.2252741902774499,
            -0.07271115969621249,
            0.01156728249633823,
            0.005934813829222622,
            -0.12522727801868005,
            0.2717120426472506,
            -0.10882078234566733,
            0.12441678628706075,
            0.23333445396058808,
            -0.14256375983615424,
            -0.321790543288897,
            0.032825036399026224,
            -0.15446802936583257,
            -0.09162257854100114,
            0.2610224576981953,
            -0.15069223077847443,
            -0.13187118390781888,
            0.12217993989372901,
            0.014704285095837053,
            -0.0009603670239711994,
            -0.03313868235168182,
            -0.16414751041703596,
            -0.18117551421725198,
            -0.08088407428880462,
            0.16195412735194492,
            0.4047787744306163,
            0.014559594444996674,
            0.05454420785873557,
            0.059864138744951646,
            -0.08390903873926785,
            0.20650334733022316,
            -0.07344469041722583,
            -0.058041857948910265,
            -0.17260592863729599,
            -0.07280668033642654,
            0.01887943423469558,
            0.1244399817816276,
            -0.18090530897086912,
            0.1960401080652241,
            -0.40494972996687834,
            0.030607636973768056,
            0.056975063106354785,
            -0.12826909920678833,
            -0.0774983978002119,
            -0.09884900926861388,
            -0.17800587324527115,
            -0.13755509343720335,
            -0.141492834070579,
            0.05638245471443395,
            -0.13508597433823932,
            0.12457605507940699
        ],
        [
            -0.21027615805026806,
            0.1839110064744202,
            0.010571202046169364,
            -0.3878299714717771,
            -0.046057883059922186,
            0.9938177981057787,
            -0.3947962488705593,
            -0.7570719979749728,
            -0.6275321695526898,
            -0.26271200630538216,
            -0.36769581140209107,
            -0.010158373584455411,
            0.05487849805623434,
            0.0255065798031895,
            0.5557276017001169,
            -0.6382884259923077,
            0.1402440743409624,
            0.12854590957350945,
            0.04389105046661909,
            -0.12970834688580224,
            -0.49899152775591304,
            0.30448212932658275,
            0.031491294886227386,
            -0.02468946385831447,
            -0.4831801843942062,
            0.23665003935645876,
            -0.5886435259708784,
            0.3060287923274674,
            -0.1203355918281613,
            -0.2194785813387052,
            -0.5730790102263814,
            -0.3386248548781923,
            -0.4987068224455358,
            -0.65093462280411,
            0.5083187245397712,
            -0.7060978139697202,
            -0.06511490361604559,
            -0.10947665208122825,
            -0.6642957652515227,
            0.4377690110379048,
            0.365846994087625,
            0.06482172228112906,
            -0.5223498827532466,
            0.7241147372988972,
            0.023971376645348035,
            0.11437317123413027,
            0.5554540579021052,
            -0.19390896364877083,
            -0.19813138383055598,
            -0.6255603879821174,
            0.29647443088544284,
            -0.4640680934442351,
            -0.30708918130166446,
            -0.44852032141583714,
            0.1528396050000409,
            -0.6941717505098883,
            0.31557466762514624,
            0.1414102760967526,
            0.4194830409864259,
            0.3143860699962598,
            -0.7213155821416991,
            0.6365603819958443,
            -0.7125507637480477,
            0.5907908857496543,
            0.1116192264770107,
            -0.654651028483573,
            0.4254887897083121,
            -0.4243841198362306,
            -0.406191528529433,
            0.03889372206644596,
            -0.06311465260129331,
            -0.5614013331044043,
            0.13069686315230583,
            0.34729468312680056,
            0.08761711217111094,
            0.36425487678489243,
            0.043757255463425446,
            -0.1072544769600084,
            -0.2570614699627394,
            0.11205495734476416,
            -0.7452628234543593,
            -0.7552404621414539,
            -0.7589142612161401,
            -0.5385485891272408,
            0.3542381143114843,
            0.10199990201102628,
            0.06785747076565986,
            -0.7219652913084822,
            -0.4966765557565018,
            0.305864296871047,
            -0.39212801421298754,
            -0.0867412062881229,
            -0.17971034134794173,
            0.2781602017240047,
            -0.2135031427400187,
            0.17247465218052305,
            0.05516834257895627,
            0.19722063233688497,
            -0.2804279264931757,
            -0.2358592289548477
        ],
        [
            -0.06456390385972331,
            -0.3780624245068983,
            0.18310974328853447,
            0.3602259453487728,
            -0.08253503544452145,
            -0.3947962488705593,
            0.45433393743048084,
            0.5194420991797467,
            0.5021219338186699,
            0.333894813055739,
            0.20628678419478572,
            0.03144664701674089,
            0.12322076721417304,
            -0.053480012734783436,
            -0.16536783432803942,
            0.536655870508752,
            0.15592708246605122,
            -0.27315721552306843,
            -0.058176792309826725,
            -0.25183528598492494,
            0.4404923789761818,
            -0.1770375705787599,
            -0.1630355608439303,
            0.20075278679971822,
            0.3876946460557357,
            0.03412762567497283,
            0.24462394001097307,
            0.10703294726979028,
            -0.03494682665650243,
            0.14505105256596248,
            0.4180529189565323,
            0.2372417603040641,
            0.3610342604629011,
            0.4408222257275497,
            -0.4522796420217195,
            0.5212819185561121,
            0.17961073443376224,
            0.2433104134985338,
            0.4999729864935904,
            -0.2801665751349563,
            -0.21098385620471863,
            0.07479029128932545,
            0.360491977713893,
            -0.45407050223402384,
            0.06672224088278442,
            -0.10514963643601821,
            -0.3943670253011266,
            0.2189776773739166,
            0.17448714568761256,
            0.18229352859764494,
            -0.13908555632890385,
            0.368435470615197,
            0.3041573743005732,
            0.3300662028589349,
            -0.1154002242045662,
            0.48767151162213923,
            -0.30524890798399096,
            -0.2813818818908283,
            0.08327563970774639,
            -0.26589523244466595,
            0.4946316931810536,
            -0.25034651779461403,
            0.5080480633932722,
            -0.34561938870545705,
            0.13053424131125826,
            0.3959522151885013,
            -0.1632641757660586,
            0.16499705382169874,
            0.46239616577503,
            0.12382065993622877,
            0.1523279751728105,
            0.3661138407390124,
            0.027127387152737603,
            -0.14398828679341527,
            -0.046379220761467395,
            -0.16533502825483967,
            -0.013786005931495777,
            0.1488414226371318,
            0.1857825877406296,
            -0.0111229549703727,
            0.4837490585566219,
            0.18248025338166743,
            0.6489441546701522,
            0.32008425256692496,
            -0.07848029758580388,
            -0.056456632946882426,
            0.167123382946694,
            0.38294184308224505,
            0.12749381320615052,
            0.03211231492399571,
            0.3929012513423768,
            0.12549259500286164,
            0.09638945265506087,
            0.09595201815272457,
            0.16197588602417565,
            -0.09707627550522342,
            0.08906635011302877,
            -0.20958387085569866,
            0.3504108964483897,
            -0.07203821921083083
        ],
        [
            0.26936197991202443,
            -0.8660661660968567,
            0.5750490013374213,
            0.5070608827595541,
            -0.1395968545977289,
            -0.7570719979749728,
            0.5194420991797467,
            1.2569136743487406,
            0.9241133562930629,
            0.6228693842330684,
            0.700498465345153,
            0.14888583369304917,
            0.21350209112815222,
            -0.325501770967206,
            -0.2733422732820653,
            0.7382806303949982,
            0.16111803720124118,
            -0.43063133613944643,
            -0.03854528229942715,
            -0.1899466778751493,
            1.0902560288686176,
            -0.006436454154067433,
            -0.6278325631871274,
            0.27014207126655776,
            0.9596262440620207,
            0.036092537054692043,
            0.5155312232220596,
            0.11988532296680622,
            -0.23768802883823187,
            0.271033950196613,
            0.6120688897078879,
            0.41336299067879767,
            0.8879955152230491,
            0.8431597345840366,
            -0.9169715726225202,
            1.0374560797987304,
            0.2791909711999512,
            0.7094040486468239,
            0.8403965033674898,
            -0.3513372609966001,
            -0.6469600561819713,
            0.42929552200483745,
            0.9497404768829976,
            -0.9747165645858825,
            0.5069782236199151,
            -0.1023087111249106,
            -0.6577233153685982,
            0.7784516037536059,
            0.6889368980248932,
            0.5119493803035273,
            -0.3871100745218679,
            0.41494283933296044,
            0.7457749237094596,
            0.6781269411635729,
            -0.43349520951393483,
            0.8005776522043164,
            -0.2922485323004167,
            -0.5306815203025265,
            0.13881077541693335,
            -0.33528088131874206,
            0.944695924110038,
            -0.22990903615932617,
            0.930532404815814,
            -1.025893131800238,
            0.4984085250912207,
            0.5647566079600458,
            -0.3194753279535605,
            0.18849970288946408,
            0.5629274176610072,
            0.15108385054236512,
            0.3765580457041821,
            0.8410656380758122,
            0.1693438466846398,
            -0.18760344751296537,
            -0.10641212336442953,
            -0.3390297245499391,
            -0.3492731848607785,
            0.31235138951174185,
            0.8791914613537826,
            0.05224693582074375,
            1.198468539224623,
            0.7823234239294193,
            1.023063268400745,
            0.9311040542875242,
            0.08383518783021827,
            -0.18869473176440624,
            0.2923100722581038,
            0.732316870320857,
            0.6971153322610262,
            0.19096726425556193,
            0.8085372826164958,
            0.10894992379244038,
            0.7475291709547216,
            0.08129059822849903,
            0.3851845021845449,
            -0.12770689561149107,
            0.22951318461815817,
            -0.42311674696469337,
            0.8480204008499312,
            -0.15089268565107253
        ],
        [
            0.08809405514236782,
            -0.6362353317778678,
            0.20164989038444045,
            0.4278520058114541,
            -0.10050449680692385,
            -0.6275321695526898,
            0.5021219338186699,
            0.9241133562930629,
            1.0396138191253101,
            0.3385075761552467,
            0.2692698584466664,
            0.1622801323640308,
            0.3909720406758053,
            -0.204560709729106,
            -0.43770201421321525,
            0.8380135508731967,
            -0.035816495121040244,
            -0.538780919237762,
            -0.012853035553224269,
            -0.07280496357937659,
            0.6607391881275517,
            -0.4844778710151765,
            -0.5604162206294103,
            0.1692122081209996,
            0.7470060236638545,
            0.20208983012648027,
            0.6459527101032487,
            0.0038629485097947,
            -0.11586954898613003,
            0.20635539111195997,
            0.5975505135235673,
            0.31474678359357616,
            0.5335844943515348,
            0.7466532493159157,
            -0.7132824588371117,
            0.8796402300528665,
            0.15814334938024857,
            0.3326780253797506,
            0.7240628525492931,
            -0.4380388228759842,
            -0.5599861410356185,
            0.17697303253980487,
            0.5831678672853743,
            -0.6926888148187027,
            0.0724646357701061,
            -0.08614481934692901,
            -0.39532148363913827,
            0.2852254140481786,
            0.06362324202358219,
            0.32742035319929536,
            -0.22748785032013244,
            0.5384375415146271,
            0.2713423029305346,
            0.4518992831176683,
            -0.43914912556053887,
            0.9020262465226748,
            -0.1884572137221979,
            -0.27278848827631663,
            0.08810566501712436,
            -0.13975775132548293,
            0.8833462107750564,
            -0.29222481901718084,
            0.8070110997787612,
            -0.7842855281766806,
            0.38853352305250377,
            0.7583374031178418,
            -0.41973570607582417,
            -0.19459585752559472,
            0.7471042174527889,
            0.24894193820010319,
            0.22148974042579866,
            0.6652882126809309,
            0.016799828820456688,
            -0.23272578026629126,
            -0.3235683651754022,
            -0.360527768378206,
            -0.24858490667985347,
            0.23599994617916192,
            0.2825485407767179,
            -0.1002945717506112,
            0.686399414919861,
            0.5548639810738549,
            1.00193342289534,
            0.4161670447288967,
            -0.1816417960350926,
            -0.05371204092330777,
            0.32271512509933115,
            0.6793784323122286,
            0.6108801756511768,
            -0.028011188658103914,
            0.5971941842900966,
            0.18197304821407365,
            0.47325812071895373,
            0.28382525263124225,
            0.30723106964398256,
            0.03577905732084729,
            0.12714671792680493,
            -0.27137714501712185,
            0.756655486762764,
            -0.11499441289257592
        ],
        [
            -0.22259467682483827,
            -0.4527580816897309,
            0.06899897498951552,
            -0.2827436035543372,
            0.06882252485849288,
            -0.26271200630538216,
            0.333894813055739,
            0.6228693842330684,
            0.3385075761552467,
            1.2618804909465442,
            0.4602957697479281,
            -0.016706115088552673,
            -0.11687002735630492,
            0.13042264943280446,
            0.16045287723793364,
            0.17958869533897268,
            0.20062493799675057,
            0.07106219962266412,
            -0.3753212488913097,
            -0.3642859360438871,
            0.5779431641413254,
            0.1484220698763597,
            -0.462555367865736,
            -0.3064646993281226,
            0.9209600560262683,
            0.24501351904155483,
            0.37871798723966305,
            0.06079831900189635,
            -0.3507201451358629,
            0.07590819138037513,
            0.1540049486996966,
            0.13080287895401219,
            0.6354723818895743,
            0.2597713676209912,
            -0.006052299120235354,
            0.41488806167680264,
            0.8749955361627704,
            0.48230172372642305,
            0.34323711191189865,
            -0.3221830214101155,
            -0.705069258467639,
            0.19453104013849032,
            0.31478890828998163,
            -0.6526462414436401,
            0.4406112910445286,
            -0.22652345139556995,
            -0.768837445507182,
            0.7611765415335426,
            0.7249610540733138,
            0.3454385734763242,
            -0.2233675433667255,
            0.2628442690753985,
            0.8341837941799782,
            0.28119740301574486,
            0.2918173318703829,
            0.2842250669207624,
            -0.4284813762625719,
            -0.33380120989104267,
            0.18373250335054117,
            -0.5383749550359439,
            0.4354003546808543,
            -0.14765367171583804,
            0.39388255159808144,
            -0.12630320136292195,
            0.340420605320729,
            -0.2170463178260835,
            -0.1742801611831156,
            0.29295019084737794,
            0.39905946187463925,
            -0.08231874226636653,
            0.29603338502882054,
            0.16188353662814642,
            0.02355217917458855,
            -0.2187869040854658,
            0.7434701411110504,
            -0.3034371718496427,
            -0.09064277032741032,
            0.32993088864936243,
            0.5114533400527672,
            0.19683501807635503,
            0.6504268072467524,
            0.2757346845652578,
            0.5120748305120307,
            0.6870843548837331,
            0.1297976599932052,
            -0.0531908563034732,
            0.13237199591469512,
            0.6241432851130576,
            -0.19652798169415336,
            0.7348752106474952,
            0.98115993159503,
            -0.18526322635069362,
            0.11998480357988317,
            0.12426285412852228,
            -0.23654579094091815,
            -0.7246286269656759,
            0.3475395547688811,
            -0.185753230003284,
            0.4457396155526259,
            -0.014994198839385795
        ],
        [
            0.11897273751798783,
            -0.5628090763625395,
            0.5153147523832005,
            0.08514139532112322,
            -0.048009992758298405,
            -0.36769581140209107,
            0.20628678419478572,
            0.700498465345153,
            0.2692698584466664,
            0.4602957697479281,
            0.6766047876099186,
            -0.025283905582821488,
            -0.14484291169904914,
            -0.2755319994679026,
            -0.01854501275645701,
            0.08389149208174503,
            0.21467848682045856,
            -0.08169171227157872,
            -0.2558385499937197,
            -0.17394657031198088,
            0.710500802478059,
            0.4129250729939308,
            -0.27937880908292395,
            0.09410843986677926,
            0.5061110233408377,
            -0.05579640592118011,
            -0.014266668351522243,
            0.22357616634289326,
            -0.2547018717134105,
            0.040405232316563684,
            0.22929239651846173,
            0.22302082758208502,
            0.6482054103543553,
            0.3553877434315452,
            -0.588302685297954,
            0.41406632828813655,
            0.27166346615998804,
            0.6710620606955766,
            0.32534795088123847,
            0.025583051752075647,
            -0.44219928925395835,
            0.41827637473518536,
            0.5808834022087257,
            -0.6168042430479166,
            0.5925512930059001,
            -0.16568973923218167,
            -0.6251175088170161,
            0.7067423012185761,
            0.7642772210554482,
            0.3121394665547112,
            -0.35489069686416014,
            -0.010975351723246072,
            0.661419816881126,
            0.4216888517592435,
            -0.15692113500104854,
            0.16880844325440966,
            -0.08242176873500442,
            -0.48314475011431923,
            -0.013402910672033466,
            -0.3799799573842251,
            0.31533437055685576,
            0.1607672980995304,
            0.49093162410073177,
            -0.5742517777452482,
            0.3779889958182916,
            0.0060806201012196266,
            0.06916804526222697,
            0.33904488313185444,
            0.03469983853778024,
            -0.06333875895898583,
            0.25332582771663814,
            0.41442253026427933,
            0.21033351706565384,
            -0.08690731037855465,
            0.21756629062509844,
            -0.13103476672436443,
            -0.2717013596947188,
            0.20841246614296868,
            0.813210012369011,
            0.1720631008788537,
            0.8346585966615472,
            0.4494649300579291,
            0.38312891840389846,
            0.7139003076565171,
            0.2472911540257002,
            -0.2753460602518978,
            0.08553134888606034,
            0.16291973969746024,
            0.3377638515155023,
            0.23830805065808458,
            0.4893881560964499,
            -0.1653015017316538,
            0.651890249547227,
            -0.09396099483070454,
            0.3468998234818032,
            -0.2573584768473467,
            0.3045225835689968,
            -0.2600444176056324,
            0.31492007877272865,
            -0.19114138987634702
        ],
        [
            0.1788980223718081,
            -0.15143590021857212,
            0.3065002340807768,
            0.2686789171487817,
            0.03534441057894893,
            -0.010158373584455411,
            0.03144664701674089,
            0.14888583369304917,
            0.1622801323640308,
            -0.016706115088552673,
            -0.025283905582821488,
            0.40028468889647667,
            0.0037783661408787223,
            0.04162536480811124,
            0.04946944562536069,
            0.1379201862760205,
            0.19812583162609596,
            0.018926031003027553,
            0.10341110254989598,
            -0.10891441075695225,
            0.2018402358000108,
            0.03521191445474569,
            -0.2163727537769174,
            -0.02281891466928202,
            0.198059987355053,
            0.10808116203141177,
            0.22493058352897696,
            -0.031046552224746365,
            -0.06455902615553245,
            0.1917818086288386,
            -0.02206703699915765,
            0.022468366647461,
            0.14636798633288223,
            0.056539374908266465,
            -0.06272890341120708,
            0.35909860624643386,
            -0.05107305237485339,
            0.031912605670638264,
            0.1354243425698808,
            0.08478046015680443,
            -0.1405243525588418,
            0.030712009643837437,
            0.1727877677084421,
            -0.17245394846665302,
            0.0911506103762605,
            0.13726348254118076,
            0.08502728760703855,
            0.12451558057103444,
            0.09432513271685156,
            0.20539919237243867,
            -0.030993938684188097,
            0.042901951994809034,
            0.036748369754736866,
            0.18939376207018427,
            0.1655536926775547,
            -0.11464667545201815,
            0.15117357623912153,
            -0.058599204221512775,
            0.3810722188592741,
            -0.04307231443065573,
            0.2605747844232606,
            0.0005312457125807886,
            -0.034266533637627376,
            -0.3233535276599254,
            0.13809136242228057,
            0.14506173878910916,
            0.10013876803899266,
            -0.03728259215899219,
            0.09760480438501806,
            0.03652109948810792,
            -0.1260024001329959,
            0.08808473478496703,
            0.03250050841748878,
            0.12140849200552252,
            -0.0254637940197987,
            -0.0475952086032896,
            -0.1957712052107599,
            0.05979816241237236,
            0.1742036681486337,
            0.016764861629025664,
            0.11188515573476254,
            0.17729873556127315,
            0.10660168965432865,
            0.10119990024060109,
            0.1122523017387705,
            0.04956767555157194,
            0.150160947023323,
            0.32374964748341956,
            -0.01873140549871046,
            -0.07906457695775991,
            0.14013124000299407,
            0.15599645877144355,
            0.1477184902663455,
            0.10300309885421348,
            0.1319479378841834,
            0.08158957365076865,
            -0.10205962089721211,
            -0.07470106627971128,
            0.3742051930203912,
            -0.2530230357638157
        ],
        [
            0.6150847430543052,
            -0.18548750804567607,
            0.005749115294149794,
            0.35783462599291127,
            -0.4277614002307529,
            0.05487849805623434,
