{
    "pos": [
        [
            0.7275026795653444,
            0.5422951455538947,
            -0.2537798919122089,
            0.11699971870654417,
            -0.28042872394364793,
            0.664711747008373,
            -0.16547548651840843,
            0.04555707926733144,
            0.07720011984505643,
            0.4198992337645241,
            0.18964567293816612,
            0.5736347071320812,
            0.44355390050386495,
            0.27026646008209193,
            0.015778785974562698,
            0.5572762831605352,
            -0.06307599151895474,
            0.44939963624394985,
            0.7013684215361136,
            0.36763736178565365,
            0.07955454326463418,
            0.43798744387340727,
            -0.37332280801257706,
            0.5961403219951525,
            0.2703886705186159,
            -0.010345144848994134,
            0.1290618482039352,
            -0.05212345094475888,
            -0.2230155725464452,
            0.4662097392238719,
            0.21159934516472795,
            0.08615058912202969,
            -0.03188063065722868,
            0.5690652501682091,
            0.4507586976748556,
            0.6667957767394794,
            -0.23440451333418197,
            -0.3820450225357652,
            -0.0711553898455027,
            0.27842251908804405,
            -0.4121690000484313,
            -0.09195045902352346,
            -0.4223838093460019,
            -0.36244523581536386,
            0.3978852292164456,
            -0.052272806961973464,
            0.18466539734981058,
            0.47849655084041187,
            0.5040997905797375,
            0.3087656055716394,
            0.119913276566147,
            0.3219899492793548,
            0.5148590368919289,
            0.7156534287181421,
            -0.32957119094302556,
            0.3980970061673109,
            0.5312545829557358,
            0.0068537669432259165,
            -0.08744355249787779,
            -0.03638184476352897,
            0.14530469768125276,
            0.5370589876249242,
            0.05897893952580008,
            0.6185074864451293,
            0.02569244528944365,
            0.052448416911144886,
            0.647960413773857,
            0.3268285273877122,
            0.3843518529036679,
            0.6816954516944378,
            0.6226841965603667,
            0.01891730585963947,
            -0.35142239322609053,
            -0.5188479491107916,
            -0.2738193385697154,
            0.464194128326732,
            -0.18278625027886844,
            -0.20975256813265902,
            0.224149038988894,
            0.23094957866368926,
            0.6054406467525348,
            0.16352081477110372,
            0.5883334803810523,
            0.07651521332525726,
            0.5832675607623056,
            -0.2378078634719046,
            0.1543571112852677,
            0.3193869915569417,
            -0.06539439651870749,
            -0.25196832002383784,
            0.17611113264160236,
            0.6377418482879739,
            0.19620203402438222,
            0.2504058929079917,
            0.3709638529757099,
            0.3378186067199049,
            0.2065426527169816,
            0.5763530523307261,
            0.6466441852931157,
            0.6500718997465782
        ],
        [
            0.5422951455538947,
            0.7653713331739244,
            0.04585502357745753,
            0.12740202936161316,
            -0.12576488464198632,
            0.5360491378067705,
            0.012204351691240928,
            0.03415098533147245,
            0.4565187813711728,
            0.3296862731634871,
            0.26335948999912817,
            0.44863518132920055,
            0.4305316689222887,
            0.15810576178452204,
            -0.06801388173131592,
            0.3520977205943408,
            -0.08206962847155418,
            0.3150249325230689,
            0.7649794410402152,
            0.43371766592130484,
            -0.12052199688583888,
            0.27180059297448267,
            -0.4558151664794622,
            0.3525155216173054,
            0.042061404976011296,
            0.21955840847051097,
            0.03643654460178034,
            -0.2604771928992261,
            -0.03001453535495789,
            0.24292918589551132,
            0.13071517196514945,
            0.047924492385166134,
            -0.28310968181706864,
            0.5046533691253275,
            0.5042106690415261,
            0.564825581742702,
            0.049705154590745926,
            -0.36474525463115703,
            -0.0262274558340069,
            0.0352717588495189,
            -0.11593442856264137,
            -0.131509398430206,
            -0.31113268332665145,
            -0.2757561635746316,
            0.3280052166092179,
            0.1010767854312295,
            0.27824583914227446,
            0.3931948442862228,
            0.2417497892511206,
            0.32571746395604473,
            0.10040711871742328,
            0.36098879390429767,
            0.42381400608514747,
            0.5709476527504859,
            -0.3590260829674848,
            0.2902239521877107,
            0.3516658242981386,
            0.040485013654821704,
            -0.10773902718152535,
            0.06384625807716016,
            0.14655723498355852,
            0.40684454612276527,
            0.047421183780788835,
            0.40401235440291716,
            -0.03517560427323181,
            -0.018524522740588585,
            0.6231490267909382,
            0.0694872825823056,
            0.39805281372780593,
            0.5345660666634807,
            0.5479417985324194,
            -0.18808515507721146,
            -0.35852569107154764,
            -0.4794596940596722,
            -0.1891034796002021,
            0.3458556532610427,
            0.001081172323380835,
            -0.12667176847381384,
            0.3337990469624522,
            0.0992952328980529,
            0.5468062236970949,
            0.15242042719700402,
            0.4517156223700556,
            0.1974065560676873,
            0.48857420363939635,
            -0.18934605677992283,
            0.31632066747913634,
            0.2876256169947502,
            -0.034444428864441004,
            -0.11904057433958244,
            0.23920228423380593,
            0.2980019507925209,
            0.13687269242079164,
            0.29174458478663434,
            0.22481602998782016,
            0.31480493557390704,
            0.39471541274846256,
            0.3112129529653186,
            0.4572911879977412,
            0.43259399904331625
        ],
        [
            -0.2537798919122089,
            0.04585502357745753,
            1.3586088073237834,
            -0.06626241963632076,
            0.16890850810078958,
            -0.3135709436904307,
            0.2537651148633228,
            0.5010349740699561,
            0.4093560292877019,
            -0.04831270461544041,
            0.5498062473466423,
            -0.38542506489578443,
            -0.12162354545810482,
            0.32912478425107855,
            -0.023291662417136965,
            -0.5372709086465155,
            -0.14172701064052481,
            -0.6832893976584764,
            0.5671117622304072,
            -0.29578159966075934,
            -0.28207334633650233,
            0.010544950886754193,
            0.7028030613411865,
            -0.4737162155329766,
            0.14227178557224315,
            0.5536585358266782,
            0.042343342945184256,
            0.2671902826281288,
            0.42730649435774454,
            0.0979841413379289,
            0.16820220679591347,
            -0.17241822921891958,
            0.313825941652228,
            0.18067034484514127,
            0.058339750257182035,
            -0.13905274234872775,
            0.7221272620011656,
            0.5081620128190616,
            0.21321095050248656,
            0.13198571039420015,
            0.4080065830823818,
            -0.11318518745173844,
            0.27672644787014133,
            0.1973795213351424,
            -0.03068403518866791,
            0.5681418451258765,
            0.32057026456184373,
            -0.1887026355483477,
            -0.3490303052552662,
            -0.02347881214753525,
            -0.09047454177845006,
            -0.017771979686228654,
            -0.24092066264187115,
            -0.25345185359508654,
            0.07008054602601974,
            0.016020820555604533,
            -0.1876321558011489,
            -0.0605385227251308,
            -0.004993073350720566,
            0.18287522671012432,
            -0.014505231563110565,
            -0.4572548088020137,
            -0.17425864732209287,
            -0.6095169857032171,
            -0.0011725089586882137,
            -0.025355367055714288,
            -0.07526888960402385,
            -0.1556150360670031,
            0.08269026220936107,
            -0.3132283080637063,
            0.2287114356272627,
            -0.3062661994801486,
            0.3356320252188239,
            0.04597848621504467,
            0.10412409493300885,
            -0.45736713101702,
            0.20153387990888658,
            0.15073896930496797,
            -0.35343375843485525,
            0.05141265417508965,
            -0.1302405644248143,
            -0.003629595148421007,
            -0.335752248263429,
            0.3480692578897944,
            -0.0864151308487819,
            0.0961229286274636,
            0.22306945730873232,
            0.4387904101280083,
            0.4075137038081336,
            0.22137459976610263,
            -0.386107264959505,
            -0.8054050420503772,
            -0.17072158740420953,
            0.2840096935311417,
            -0.2654359812998499,
            0.15468443424301456,
            0.4241684347993695,
            -0.336729362886391,
            -0.4857380760234251,
            -0.3650594270030622
        ],
        [
            0.11699971870654417,
            0.12740202936161316,
            -0.06626241963632076,
            0.6112400439184211,
            -0.2823921414080948,
            0.12876073207302374,
            -0.02438961507491212,
            -0.04450777741433375,
            0.13358552760310444,
            -0.06467133195292767,
            0.4101585019555067,
            0.09905418582143577,
            0.24114421231388974,
            -0.295348379406012,
            -0.21633327334215594,
            0.21768071793134208,
            -0.22590223447377,
            0.15909378768523064,
            0.12551172653011133,
            0.25710002975228097,
            0.15033194033106947,
            -0.3385316045955571,
            -0.2963792929070265,
            0.3018622200806088,
            -0.2514967781498952,
            -0.13044090565761282,
            -0.20559313645978503,
            -0.37840604947933,
            -0.10676757143957823,
            0.24501518817811832,
            -0.09752952704842002,
            0.2148467493070669,
            -0.3517732533574916,
            0.11651921606564326,
            0.12149108880801712,
            0.14525520317127782,
            -0.125923524158427,
            -0.389790509239893,
            -0.1876448141078371,
            -0.20157629128124718,
            -0.23212504561056643,
            0.19778843596787135,
            -0.21734762769473664,
            0.14034834613830305,
            0.08006625433092769,
            -0.12430173429765995,
            0.10839670214793704,
            0.08505368082513635,
            -0.040142254007884653,
            -0.18540509571910715,
            -0.00887671450636298,
            0.1507435609823463,
            0.08714315911518222,
            0.19302109980784152,
            0.0889248321628611,
            -0.1727336605679782,
            -0.06023932159461112,
            -0.2210991381078794,
            -0.06646370943972653,
            -0.297773616420054,
            0.019998046599953415,
            0.22363680099912803,
            0.057006353107840115,
            0.3548786201490751,
            0.12631629359395352,
            0.1476994202033152,
            0.09046900201969436,
            -0.2876092407178285,
            0.08097105033272292,
            0.2151292053237815,
            -0.06320200270070238,
            0.25272757956958164,
            -0.06858284202513605,
            -0.09178866575089523,
            0.0432149799657229,
            0.039415690279149936,
            0.14308483151657636,
            -0.26291592559384613,
            0.3160250694480158,
            0.08967703534428166,
            0.08317408916877998,
            0.07031509194623603,
            0.22682357025044206,
            0.05750925849556778,
            0.04897441105291932,
            0.22879342134939815,
            -0.024648408514253286,
            -0.31626134963106217,
            -0.22648890307210592,
            -0.013579120984379441,
            0.33079205297431485,
            0.07228935935612643,
            -0.13107534074461344,
            -0.3040034424925635,
            -0.2377369775075383,
            0.38748251692250407,
            0.1380482132173642,
            0.050415855011735004,
            0.12251210981555179,
            0.2604677180006528
        ],
        [
            -0.28042872394364793,
            -0.12576488464198632,
            0.16890850810078958,
            -0.2823921414080948,
            0.5507935987591037,
            -0.2508143613629746,
            0.16299246691476751,
            0.2244966048750992,
            -0.14258817274816218,
            -0.19660232396540342,
            -0.1242293673234225,
            -0.1846386282073173,
            -0.29662540570831375,
            -0.07777760800069257,
            0.04437090433688482,
            -0.2762515990561094,
            -0.021092306421253152,
            -0.11486139670785254,
            -0.30358115821241394,
            -0.2638015543296037,
            0.01601380102410337,
            0.08119809273684714,
            0.507091977672497,
            -0.3371074001442013,
            -0.2826891922514345,
            0.15094794326531524,
            -0.018285392428690875,
            0.30996183124422555,
            0.15090183127457457,
            -0.5290616552533649,
            -0.046741835364357415,
            -0.17427597540326845,
            0.30056126294839536,
            -0.2449137732262457,
            -0.17196090834066524,
            -0.27103649682626724,
            0.17996986964932282,
            0.28261029616240624,
            0.12420973567236107,
            -0.015685831281836277,
            0.4961226561257697,
            -0.11642007690988869,
            0.23900759071158512,
            0.13418611800141675,
            -0.03267028122359731,
            -0.038325902559909315,
            -0.1324611159934649,
            -0.08277871968654095,
            -0.06334269021591164,
            0.012586183423101246,
            -0.14250124231848535,
            -0.23057882061058466,
            -0.17785566995182764,
            -0.2686352647648318,
            -0.08863618089024493,
            -0.0698746521614506,
            -0.16032258151379442,
            0.1944019102552287,
            0.038313887705342185,
            0.3649221062886796,
            -0.06404952075003469,
            -0.12834923458586892,
            -0.09412600836857524,
            -0.40254315108854577,
            -0.13373179752797984,
            -0.14845272229546772,
            -0.16291075063059615,
            0.03040147729286338,
            -0.06979850608909875,
            -0.358965454545401,
            -0.18653718326082683,
            -0.09056186662825325,
            0.2407618655727549,
            0.20186217964385564,
            -0.09712531628620458,
            -0.04942240234968844,
            -0.07168834141018932,
            0.2664456335841745,
            -0.2651847804474162,
            -0.3915714723645508,
            -0.2531572451032082,
            -0.13186423686565601,
            -0.3124629992696894,
            -0.10006060870043972,
            -0.22711349046395782,
            -0.010973607757358853,
            -0.01244502501184454,
            0.057599187022069065,
            0.025045731332917934,
            0.12230885211696318,
            -0.09859891183600446,
            -0.19242987181430532,
            0.03603690918946551,
            0.09790408514831044,
            0.05703875076782314,
            -0.20528461955607924,
            0.04575950297839601,
            -0.23839123666833645,
            -0.3328651157847166,
            -0.3124063108992534
        ],
        [
            0.664711747008373,
            0.5360491378067705,
            -0.3135709436904307,
            0.12876073207302374,
            -0.2508143613629746,
            0.9764277835330865,
            -0.041131608275371746,
            0.0064488985125026555,
            0.12835986547343298,
            0.48446179778844634,
            0.2032838407880094,
            0.5793764809198408,
            0.6951589941444669,
            0.3108494961846093,
            0.09112037290971373,
            0.5528295425131983,
            -0.1443809256960861,
            0.5594848613789312,
            0.7226120441837468,
            0.3791188818210975,
            0.0511821529589405,
            0.5152948732849446,
            -0.6242233592137122,
            0.6745460778496433,
            0.23618054884928324,
            0.1552724224773694,
            0.11918258355222555,
            -0.29960800527634557,
            -0.13748287240023735,
            0.4141572107715712,
            0.21181416421435895,
            -0.0038450271976224948,
            -0.3310387659240383,
            0.532425639340005,
            0.6302943561113019,
            0.7854903197588943,
            -0.12588506405645564,
            -0.4136204919869062,
            -0.0061395541219106484,
            0.15201271544018843,
            -0.40087216722482316,
            -0.12365429110337463,
            -0.4505364958079603,
            -0.3483261522551925,
            0.5545318460125669,
            -0.03319365060120472,
            0.2549381571298854,
            0.5010500439666439,
            0.42882370008390425,
            0.3939802683570814,
            0.038212371344506856,
            0.33252736383853715,
            0.664616819862447,
            0.7862196309328277,
            -0.256316996290074,
            0.36640085859307364,
            0.6364759723984095,
            -0.06771381546303112,
            -0.11599551586276768,
            -0.042034960423229725,
            0.2328231031573927,
            0.6796709189496488,
            0.15650454738338604,
            0.697363940333022,
            0.012248572207450344,
            0.03059739918266788,
            0.83918082734145,
            0.2328566289029287,
            0.48311673192505616,
            0.6851238048019431,
            0.8029380096951595,
            0.011456286650506839,
            -0.5726235228637768,
            -0.6556742050486676,
            -0.31741609234566637,
            0.5586348662637108,
            -0.055070591572157566,
            -0.06459950469565992,
            0.1523432776815694,
            0.12856642198123847,
            0.7044502955881223,
            0.1653797401920459,
            0.5417517742700709,
            0.20848112145102338,
            0.7388094556967318,
            -0.2684952768288057,
            0.3861589059328976,
            0.3821287531397891,
            -0.028128384681467666,
            -0.16067367487612763,
            0.0817143836421643,
            0.6894870207391142,
            0.2846953431957865,
            0.331132488955097,
            0.40259752148304245,
            0.19931933372986735,
            0.29745323011727104,
            0.5477254768686878,
            0.774981577659271,
            0.7508917642810354
        ],
        [
            -0.16547548651840843,
            0.012204351691240928,
            0.2537651148633228,
            -0.02438961507491212,
            0.16299246691476751,
            -0.041131608275371746,
            0.5524996827677106,
            -0.024927376783256693,
            0.4213432609812949,
            -0.19076566423332394,
            0.15207199188066894,
            -0.034349876062156295,
            0.11998191345722443,
            -0.41884388312079474,
            -0.21901974876078728,
            -0.07565551250136725,
            -0.11321102797025173,
            -0.13585965824517662,
            0.029863190281798485,
            0.059505669851255355,
            -0.2992191330841415,
            -0.11375294129589326,
            -0.08078852090575596,
            -0.07700234602173436,
            -0.281307700359592,
            -0.01602250055455314,
            -0.2810139700205962,
            -0.2544941883953959,
            0.12044705762819041,
            -0.0627035981056844,
            -0.11118965099581363,
            0.04966851298232643,
            -0.2398117845359243,
            -0.05172617063066903,
            -0.0069880905055165555,
            -0.15596714032640005,
            0.17114800086553,
            -0.09778352114397958,
            -0.02523683009898222,
            -0.2854292619437845,
            0.26021019812705015,
            -0.0877578437880549,
            0.07450616992548305,
            0.20893323280112114,
            0.0793606504267814,
            -0.1007999901470727,
            0.29815858602596956,
            -0.29740519249245007,
            -0.33218771567679356,
            -0.16894836260834337,
            0.0019784306795709375,
            0.05915321744450589,
            -0.1643914616902933,
            -0.19867734512887597,
            0.07977354806295686,
            -0.1670243788802711,
            -0.45766445452189225,
            -0.14275709466209446,
            0.0457672859008525,
            -0.024849364005998097,
            -0.2227878194154974,
            0.03208854560356722,
            0.026737049993850386,
            -0.1749116573029843,
            -0.1466840031940555,
            -0.16732091147677802,
            0.023283316814200438,
            -0.26142142045583955,
            0.026523373045727074,
            -0.10797876036608271,
            -0.05752105249367387,
            -0.19796523475013417,
            0.0014291717031915086,
            -0.015072265000824616,
            0.07092182346298645,
            -0.13561335094291047,
            0.12172636986965091,
            0.13660806446515425,
            -0.04700950483433949,
            -0.057110748056724905,
            -0.058614902454398425,
            -0.08158216359635312,
            -0.34852695424511604,
            0.14736504542149684,
            -0.19198380520287894,
            -0.18545712468413864,
            0.09746362915470227,
            -0.1299944153435536,
            -0.09315046096628635,
            0.010236045810791102,
            0.17618209714532512,
            -0.1843476851475346,
            -0.334591356686605,
            -0.09802617860042176,
            -0.2036726635272953,
            -0.09880565329665694,
            0.4477952919992302,
            -0.09955929038313224,
            -0.14437850482011047,
            -0.2568704054454606
        ],
        [
            0.04555707926733144,
            0.03415098533147245,
            0.5010349740699561,
            -0.04450777741433375,
            0.2244966048750992,
            0.0064488985125026555,
            -0.024927376783256693,
            1.1995141561113456,
            -0.3747995665258123,
            -0.015079328597037714,
            0.5491054531817823,
            -0.21163032585918676,
            -0.14965736205775648,
            -0.013747424174332161,
            -0.03345007428762802,
            -0.26796699747482733,
            -0.15109349329645494,
            -0.1471425077905461,
            0.15811329947425254,
            -0.4268717665691994,
            -0.01847200023168868,
            0.14511384531062285,
            1.4414870327507445,
            -0.2244466714302779,
            -0.27805235553883856,
            0.058939460068194685,
            -0.02501388968549227,
            0.9814067543224424,
            -0.12570043543887674,
            -0.1950522797730985,
            -0.2846669246796995,
            -0.25807399604557923,
            1.244952519046377,
            0.1480540888957565,
            -0.2174986977983756,
            -0.048407492336625016,
            0.03337493155427501,
            0.643443134946817,
            -0.12507967933224917,
            0.8435771157539383,
            0.19570690778051553,
            -0.11404623777311432,
            -0.054794879311263416,
            0.12793879187942925,
            0.0215211919803499,
            0.346335190593495,
            -0.0361483595099216,
            -0.09631527983766675,
            0.33200041463024904,
            -0.02323203949485972,
            -0.3662384369483925,
            -0.19502676507681574,
            0.028187756918709565,
            -0.03598550350963976,
            0.2965328671410134,
            -0.08738862527863656,
            -0.20827537830753534,
            0.28163159493598494,
            0.05972639848290345,
            0.19318379378968012,
            0.1908295905140754,
            -0.0746863736873625,
            -0.23299240233364013,
            -0.23468375020114512,
            -0.08489528917487364,
            -0.07833051710104774,
            -0.0637061640584958,
            0.08506523429497653,
            0.3056184857413303,
            -0.19173797671644482,
            0.056207672765319405,
            -0.051496450608167196,
            0.6395442383653787,
            0.2569328666368582,
            -0.23073434520627725,
            -0.12018106124908291,
            0.22277243108846154,
            -0.20317478759769805,
            -0.5037137687217924,
            -0.19496924726696022,
            -0.1381685440913844,
            -0.028476803819356508,
            -0.10504722216400686,
            0.026805386064681226,
            -0.0938318778052324,
            -0.11058806100233101,
            0.16821069201708383,
            -0.03387924014073891,
            -0.1564791818982697,
            0.29146654851357434,
            -0.12248692693871938,
            0.052005278048085496,
            -0.29399715735759707,
            -0.00014926972474286752,
            -0.03964541465689265,
            0.3422969343556761,
            0.40146470961456876,
            -0.05010967637060676,
            -0.12097761712680939,
            -0.20417918218451786
        ],
        [
            0.07720011984505643,
            0.4565187813711728,
            0.4093560292877019,
            0.13358552760310444,
            -0.14258817274816218,
            0.12835986547343298,
            0.4213432609812949,
            -0.3747995665258123,
            1.294615169566029,
            0.09928093885664453,
            0.6403278863004639,
            0.07607609841067302,
            0.43762862621569293,
            -0.052421609447518225,
            -0.27497931415695975,
            -0.00425830878239649,
            -0.15281638824279714,
            -0.16180113821000006,
            0.5096541573561225,
            0.35526036526730126,
            -0.5245496227090312,
            -0.11774527719471939,
            -0.7287414012997573,
            -0.04661308936378111,
            -0.11575324735807932,
            0.2487291959993198,
            -0.1685292168267078,
            -0.6944039437724646,
            0.25931467897300076,
            0.2155224491298631,
            -0.04126517697153843,
            0.20609379154405083,
            -0.7571928320691335,
            0.3120984096945592,
            0.4006951476502529,
            0.15917883479904973,
            0.3615453555745053,
            -0.3592174653050542,
            0.07391351534013998,
            -0.48566543128373524,
            0.10518812122745834,
            -0.08088450493457996,
            -0.08164554571656743,
            -0.06161297628601604,
            -0.07565687831158903,
            0.18951584533023325,
            0.6894434447221148,
            -0.06030905357965325,
            -0.3391996895961381,
            -0.063738078033931,
            0.20787233787168136,
            0.34413330124325237,
            0.009375654383812701,
            0.14065777806217036,
            -0.1493590668147283,
            0.035521745224746985,
            -0.1539649932052902,
            -0.2620462706828954,
            0.03820790484130186,
            0.11696323278049846,
            -0.1968007930921512,
            0.1346531937896691,
            -0.047202581209479524,
            -0.019998614313277676,
            -0.1863057321692001,
            -0.19252117566833069,
            0.20356205395043966,
            -0.4058177912812319,
            0.24400356491314626,
            0.16102696464485225,
            0.2727337180821693,
            -0.5494394114926677,
            -0.3491576068159602,
            -0.35465421941801195,
            0.17535015115128932,
            -0.09365788052197152,
            0.0958387939784923,
            -0.02240772947307232,
            0.05693637893594138,
            0.45385050142696004,
            0.323740226896692,
            0.007215264768962681,
            -0.06962213887847658,
            0.45154842165669073,
            0.21270072965763784,
            0.05294454483213071,
            0.5197063294123507,
            0.08095393614651897,
            0.05224517263687872,
            0.005257913669976292,
            0.13945079592708806,
            -0.32715336272034884,
            -0.21468045817311146,
            0.10098689765479014,
            -0.10560611845015826,
            0.00917120876419244,
            0.3748352799755086,
            0.022018549818371303,
            0.04851832311487332,
            -0.0017085610146490631
        ],
        [
            0.4198992337645241,
            0.3296862731634871,
            -0.04831270461544041,
            -0.06467133195292767,
            -0.19660232396540342,
            0.48446179778844634,
            -0.19076566423332394,
            -0.015079328597037714,
            0.09928093885664453,
            0.5075161019152633,
            0.030800857357259282,
            0.2207295110739896,
            0.3063216635945556,
            0.6366179889641337,
            0.26462308059715084,
            0.2538323699256345,
            -0.062201971408792106,
            0.15632062799406068,
            0.49242399684831556,
            0.06995944616475748,
            -0.016222599872230417,
            0.5833977619274638,
            -0.22071543593044635,
            0.29700444257189423,
            0.4748755571004277,
            0.23853449452617956,
            0.293723281926775,
            0.06232526676250702,
            -0.0604998137199552,
            0.16620289825460013,
            0.1283542422325267,
            -0.10101899849683203,
            0.03290925200172886,
            0.3753924190558087,
            0.3727164294997439,
            0.4913205008162649,
            -0.003657710535326852,
            -0.05057257900182331,
            0.058661246198249827,
            0.3344140638556898,
            -0.2656911120608094,
            -0.07841347282874077,
            -0.24108845263236056,
            -0.3249855366285655,
            0.178496216118741,
            0.13253411501126336,
            0.0015511049170754867,
            0.3770286861775391,
            0.3466175628855784,
            0.3629819282292552,
            0.023237252923646527,
            0.13619073380043614,
            0.35140101920198086,
            0.4739828079594905,
            -0.16828891388270023,
            0.46836234104548735,
            0.584471047429396,
            -0.04513840829843816,
            -0.033907157544293076,
            0.06570497574228461,
            0.19420616409223188,
            0.2155768863199522,
            -0.04430101286785277,
            0.30287238239520053,
            -0.014265141644483762,
            -0.00667790961735367,
            0.46870195016069555,
            0.3545926780657495,
            0.2109474041759289,
            0.36270362510753673,
            0.6024644417168993,
            -0.24785288305408987,
            -0.27559161619397365,
            -0.32001284343322867,
            -0.200144046005805,
            0.25560347851976684,
            -0.014282539816917553,
            -0.060528928687399015,
            0.06239675601798335,
            0.20089894315419077,
            0.49904052386442843,
            0.1035366850582811,
            0.35609028493700723,
            0.023044946213953196,
            0.515603271410635,
            -0.12167057108966535,
            0.3226763188749882,
            0.5383792846535355,
            0.19907129714377367,
            -0.11756485880361751,
            -0.00967653789911789,
            0.38884664530559165,
            0.3184503636157422,
            0.40203700635412826,
            0.3782883457311951,
            0.22082837288748056,
            -0.12322299590869486,
            0.3266460532154185,
            0.5482493144337786,
            0.41129623308392566
        ],
        [
            0.18964567293816612,
            0.26335948999912817,
            0.5498062473466423,
            0.4101585019555067,
            -0.1242293673234225,
            0.2032838407880094,
            0.15207199188066894,
            0.5491054531817823,
            0.6403278863004639,
            0.030800857357259282,
            1.9811566584814222,
            0.059528244523330755,
            0.2261797021575504,
            -0.029040817167225168,
            -0.35093900884040863,
            -0.2984142792315449,
            -0.352404184782965,
            -0.148326209208788,
            0.6579784568408885,
            -0.14579903528289076,
            -0.1514983273131297,
            -0.3052664593732857,
            0.3489676879134035,
            -0.00558939034159481,
            -0.4753520515137128,
            0.09951939589294861,
            -0.09014126256073567,
            0.12506878635575638,
            0.13379307056609327,
            0.2641887618498281,
            0.08140199444381745,
            0.10405101108045008,
            0.2049702776468025,
            0.36423493957060243,
            0.08357155820123588,
            0.11437267612206094,
            0.1928490572412105,
            0.09015872608819728,
            0.09515604376058834,
            0.1655950774552429,
            0.14301438350549373,
            0.2133797355136526,
            -0.027309496118941262,
            -0.20012368767776675,
            0.007905054262608997,
            0.16731804413226833,
            0.8608893590316312,
            0.07249891445563718,
            0.058441664848360005,
            -0.2961255543122538,
            0.02019639798643673,
            0.35172286250322465,
            0.040255402764066195,
            0.16204412886881195,
            0.03361155229501449,
            -0.1864220379426768,
            -0.16634245630022038,
            -0.17924423693749839,
            0.17894666607298448,
            0.36905006617338987,
            -0.17767367854760238,
            0.4107236165994785,
            -0.025618764040935108,
            0.10877939218085875,
            0.011224013176530538,
            0.04083464239744305,
            0.05509946208288459,
            -0.19895569572188823,
            0.5310427872570729,
            0.07863186382955455,
            0.15775138268568575,
            -0.3789975829771248,
            0.06153736961553598,
            -0.2579869387115698,
            -0.014154680557693616,
            0.00742699244711981,
            0.23045488387257235,
            -0.2562935519908946,
            -0.33373961821847253,
            0.3782959206296099,
            0.02264888402850498,
            -0.05159674193874138,
            -0.1258834859858957,
            0.6897681166535887,
            0.1794561038168852,
            0.6632229111746294,
            0.7440716809262076,
            -0.253334485934557,
            -0.20838190757149508,
            0.40351991886211575,
            -0.24352443849239575,
            -0.38638251568031734,
            -0.28725176783002576,
            0.02056519756081501,
            -0.009168068641237082,
            0.5043349714496251,
            1.043493041898539,
            0.13116249751317122,
            -0.04646289983855703,
            0.10283317436141377
        ],
        [
            0.5736347071320812,
            0.44863518132920055,
            -0.38542506489578443,
            0.09905418582143577,
            -0.1846386282073173,
            0.5793764809198408,
            -0.034349876062156295,
            -0.21163032585918676,
            0.07607609841067302,
            0.2207295110739896,
            0.059528244523330755,
            0.952196738059032,
            0.4817663528358531,
            -0.18434244137029424,
            -0.17691387988916676,
            0.5021748453687215,
            0.2283940547503047,
            0.6460693954900915,
            0.47369804473891913,
            0.5067855696994049,
            0.11682557668785727,
            0.10450878931160006,
            -0.7307215950369848,
            0.5664034256670445,
            0.012423181151212695,
            -0.17327781824753344,
            -0.04620100779937664,
            -0.39056536083790916,
            -0.133550921130513,
            0.5750610267195275,
            0.3005821726979462,
            0.11012226882551626,
            -0.5571492882774464,
            0.3190943083458672,
            0.36931696018015564,
            0.43346766474007836,
            -0.32495427859366627,
            -0.7062597178269502,
            -0.013922699814962455,
            -0.16846279640522085,
            -0.3232447424740622,
            -0.15505267939537676,
            -0.2599032797293705,
            -0.37163432779332567,
            0.29782440894764844,
            -0.28892408022271987,
            0.17565687700507915,
            0.5695705089637384,
            0.32772530704239056,
            0.04039015061254309,
            0.46476343431012374,
            0.5206564879276832,
            0.29079233895347917,
            0.6211543820186785,
            -0.4162008267453124,
            0.11574832739507496,
            0.3660767588661971,
            0.2215052308636746,
            -0.12185089749060293,
            0.15523601137332466,
            0.10356065489705124,
            0.6714264439099342,
            0.17015455727877585,
            0.5888190596945779,
            0.07475903220475326,
            0.09016466850646652,
            0.5843888352248487,
            0.12446278024260782,
            0.19410925319040112,
            0.5562911137635536,
            0.2986677409158363,
            0.1065097721010866,
            -0.48140336423746344,
            -0.4291770690197468,
            -0.36972549621702433,
            0.7273813390336886,
            -0.21711587464269105,
            -0.062306774076346265,
            0.3947540637682028,
            0.31742818241912596,
            0.37924416590488,
            0.11624944872597189,
            0.3620684949165662,
            0.24886537192883015,
            0.3262422411127323,
            -0.11237394271690686,
            -0.00834041862163676,
            -0.007616053650631014,
            -0.2865877206267042,
            -0.32541937342134986,
            0.2047921837062935,
            0.38254857568914746,
            0.014887465108474844,
            0.18319673078834148,
            0.6759493144538916,
            0.2097817839201802,
            0.5146754435168684,
            0.5770941960812267,
            0.35864165540128085,
            0.6507677637295564
        ],
        [
