{
    "pos": [
        [
            0.8235837541029362,
            0.13457999520089567,
            0.049945607536419065,
            0.3799821983652967,
            -0.05927351301508258,
            0.3429715978261909,
            0.3040472824315843,
            -0.12945728287453118,
            0.4864153641436711,
            -0.13047060526168858,
            0.010508396891967395,
            -0.09271367927990866,
            0.2522803724119645,
            -0.14461877446959,
            0.0616187273135089,
            0.1846120783222729,
            0.33728992454549805,
            -0.20792575541454716,
            -0.06201154951551906,
            -0.28314661858369866,
            0.4832750391423229,
            0.22030394277781284,
            0.12072549907486887,
            0.22677515016255317,
            0.25202769532130365,
            -0.04302086281450072,
            0.3244531651738182,
            -0.16496110699670438,
            -0.15237177994770473,
            0.06355764689338525,
            0.38869267049793665,
            -0.1191718688474218,
            0.6294321066493535,
            0.3351503250075083,
            -0.06907528064290755,
            -0.02396302654882164,
            0.43529391383065863,
            0.30705331328597646,
            -0.001008067435867313,
            -0.466881320740168,
            0.08456910728088923,
            -0.06480181527227107,
            -0.12461884323147794,
            -0.019448315778572995,
            0.4356106240301504,
            0.3550681245132853,
            0.2449927386373487,
            -0.2683259906664739,
            -0.2261836589639922,
            0.1546160529914429,
            0.32758823609506965,
            -0.31841788745414606,
            0.15199452709446543,
            0.4855359212195932,
            0.08424221189187685,
            -0.3024527073593394,
            0.5524809845876044,
            -0.06780239659919887,
            -0.05950502044680984,
            0.2784183024745225,
            -0.13485455769192523,
            0.06254308726624802,
            0.33233108283250146,
            0.16002358608386166,
            0.25591774956670466,
            0.03492871594491432,
            -0.06512902270412366,
            0.25996907889548804,
            0.2109483208312687,
            0.17481167770779038,
            -0.1775882443103891,
            0.00828041127945781,
            -0.14201698736145146,
            0.19246135053565255,
            0.29223141038187395,
            0.04647144851705983,
            -0.26298777332064005,
            0.05606727936133571,
            0.30253696083602655,
            0.34028110474108353,
            0.6880126095185007,
            -0.18181944342009335,
            0.05583901935123944,
            -0.05170278526115737,
            0.29103339669148,
            0.4429781072873973,
            0.2961525188681062,
            0.43064821070172515,
            0.4453158729593295,
            0.13106791529885506,
            -0.30795264089472624,
            0.384786817085395,
            0.1615131571527949,
            0.2953193492290522,
            -0.14018978682689262,
            -0.21558269495186164,
            0.22915339366456244,
            0.400116712727165,
            0.3898532696116402,
            0.09523461622032993
        ],
        [
            0.13457999520089567,
            0.6209906428364181,
            0.13392729130309217,
            -0.16828202972877357,
            -0.09947530554966622,
            0.2779720450322147,
            -0.12037418655439477,
            -0.6086418431316387,
            0.3618512365187108,
            -0.18533910051125765,
            0.40431829436762634,
            0.6290997025281151,
            -0.09840096477023769,
            -0.12193622066330223,
            0.43277106058959264,
            0.38115482520887595,
            -0.33678219307571,
            -0.15618862854641788,
            0.087173376528446,
            -0.20183883460816376,
            -0.005777834314796171,
            0.3138452097582779,
            -0.11335783009356817,
            0.3436584825367664,
            0.6022020047963939,
            -0.07614190445036577,
            0.5734249552850864,
            0.3955101089304196,
            -0.24302308634870265,
            0.2821852819192889,
            0.3951372491853258,
            -0.34885700949269727,
            -0.014636143612523331,
            0.5535874038283306,
            0.16211608443567924,
            0.10501959057001417,
            0.1353909515007952,
            0.4451168054335007,
            0.40530466114264124,
            0.21136495153966578,
            0.5647229181043345,
            -0.12175137951317398,
            -0.01924885180824376,
            0.015929427031585335,
            0.26613693361635343,
            0.3660650049130408,
            0.3118335846875831,
            -0.26234594885278034,
            -0.36332356313582526,
            0.483659519526436,
            0.5450722872551945,
            -0.18915447420992793,
            -0.27672097945244256,
            0.6033499968269228,
            0.008251953391921288,
            -0.19551929495980414,
            0.040024140960643474,
            0.1781898240428037,
            -0.24610049054676578,
            0.49676166948713,
            -0.317985633195887,
            -0.18521199102248495,
            0.3209904794347246,
            -0.3372873274362621,
            0.13819070524080926,
            0.6629280574529216,
            -0.12607102269887382,
            0.4995273333607164,
            0.46276971853667115,
            0.2768060345170594,
            -0.060879190404100295,
            0.34794137256661783,
            -0.324970429617882,
            -0.007537150992064596,
            -0.395706515625678,
            0.2125172768877135,
            0.24998185685855473,
            -0.29229706092465585,
            0.32740160749680125,
            0.24999593398857406,
            0.2225213053365144,
            0.14968408849546228,
            0.42160881585054266,
            0.029510269094471936,
            0.09165568614873902,
            0.5842127288518265,
            -0.24225501687755838,
            0.49648656335985536,
            0.005191984560189563,
            -0.27247980577615005,
            -0.1869412954390117,
            0.23764100979746672,
            0.48971340957789883,
            0.31366521995981467,
            0.23613038311441184,
            -0.1358257848418659,
            0.6346461503331348,
            -0.04383269492089629,
            0.21885213051399643,
            0.30983257997613467
        ],
        [
            0.049945607536419065,
            0.13392729130309217,
            0.6847716648017995,
            -0.2919911413911414,
            -0.09743721274939875,
            -0.06612794266908358,
            -0.33134989790378144,
            -0.22509883639032335,
            0.07851176807025896,
            -0.09923138594414838,
            0.22092264711976037,
            0.07636036001892758,
            -0.24078969244538603,
            -0.08979889929061585,
            0.06888908207604862,
            0.16137413418154126,
            -0.38356380552443325,
            0.137184453506467,
            0.16606834795219752,
            0.046874709045161084,
            0.0013480511522149994,
            -0.0014511399380569658,
            -0.09340411827449448,
            0.10539930122623138,
            -0.029422524073183003,
            -0.36644768586292303,
            0.041780667397161846,
            0.3488495603424856,
            -0.14904459546898755,
            0.25478445481931183,
            0.09621846366796348,
            -0.16171769009860082,
            -0.18272216115929077,
            -0.01908583671966147,
            0.04257131438323922,
            0.07247229954730777,
            0.01660812467742775,
            -0.02167873174367542,
            -0.0791763975262486,
            -0.14095815545575952,
            0.17279377746008287,
            -0.12819998680279218,
            -0.03154682077163743,
            -0.1425289665032932,
            0.11987806065435112,
            0.005491140770341635,
            0.04862774816209995,
            -0.026781488628727868,
            -0.08010461351520962,
            0.1498652559909373,
            0.13397150426277724,
            -0.04310344812675787,
            0.10042717912445914,
            -0.24369986050195988,
            0.09579534615749374,
            0.1441821260377168,
            -0.2832402093627777,
            -0.25710058935336844,
            -0.13955650552499607,
            0.16524055604018612,
            -0.15755492854674316,
            -0.12071195239739367,
            0.004314113336199235,
            -0.4079873170509199,
            -0.196468672598637,
            0.24809751450561146,
            0.007387537715659614,
            0.08447337723502743,
            -0.0983204187094823,
            0.01332949982856158,
            -0.020632183908729715,
            -0.22159304761020993,
            0.3888283362504243,
            0.25569919624215387,
            -0.30955048641171734,
            -0.09172262034193887,
            -0.08763488654281748,
            -0.04853421477066418,
            -0.013450509762052655,
            0.06191762069723182,
            -0.19135688486307156,
            0.0818674250655135,
            -0.034777500202137025,
            -0.18591330232199663,
            -0.24056618278904876,
            0.09131365046305502,
            -0.20091869631645776,
            -0.05236573254626617,
            -0.3819570512419302,
            -0.008953873760464292,
            0.10351557259481935,
            0.02313033840573356,
            0.07120792195974193,
            -0.0991827236873484,
            0.24932870341633945,
            -0.04876263670212551,
            0.11339898005913732,
            -0.2520223491982533,
            -0.11933826765722776,
            -0.09933022363939298
        ],
        [
            0.3799821983652967,
            -0.16828202972877357,
            -0.2919911413911414,
            1.4707075684484041,
            0.8669609703502564,
            0.7035334125952967,
            0.8625329699346452,
            0.09626036766131979,
            0.47111589601293186,
            -0.12066533830958738,
            -0.19556527706764207,
            -0.12966286566250557,
            0.5325189553085204,
            0.3475381710366423,
            0.026518606256252967,
            0.24546566940109418,
            0.9581032935064926,
            -0.4692895136267088,
            -0.41691254150668583,
            -0.006273845253791794,
            -0.06761208945441748,
            0.21589840525326964,
            -0.11466653977241985,
            0.21535377254281587,
            -0.0536693795144,
            0.15418948990293724,
            -0.0030903956736236366,
            -0.21735716791830573,
            -0.020019075059680872,
            -0.015086559666857253,
            0.2463635460766798,
            0.8565352315278516,
            1.2495288310279142,
            0.15705057400446334,
            -0.07674130171970367,
            -0.34695331480065433,
            0.8060609606628626,
            -0.012601845055441553,
            0.1456454403612429,
            -0.21595859747979235,
            -0.1624790266464604,
            0.4589917421632822,
            -0.20416994644347736,
            0.7300400912980463,
            0.560104811483993,
            0.5111503107910415,
            0.46074191730564973,
            -0.29753466367101844,
            0.05018148949120902,
            -0.07300428212636972,
            0.27553634090400164,
            0.24326329312399045,
            0.687873714871573,
            0.09906059807215079,
            -0.26117063124970563,
            -0.4355201222067028,
            1.1867162635880437,
            -0.12619717230808028,
            0.7951274179656993,
            -0.057537095083439044,
            0.7893773949708619,
            -0.2635443357142091,
            -0.28268188181952747,
            0.2629684546991447,
            0.8679185396053377,
            -0.5178679057665037,
            0.34069768744627543,
            0.06931823851715431,
            0.5869958708778646,
            0.20794570748905494,
            -0.002439432358185147,
            -0.22906579934185037,
            -0.42065668434955167,
            0.4460099610018526,
            0.2959847909555428,
            0.34472837175070736,
            -0.6085996620795372,
            -0.2813668645998418,
            0.6986563369746709,
            0.677725456323803,
            0.6762956767391469,
            -0.18457930835894576,
            0.26886514632569697,
            0.17319871721098615,
            0.5756637887267282,
            0.45864191083964023,
            0.39154630479881325,
            0.28507827754614773,
            1.372348952945858,
            -0.007289236173772863,
            -0.24732088347636744,
            0.7027539433064495,
            -0.08825228690065887,
            0.5355823900916757,
            -0.4624531705176242,
            0.4079259653853866,
            -0.0714391943771291,
            1.108858093407864,
            0.9389391229282242,
            0.07215423867827933
        ],
        [
            -0.05927351301508258,
            -0.09947530554966622,
            -0.09743721274939875,
            0.8669609703502564,
            1.5775611218047647,
            0.7145709713248934,
            0.8447692780133034,
            -0.4341222870811949,
            0.2808186505122283,
            -0.4712412232683586,
            0.11697618045910951,
            0.4729775479101661,
            0.2419171619799944,
            0.45100820129377883,
            0.04999596555506524,
            0.32893010438247194,
            0.38601120574287606,
            -0.33033192566960246,
            -0.45876466006071553,
            -0.2510764095983492,
            -0.30750912756604987,
            0.2935774389764569,
            -0.47192164586937585,
            0.21345758317265262,
            0.054357301356455806,
            -0.47077310573467157,
            0.051180488375414404,
            0.11930858375520814,
            -0.1550184872206371,
            0.2003317636583069,
            -0.06520177815177405,
            0.9403230368736771,
            0.9955906115562322,
            0.19697354161542027,
            0.07895034530905677,
            -0.25793122987380235,
            0.7275863107466168,
            0.012273650099019996,
            0.5254837069411186,
            1.1609793108121889,
            0.10388562067645402,
            0.4508735521012999,
            -0.4087359107696187,
            1.161809932115344,
            0.5618186265198306,
            0.4609066536241153,
            0.6327599755504452,
            -0.24026679899815315,
            0.1638148671516197,
            0.17809450584745476,
            0.1587330045210968,
            0.2576632408211841,
            0.6113536570990978,
            0.09334058442070772,
            0.10438162932270047,
            -0.10528003255820552,
            0.7915879082123156,
            0.04206455235983137,
            0.7786851990844772,
            0.03989316916384559,
            0.6633270957367775,
            -0.42507310657130704,
            -0.2573691230988606,
            -0.36195940873143473,
            0.3356202664746906,
            -0.3430640472071725,
            0.39087608127542084,
            0.27213252112713926,
            0.6446673699059684,
            0.1328818969699249,
            0.040234547741237706,
            0.011405315438036318,
            -0.20298170624230719,
            0.4675684704559069,
            -0.5858101269643093,
            0.7452968815526159,
            -0.3045075009334364,
            -0.2645643960321209,
            0.6423977377902195,
            0.9753153234883476,
            0.22008297937777058,
            0.06729053422659012,
            0.6177552497273814,
            0.20140060696982928,
            0.2110621995565819,
            0.4452574603909685,
            0.04721564166227087,
            0.11481355756348595,
            1.2163188750982006,
            -0.31128924189676105,
            -0.3533225696371868,
            0.6727376316063775,
            0.3943957323151874,
            0.4531243654542038,
            -0.3609685323851236,
            0.5740002643642946,
            0.04448005763890338,
            0.9434795933260363,
            0.6206899473511113,
            0.02013027080924423
        ],
        [
            0.3429715978261909,
            0.2779720450322147,
            -0.06612794266908358,
            0.7035334125952967,
            0.7145709713248934,
            0.8627188809520058,
            0.5504080471666744,
            -0.48991963604347527,
            0.5598892500752457,
            -0.2731904186725667,
            0.2390772850983894,
            0.5007326178878297,
            0.2421610294063836,
            0.20663558998186823,
            0.20565841535881224,
            0.4140242634353221,
            0.3022654296077829,
            -0.4768725264616953,
            -0.2058870731672813,
            -0.22213710656562097,
            0.002896741331287433,
            0.38086065331011154,
            -0.2967324763278793,
            0.33242927245911047,
            0.41973795013262905,
            -0.30123127599964494,
            0.4638045505354829,
            0.1733192443299038,
            -0.16179526804520264,
            0.2703163994860913,
            0.5753084108130618,
            0.37661703266921465,
            0.9290155517315124,
            0.5149900226746652,
            0.09713322297378797,
            -0.05783334505637331,
            0.6877637911743177,
            0.37619297457678375,
            0.4644442978993,
            0.10905888539153581,
            0.28925845899455455,
            0.21829961829047548,
            -0.2117960135644098,
            0.6125810760064995,
            0.5719626281329983,
            0.6155188086921293,
            0.5531371373374678,
            -0.36205675902810014,
            -0.30262540149713874,
            0.34955813630290133,
            0.549153465988045,
            -0.1172517656518241,
            0.31045007622617043,
            0.5681231938597597,
            0.10973367099829207,
            -0.30845445335325106,
            0.8796447412164682,
            0.1350000840102858,
            0.34872351287898595,
            0.3154020209689199,
            0.23214446876275513,
            -0.3465917716255768,
            0.01442183104925986,
            -0.23639662116628862,
            0.6322010550058369,
            0.17478019260088232,
            0.09120938837256377,
            0.4689651226013102,
            0.7846165527739544,
            0.191688553910198,
            -0.08792583106257486,
            0.1469789742850362,
            -0.3917156805998622,
            0.34744082728123055,
            -0.2772235749606825,
            0.5018894677618734,
            -0.2439171750055543,
            -0.37201075948940765,
            0.7902235190263477,
            0.7781447338483669,
            0.4921807745219481,
            -0.0012838361430406622,
            0.5733463777757186,
            0.2739559415138119,
            0.4471904291075159,
            0.7193521708604473,
            0.10412563224495845,
            0.48125435716246295,
            0.9757212357019543,
            -0.2599062946898341,
            -0.4079673501989516,
            0.5869196570154538,
            0.36673129097466456,
            0.6156315984528333,
            0.0009774515120841109,
            0.1058726648848336,
            0.4115217273360981,
            0.7615368034292955,
            0.7832974007774194,
            0.1958781803232137
        ],
        [
            0.3040472824315843,
            -0.12037418655439477,
            -0.33134989790378144,
            0.8625329699346452,
            0.8447692780133034,
            0.5504080471666744,
            1.2742707517154441,
            -0.123813561736499,
            0.18708406860653107,
            -0.0809751261820831,
            -0.06319145841747985,
            0.18131527152944127,
            0.31315810902249375,
            0.29053491534034165,
            -0.021069003854905143,
            0.13697654968555814,
            0.5732589819017857,
            -0.27782408017057597,
            -0.39256434239847315,
            -0.35577048886037704,
            -0.1572535587494868,
            0.31595999649502376,
            -0.2738968480150008,
            0.10224671919070055,
            0.1442730807219619,
            -0.12052017726688882,
            0.039150182893882286,
            -0.07010134879642252,
            -0.024272706578552766,
            -0.03851998055536808,
            -0.015532501482715962,
            0.5471798943127282,
            0.9468458830575918,
            0.22624012388944423,
            -0.031045299691047374,
            -0.20950993901163062,
            0.13859994156484085,
            0.2704513898233343,
            0.31303918697970384,
            0.10872665570465405,
            -0.11049609065857047,
            0.23779143562701852,
            -0.01947209142352078,
            0.6640406923878872,
            0.3141902272019534,
            0.5847171471708535,
            0.352915710577029,
            -0.2629332146399214,
            -0.1471775446243477,
            0.09554250560710478,
            0.06920072117999097,
            0.03494423766178621,
            0.21105230349123166,
            0.3974004938511853,
            0.0033669650076609617,
            -0.35029349238252705,
            0.7388273604368023,
            0.22216597911064234,
            0.5343604812204952,
            -0.07245878073108915,
            0.5080798223702295,
            -0.2989732251388958,
            -0.04751406179711934,
            -0.08553197677560863,
            0.31242314965505336,
            -0.39345627905580216,
            0.26647348807793436,
            0.39954502430923,
            0.4961116492229301,
            0.16457712525625234,
            -0.02475617868749778,
            0.016469749846606634,
            -0.2357625589553838,
            -0.23361898787152144,
            -0.045248236216690066,
            0.7329908155892356,
            -0.3390900732192851,
            -0.20595811908631093,
            0.6065074025337998,
            0.618687706441208,
            0.5391172735207951,
            -0.1692868390770568,
            0.4837339278991693,
            0.19284692112243085,
            0.32778366451835256,
            0.3227125201733761,
            0.2616421103737804,
            0.29274565091348265,
            1.0741993210327458,
            -0.09933497250579625,
            -0.32400093779968664,
            0.45349802890391344,
            0.20451022908293737,
            0.45313357659966164,
            -0.3904694716807812,
            0.28134708636866496,
            0.03928029722025963,
            1.157240064852498,
            0.5389060377146639,
            0.10275165561109088
        ],
        [
            -0.12945728287453118,
            -0.6086418431316387,
            -0.22509883639032335,
            0.09626036766131979,
            -0.4341222870811949,
            -0.48991963604347527,
            -0.123813561736499,
            1.3496885950544404,
            -0.5674485534831181,
            0.5343205878604057,
            -0.5436258347392825,
            -0.808781541534164,
            0.09451172394210726,
            -0.11850755970876545,
            -0.4451928071462432,
            -0.6576235204433871,
            0.28858666152614293,
            0.19492222179482904,
            0.08448907530864527,
            0.04187275759901029,
            -0.12721004060113958,
            -0.3398339504400409,
            0.5013313425193683,
            -0.5323589216424411,
            -0.6885070478798071,
            0.41541555460405916,
            -0.7638305364398552,
            -0.6358442290536612,
            0.4910510789449028,
            -0.27735420910523073,
            -0.3747058825026411,
            0.05013779567620068,
            -0.35741266426220064,
            -0.7978047284149811,
            -0.2254451812832363,
            -0.38458315281087524,
            -0.44307239659459363,
            -0.3910137429617644,
            -0.7495101401435481,
            -0.37397422767631683,
            -0.6292171303876354,
            -0.05037836204429664,
            0.49606734410470277,
            -0.4567004889365217,
            -0.5835438237369531,
            -0.5922345063889904,
            -0.7043397695766577,
            0.6608482515669188,
            0.46322479644024156,
            -0.673969206135104,
            -0.582264835548984,
            -0.07734017517133147,
            0.07294065149540584,
            -0.6908167170392436,
            -0.1506533681100714,
            -0.040751833264496544,
            -0.2785928187532766,
            -0.18707128542145807,
            -0.0410018123316041,
            -0.581056328072137,
            0.05929819348862111,
            0.40056557161508466,
            -0.36282768230241497,
            1.0313436927363049,
            -0.15667103554829148,
            -0.8091553086856259,
            0.08917709524891944,
            -0.6735606737755664,
            -0.818408454630482,
            -0.17851341013054028,
            0.0328758990302084,
            -0.3798536433084646,
            0.13405851455012963,
            -0.3954184480115063,
            1.0536684051868215,
            -0.41848236385493554,
            -0.02867742969485842,
            0.21413128066551895,
            -0.4631762551594048,
            -0.6944790520352198,
            -0.2976140680335529,
            -0.3108235872419381,
            -0.6371236935749197,
            -0.3132232568145896,
            -0.04481061817236657,
            -0.79440554324236,
            0.37352294481347764,
            -0.5611597430168503,
            -0.5320249381236649,
            0.646114982304154,
            0.2891567776454901,
            -0.6760314780332349,
            -0.7722382330156923,
            -0.6143726044000445,
            -0.32327982123703614,
            -0.09425330554915257,
            -0.7420487944542541,
            -0.172536754388642,
            -0.31776744006133273,
            -0.4408657765671842
        ],
        [
            0.4864153641436711,
            0.3618512365187108,
            0.07851176807025896,
            0.47111589601293186,
            0.2808186505122283,
            0.5598892500752457,
            0.18708406860653107,
            -0.5674485534831181,
            0.9714777099265033,
            -0.5758894988971648,
            0.34724651325636013,
            0.3787543372111862,
            0.24207648005037763,
            -0.006814017395567936,
            0.2818799502153265,
            0.5627922295442612,
            0.3616542208378366,
            -0.1517097178144135,
            -0.2099267815871395,
            -0.15659304908665753,
            0.2321065933682167,
            0.4565748934975744,
            0.1096620541774414,
            0.48605540723484697,
            0.5003789097363126,
            -0.0709737886978715,
            0.6676777546339286,
            -0.015694569853561262,
            -0.520804872865424,
            0.26485588872892485,
            0.2771316201607486,
            0.08416804944005069,
            0.7871163753890956,
            0.6762729955916038,
            0.0340561327526222,
            -0.2160387202143917,
            0.893086212377548,
            0.5182315895878709,
            0.3180289696108674,
            -0.21428875904554825,
            0.4410149173000964,
            -0.0005130668935096242,
            -0.28580949132370553,
            0.37831861804567135,
            0.71106699222812,
            0.5882566475459513,
            0.524542256546085,
            -0.520576642092044,
            -0.21954295232502433,
            0.4290270720990337,
            0.6693799692121941,
            -0.2179012705603036,
            0.14461053813466734,
            0.4919699617554455,
            -0.3130925106674323,
            -0.1394707169098092,
            0.6934870751950476,
            -0.35998881632328183,
            0.09443804684757084,
            0.610471511535866,
            -0.10151148091453852,
            0.04449552281897932,
            0.4856967615422504,
            -0.23999467022909027,
            0.5915077985938798,
            0.35437117363060083,
            -0.020050951799256575,
            0.5676782440546054,
            0.7267118185819298,
            0.4537121152033205,
            -0.1400501202965738,
            0.4536222956474415,
            -0.426630563748768,
            0.6266476970626593,
            -0.14134324509652807,
            0.05274647338483085,
            -0.34014567550289115,
            0.03129187539343683,
            0.5141234962654129,
            0.6963216244158202,
            0.8528790316706406,
            0.011413446680783819,
            0.26741595584001454,
            0.03808349429009771,
            0.4417870103160558,
            0.8075263600334198,
            0.003060652198427866,
            0.6895952951881614,
            0.8038208728336089,
            -0.11236437369379897,
            -0.5088680659093098,
            0.7773775316995288,
            0.5104162552435362,
            0.6426850605125862,
            0.19153114481793787,
            -0.002938689870371945,
            0.5396028539526722,
            0.4604241941413151,
            0.6723634177917326,
            0.25536330858810685
        ],
        [
            -0.13047060526168858,
            -0.18533910051125765,
            -0.09923138594414838,
            -0.12066533830958738,
            -0.4712412232683586,
            -0.2731904186725667,
            -0.0809751261820831,
            0.5343205878604057,
            -0.5758894988971648,
            1.0745500277380788,
            -0.3075109498107849,
            -0.409132046258931,
            0.005367544634394216,
            0.006128295839229088,
            -0.17043782460923992,
            -0.3944805253872963,
            -0.3242541989590898,
            -0.19656806718604342,
            0.09895841095116835,
            0.13749575812228412,
            0.0592644427705475,
            -0.40211867256996797,
            -0.15900271605794966,
            -0.24335278932111087,
            -0.3243232907659215,
            0.02513969085770443,
            -0.4798497010637565,
            -0.23142740945661147,
            0.5308290172613718,
            -0.07374388530548462,
            0.4748136298560597,
            -0.1332650058202088,
            -0.546451105999103,
            -0.5273815736582185,
            0.015988108212124697,
            0.04887632437947387,
            -0.6390538920291561,
            -0.29230008598719454,
            -0.29707391177296427,
            -0.35637322459268694,
            -0.4348077328146574,
            0.05458760098306468,
            0.25718284865837593,
            -0.38757421393836267,
            -0.3052763336483415,
            -0.2109718857089323,
            -0.471694948003625,
            0.37092679017708685,
            0.3267360472795351,
            -0.2862831467731653,
            -0.2803752888481337,
            0.5002922580101854,
            0.1455317534123904,
            -0.4674645894431091,
            0.41214095765730335,
            -0.1895830867413521,
            -0.47334589948376427,
            0.26294892875930037,
            -0.15556318969660268,
            -0.4058023112342473,
            0.2359428057600221,
            -0.1836661440451842,
            -0.3921776536095811,
            0.11277042589960651,
            -0.14333021448233976,
            -0.1831433595625604,
            0.046450086493051955,
            -0.3983680672540738,
            -0.5225876634568156,
            -0.4030836545392957,
            0.03823233984475144,
            -0.6648519081061558,
            0.12347356669509213,
            -0.6336698847223917,
            0.44248292485080243,
            -0.030185494569210804,
            0.21008420227106872,
            0.011441930617712094,
            -0.22621136426748134,
            -0.622108675663915,
            -0.5521881193701338,
            -0.09098145142755618,
            -0.06286345113413598,
            0.13150209587036554,
            -0.09734644749857843,
            -0.5317077646108858,
            -0.036100294460667544,
            -0.4732314812652583,
            -0.5880049052610049,
            0.04478719152410766,
            0.3230479085935648,
            -0.4221978144101998,
            -0.5761677336180631,
            -0.43547421557581767,
            -0.27500412588916684,
            -0.010879539723690282,
            -0.42164840870410025,
            -0.36661854271222843,
            -0.5200419683985666,
            -0.10725023787311617
        ],
        [
            0.010508396891967395,
            0.40431829436762634,
            0.22092264711976037,
            -0.19556527706764207,
            0.11697618045910951,
            0.2390772850983894,
            -0.06319145841747985,
            -0.5436258347392825,
            0.34724651325636013,
            -0.3075109498107849,
            0.5887637138254648,
            0.5750151959962214,
            -0.15947869308515694,
            -0.005778707131275124,
            0.2957783765046895,
            0.2732027991441692,
            -0.22957096147189712,
            0.06924941465884536,
            0.04176920148194135,
            -0.1808833056484832,
            -0.1417779293074673,
            0.2065481909552772,
            -0.05076767658875363,
            0.2723840947046624,
            0.451687625083549,
            -0.1483678697489042,
            0.4437751786533731,
            0.41134967315799265,
            -0.265138635276374,
            0.29960187432785196,
            0.11903239277192988,
            -0.15043765031613643,
            0.04581167251906182,
            0.4582578451487045,
            0.1686867520507644,
            -0.060905064008780804,
            0.09384662550733569,
            0.432034346597399,
            0.3566307012383885,
            0.30296078947719157,
            0.45442874318365917,
            -0.10303039946598597,
            -0.026624489103362774,
            0.10745443936960226,
            0.2235642986382255,
            0.2360087562568041,
            0.27625893228116044,
            -0.2239490810337408,
            -0.3104978683143258,
            0.44199571585469444,
            0.38298945653463806,
            -0.17996826964032067,
            -0.22780758082404012,
            0.4549661999647564,
            0.020236167243872834,
            -0.07309690061055876,
            0.047533549555778834,
            0.1474320636361269,
            -0.14413973006436318,
            0.43714544395362964,
            -0.25583089582975477,
            -0.11676144766467822,
            0.21120757081018948,
            -0.3782187322437546,
            0.11718026704271818,
            0.6046951396021052,
            -0.14549054612757673,
            0.4378099645130874,
            0.4178730705472017,
            0.24982255013433877,
            -0.04092914365491919,
            0.32660750430395985,
            -0.2624367944017659,
            0.006409730927969396,
            -0.4799524601629145,
            0.2344591992044518,
            0.03349817583581705,
            0.0021319771701199227,
            0.21317740210190078,
            0.33031309333762665,
            0.20782156644673555,
            0.15874189726111948,
            0.32078610614082276,
            0.024606003776988638,
            0.2278091708447163,
            0.4454467589239729,
            -0.24679920573785455,
            0.4306358553975872,
            0.11157206516469724,
            -0.07147209940909612,
            -0.31582388143398676,
            0.18268555464344338,
            0.37446166625401517,
            0.2881641945433389,
            0.161975317286036,
            -0.024658286277389384,
            0.4589346955759909,
            0.05040247913671863,
            0.2132582325238503,
            0.2184843322871231
        ],
        [
            -0.09271367927990866,
            0.6290997025281151,
            0.07636036001892758,
            -0.12966286566250557,
            0.4729775479101661,
            0.5007326178878297,
            0.18131527152944127,
            -0.808781541534164,
            0.3787543372111862,
            -0.409132046258931,
            0.5750151959962214,
            1.0888811187291116,
            -0.18740845431362535,
            0.03036964269212383,
            0.4495073804553734,
            0.46810690081430134,
            -0.4225349398240503,
            -0.14302647936370036,
            -0.043039175880595026,
            -0.4050446003223967,
            -0.29301754383959777,
            0.488068236935359,
            -0.27502533185979144,
            0.3505914823863401,
            0.7405529766891273,
            -0.27314520136681036,
            0.6069403501739435,
            0.5582009920394433,
            -0.26027162040652907,
            0.4113820776445901,
            0.3623157257688785,
            -0.13821846837243232,
            0.13505757863140644,
            0.6451448189872491,
            0.23429622008330253,
            -0.013113054092898042,
            0.13692392062077435,
            0.6960358540360108,
            0.6490182666029842,
            0.8762016021928155,
            0.7034858763016391,
            -0.014684869666027042,
            -0.048201868542006227,
            0.42666232106882546,
            0.28037370167263864,
            0.4380514777281097,
            0.4786367372426939,
            -0.29125155396501795,
            -0.37384154974272726,
            0.5957140720810771,
            0.5607726284993766,
            -0.2728368517163155,
            -0.32890237506335046,
            0.6474183889751117,
            0.07556184717510016,
            -0.13320690489195672,
            0.06253121933478303,
            0.38880428166716774,
            -0.05916752448131538,
            0.5090458232939631,
            -0.2480026046034998,
            -0.3716697554611627,
            0.2750035820330778,
            -0.6142622254455654,
            0.08881594421063993,
            0.66462431619586,
            -0.00502184892393241,
            0.7205444533468183,
            0.7367466271989943,
            0.3124013165878695,
            -0.01958790722434323,
            0.5844440383148353,
            -0.41427557445312696,
            -0.07812387917890735,
            -0.7552048882320186,
            0.5036190824487689,
            0.28118534330085043,
            -0.39124786013137536,
            0.4834440215547497,
            0.5053324614967657,
            0.21194314633865044,
            0.24724443540182417,
            0.7416840033746789,
            0.08053996767966078,
            0.1495746491983002,
            0.6783504602121909,
            -0.286675587231374,
            0.5395413632669633,
            0.2693498225477259,
            -0.42411083338417527,
            -0.3449992773787732,
            0.320213610865608,
            0.7602617548773906,
            0.45786512215426073,
            0.24490184192196204,
            0.02993191292884066,
            0.7499678854243429,
            0.24641008159025618,
            0.31242883997122045,
            0.3199378889372079
        ],
        [
            0.2522803724119645,
            -0.09840096477023769,
            -0.24078969244538603,
            0.5325189553085204,
            0.2419171619799944,
