{
    "pos": [
        [
            0.8553150405227805,
            0.3539259451185468,
            0.09408664260229772,
            0.23693947534620577,
            0.18916129620441222,
            0.4354548228753463,
            0.28976473952382187,
            -0.2743449476974942,
            0.6548639839242959,
            -0.17177913875948478,
            0.20511202444235277,
            0.17065234965630283,
            0.3190991324862731,
            -0.17128475568853568,
            0.20946501610730764,
            0.34169944875369823,
            0.17187216814733766,
            -0.26581164298749205,
            -0.41792652655803364,
            -0.32567379831408033,
            0.1341313339014245,
            0.3212811246614087,
            -0.05214078404792287,
            0.33634789304397145,
            0.3786214389161603,
            -0.34531593643871544,
            0.46509783578391434,
            0.028277646987155576,
            -0.3958237522683828,
            0.22915106634778754,
            0.011667577065703046,
            -0.13029819284024488,
            0.6457717227797066,
            0.5042782130682268,
            -0.11933780290945879,
            -0.12066265382361317,
            0.6195708988831806,
            0.45750885979080536,
            0.17987002025109827,
            -0.3399383623699797,
            0.32063480753975154,
            -0.12498075084926288,
            -0.029641950106207977,
            0.11187829318916415,
            0.6803949874542218,
            0.5042888416631623,
            0.3831281658543845,
            -0.2381267318909165,
            -0.2532443884774854,
            0.33801577255130033,
            0.4988766283195094,
            -0.18529984513138914,
            0.21742455499286656,
            0.6069004063247377,
            -0.14511884048025975,
            -0.23080034093153665,
            0.552615992708694,
            -0.30025639415222355,
            -0.05240425372532532,
            0.5002412539677104,
            -0.18653195582542015,
            -0.1432852808619359,
            0.43318393021156787,
            0.13548182747237839,
            0.35316098147843134,
            0.08623315093807295,
            -0.09921845869418933,
            0.5210145765557646,
            0.27730008804331113,
            0.34629990464157023,
            -0.22122045550286154,
            -0.08239614492224039,
            0.005838890263362573,
            0.0516772172161018,
            -0.06995903977582883,
            -0.0844964861474726,
            -0.2475779525136905,
            -0.038000635181299695,
            0.41007595226475946,
            0.5108161659088235,
            0.8309784545630429,
            -0.3776619911497271,
            0.21155087766787214,
            -0.12949108427119851,
            0.27351432244267604,
            0.6443542571666043,
            0.12751826804337257,
            0.5008564244967932,
            0.45031152426307836,
            0.05144158832022729,
            -0.3516144318074178,
            0.5478037761467407,
            0.3582717875932957,
            0.42623157858300703,
            -0.08305494759084317,
            -0.1766116853674351,
            0.4361728644472273,
            0.42339583133698666,
            0.3198380717163134,
            0.10413947338523057
        ],
        [
            0.3539259451185468,
            0.7040158625950452,
            0.05881605845171818,
            -0.10157559172344836,
            -0.022389854868297396,
            0.3723475700813666,
            -0.013380671429924735,
            -0.6131203029594142,
            0.4460420322654254,
            -0.05409589396722351,
            0.4585304039167882,
            0.6821983509513578,
            0.0002677301551203417,
            -0.140239693833987,
            0.48437790746156284,
            0.47617798369589004,
            -0.3604124799030399,
            -0.25523919121327593,
            -0.20859411486547136,
            -0.3672717561407808,
            -0.054340376981005606,
            0.3947659170515142,
            -0.22198188557841542,
            0.3979094089517405,
            0.6661583619682344,
            -0.039710472820871465,
            0.6294464146024561,
            0.4457125762062466,
            -0.19099916854130683,
            0.3374415301452934,
            0.45942126431752833,
            -0.3915236568763802,
            0.08615717022527687,
            0.6342948419207604,
            0.13616698946271105,
            0.024880222669637284,
            0.12666161125639963,
            0.5966989773595578,
            0.4592625698757471,
            0.21899857081365384,
            0.643941344311319,
            -0.14402326338969676,
            0.09141364447260988,
            0.08624670832036854,
            0.37744096201715394,
            0.2586218221018082,
            0.35794342805606716,
            -0.288551694035704,
            -0.4254241128373698,
            0.5455999696819303,
            0.6365999896082782,
            -0.13888827380196941,
            -0.23029192027557874,
            0.6990909050942529,
            0.05996290425222487,
            -0.27953010131623257,
            0.1261765808966917,
            0.29871317785921464,
            -0.22791828627008356,
            0.5585160012299494,
            -0.31130887564442844,
            -0.38794930792150584,
            0.3340896285248467,
            -0.2848513953472211,
            0.2455839090346875,
            0.6887384142463195,
            -0.1777814934684718,
            0.5593664559000552,
            0.4657974741489392,
            0.3854547981466274,
            -0.06163812109384399,
            0.32289611965124776,
            -0.3203119312086986,
            -0.2512269138595074,
            -0.4294472440314091,
            0.13398659534834134,
            0.2021067693707245,
            -0.3522957176397556,
            0.3557468341387775,
            0.2848829553456457,
            0.42608655663036304,
            -0.12587996587151407,
            0.49695220661608824,
            -0.03579314620986603,
            0.2428961801467855,
            0.68623915291101,
            -0.19842899243858758,
            0.5792242130321599,
            0.0758897742193698,
            -0.19352824559045104,
            -0.27154324202537194,
            0.3145486116509436,
            0.5560904739489415,
            0.4401557403946152,
            0.14414498198549175,
            -0.13596354179382983,
            0.7279913413850615,
            0.06848306133531186,
            0.21439402919568726,
            0.3606942030269415
        ],
        [
            0.09408664260229772,
            0.05881605845171818,
            0.6510352919294536,
            -0.266820269957885,
            -0.03425272180265176,
            -0.11788569235891667,
            -0.31024739399305395,
            0.015697261126498302,
            0.027051819927662757,
            -0.10044507664505486,
            0.1499661703915218,
            -0.012313530297586639,
            -0.20177182159499174,
            -0.1648623986985137,
            0.048022852779437936,
            0.027273014295585294,
            -0.3711299467370619,
            0.2996404158776833,
            0.3382310871528638,
            0.14680609377596596,
            -0.04960249107147335,
            0.020427820439314903,
            0.11812162176215547,
            0.08748445980299245,
            -0.09719340784526109,
            -0.36090059741709324,
            0.020109646571263125,
            0.28488668945463486,
            -0.18444232800957963,
            0.21554671207442272,
            0.12469945889206295,
            -0.18777307337675717,
            -0.20174141538804502,
            -0.09967684148265514,
            0.0054681092975019385,
            -0.043280988143371675,
            0.017788201937468492,
            0.056262465473045524,
            -0.19418755217687125,
            -0.15869722310581422,
            0.09865384011800496,
            -0.18460232385054162,
            0.021345870019419705,
            -0.25149965329582435,
            0.11931190129775826,
            0.1176236446144965,
            -0.020672011967854287,
            0.1460289286498528,
            -0.047757856256388564,
            0.04917035943415949,
            0.08247099370375771,
            -0.09062466373273097,
            0.11503019537157735,
            -0.2870653457338993,
            0.20314074592452014,
            0.10688953142177919,
            -0.3366620834716403,
            -0.4262277800632628,
            -0.18613973957473956,
            0.15104668779975733,
            -0.23115007951129507,
            0.11805502723711982,
            0.035483067882927544,
            -0.2567471043952535,
            -0.2795647965841641,
            0.07834952592736265,
            0.021451537513527526,
            -0.01740617217283884,
            -0.28031214004293525,
            0.1155670616697475,
            -0.12238989890563956,
            -0.2853489128625297,
            0.33231381858512976,
            0.25439268712897867,
            -0.07272806160108734,
            -0.09260528289658874,
            -0.15632413339753481,
            0.14265636722887898,
            -0.029967045491539335,
            -0.03269692215633393,
            -0.005467167156346275,
            0.21012650587083703,
            -0.12608165441156322,
            -0.1982584011365102,
            -0.19211009788249653,
            0.06939781910098934,
            -0.15969432038310535,
            -0.0788544035055563,
            -0.39955723887738054,
            0.12165928298957848,
            0.01675424455038067,
            0.0012601816843822416,
            -0.009527952111197155,
            -0.10694381345820554,
            0.12576166859028198,
            -0.08437996175574666,
            0.09354699391162091,
            -0.2025063686459903,
            -0.18238775771249405,
            -0.17635540921969864
        ],
        [
            0.23693947534620577,
            -0.10157559172344836,
            -0.266820269957885,
            1.1893106071434114,
            0.7461213601436422,
            0.7290196666486998,
            0.6882406704142194,
            -0.15650051793691627,
            0.476407866831511,
            -0.1290308427487214,
            -0.09425352327972183,
            -0.0026171184202425334,
            0.3243666359476866,
            0.4997439753704673,
            0.010439184875923997,
            0.3604819725871405,
            0.903794344519584,
            -0.4445025651892381,
            -0.49299511432691107,
            -0.08085827043767217,
            -0.08288662683203253,
            0.0639542982976397,
            -0.33130237643547167,
            0.15803110793363442,
            -0.04937143327400813,
            -0.09328466703116474,
            0.008387435718818689,
            -0.16022180552424434,
            0.0733176403831596,
            0.11120882730934631,
            0.28173134530881994,
            0.8915512881404659,
            1.0687591649871662,
            0.18351259592519764,
            -0.03868873998480773,
            -0.252543482158421,
            0.8996593963611637,
            -0.16738509588238507,
            0.2658813793115734,
            -0.14848764272565496,
            -0.07516445630241284,
            0.5225150923555155,
            -0.27331998127752005,
            0.7734941226417347,
            0.49186063385601264,
            0.4075422930347923,
            0.4224611159383173,
            -0.3421678109167505,
            0.0834956129313313,
            -0.0009829646331175814,
            0.31594727941455897,
            0.222048889785235,
            0.6937253128245905,
            0.10011456271770136,
            -0.3116713357403556,
            -0.09371571959339589,
            1.0933277705029558,
            0.043215118955833194,
            0.8048509912189131,
            -0.05853924676074437,
            0.7893482361875463,
            -0.274504364163316,
            -0.21197150856467675,
            -0.03150744078037562,
            0.861338292262096,
            -0.2944282187923971,
            0.30984210267501544,
            0.16886026612640126,
            0.6440690029519174,
            -0.08698562698202576,
            0.07363251308237106,
            -0.09505521845083881,
            -0.3387355055674491,
            0.5469721573347089,
            -0.07323959992378568,
            0.019281289043794413,
            -0.38623829385599856,
            -0.29497265740154754,
            0.6850278369210505,
            0.754789458982154,
            0.30013752877185473,
            -0.13561451900543195,
            0.3021436011269181,
            0.37668357175615497,
            0.4439935703549536,
            0.4131046669054449,
            0.20822536664713742,
            0.17980801586600298,
            1.2057598948987722,
            -0.36810476859954194,
            -0.2160338922050491,
            0.6089128553798819,
            -0.032561260589120414,
            0.524134740306751,
            -0.24176800146931152,
            0.5118678347176926,
            -0.08679384947818002,
            0.8869389083180373,
            0.8824520826678464,
            0.12333220253031185
        ],
        [
            0.18916129620441222,
            -0.022389854868297396,
            -0.03425272180265176,
            0.7461213601436422,
            1.7030789742853814,
            0.717929259278024,
            0.8788281011507297,
            -0.4252836448347825,
            0.32536632589559344,
            -0.3460311888188172,
            0.10684176546685892,
            0.4625399965834614,
            0.25986555412735424,
            0.4389851817762768,
            0.09587425175215364,
            0.3696654716990623,
            0.2816876998650913,
            -0.12061632505767285,
            -0.5538235840231136,
            -0.365653512642413,
            -0.3125610723595801,
            0.30232141311601785,
            -0.6182354448381682,
            0.19543141458266572,
            0.07064177188086224,
            -0.5302183652952278,
            0.11853664309577157,
            0.29708665111859306,
            -0.10860683115962409,
            0.27962457713334266,
            -0.09251960386246623,
            0.8654409737361987,
            0.9810531319625991,
            0.22620245135553402,
            0.02193393675931644,
            -0.3303960503953762,
            0.6799066474665637,
            0.12820659294092845,
            0.5627861738516093,
            1.0844124428288187,
            0.19341642254165764,
            0.3955225204463146,
            -0.25752322797274924,
            1.0250781069108914,
            0.6092164875975868,
            0.3259093851424478,
            0.6425021633463518,
            -0.20769821922949178,
            0.05181044832506204,
            0.2714819043779397,
            0.1932278514630169,
            0.14385483778102579,
            0.660238512169924,
            0.15294642859539442,
            0.1084144950706551,
            -0.017941597438727936,
            0.7460685229411281,
            0.13303437963195322,
            0.7496092398168319,
            0.18559789011642921,
            0.5895415750436677,
            -0.45080759222304717,
            -0.13515320003071954,
            -0.37120877558907794,
            0.34542147316733485,
            -0.3660147118918933,
            0.2916808833200075,
            0.29872940468082104,
            0.5135351580516386,
            0.11517292990469641,
            -0.015710755625943113,
            -0.08009019063830636,
            -0.157583548737494,
            0.28809151677927375,
            -0.597636060571367,
            0.7663277626640091,
            -0.33618714209480954,
            -0.31369109230973435,
            0.6021826262173859,
            0.9421491487336822,
            0.3202125986768913,
            -0.08052642351238638,
            0.694373915242464,
            0.1376398239187506,
            0.17269867769877933,
            0.48578207082959046,
            0.03580091559490122,
            0.1281738703523475,
            1.1020168402553858,
            -0.25275043308737105,
            -0.3872502627275859,
            0.7006109570235112,
            0.46488730580077964,
            0.4675383858682872,
            -0.420665195781969,
            0.5766013850173043,
            0.1548315122364294,
            0.9806823641787089,
            0.4363023439902515,
            0.03872284340676017
        ],
        [
            0.4354548228753463,
            0.3723475700813666,
            -0.11788569235891667,
            0.7290196666486998,
            0.717929259278024,
            0.9540933015310022,
            0.6080719830397561,
            -0.6205592918187545,
            0.666152607909261,
            -0.2767128956920531,
            0.3170542261538905,
            0.5860155400289052,
            0.3017115856511333,
            0.23987744800426122,
            0.2622828956303917,
            0.5834450627937587,
            0.39350282450040214,
            -0.500109864545089,
            -0.4622936908255385,
            -0.37164120465068906,
            -0.08546853904175342,
            0.3646592523689142,
            -0.4216710014180848,
            0.3948003518531993,
            0.509967820149512,
            -0.3152030919513981,
            0.5605007581990888,
            0.21603619728839582,
            -0.20380026673985882,
            0.3181972155715704,
            0.5180120143421671,
            0.37668282303466266,
            1.021031546086235,
            0.6372812181507255,
            0.06865965603420295,
            -0.08094899597943819,
            0.753980397143521,
            0.43144830142804247,
            0.5850093855726305,
            0.14511767194474087,
            0.4048560907226701,
            0.21474680462500026,
            -0.1659622068944826,
            0.6653307624227166,
            0.6087787516397672,
            0.5159535301602753,
            0.6323627706243726,
            -0.47100862079690586,
            -0.37858579869299036,
            0.4654067066083669,
            0.6317310899773528,
            -0.05136233759685541,
            0.3088615856692977,
            0.6680635615198025,
            -0.07159270893052871,
            -0.19678678476944772,
            0.9937769026815262,
            0.19399262173211476,
            0.38685156469982385,
            0.3774534366043447,
            0.24261064696638834,
            -0.4811624937144739,
            0.09944703288608116,
            -0.2843333499626045,
            0.7521066724244376,
            0.2504074866408186,
            0.05202879437821062,
            0.61608120974808,
            0.862672667587245,
            0.2110286362245448,
            -0.04722254975379714,
            0.26914597313001637,
            -0.3497162106050204,
            0.27917035713985333,
            -0.41027410355284266,
            0.12497264695094976,
            -0.1694408940280646,
            -0.48344016292137443,
            0.8328140487230055,
            0.874688354686405,
            0.6169019782944684,
            -0.1469582126064751,
            0.6505718802225396,
            0.29668574599054726,
            0.5118980706428867,
            0.8266634431827318,
            0.08133349758486318,
            0.5707022899743447,
            1.0606881342240604,
            -0.34828977563846225,
            -0.3921608435325284,
            0.641226661830402,
            0.4937570543736933,
            0.726567623594269,
            0.053872222326129815,
            0.15745512689502605,
            0.5047549770659276,
            0.8431686108793186,
            0.8409268804444533,
            0.2555793346887373
        ],
        [
            0.28976473952382187,
            -0.013380671429924735,
            -0.31024739399305395,
            0.6882406704142194,
            0.8788281011507297,
            0.6080719830397561,
            1.2163954291112264,
            -0.2742133059776333,
            0.27137917067542594,
            -0.0816768531370561,
            0.05459609618148636,
            0.32759558894393087,
            0.2507580613721109,
            0.36543467428894993,
            0.025799152729175434,
            0.22694995851583522,
            0.5304248530101827,
            -0.20973510179310217,
            -0.5724766556304806,
            -0.4356120852040505,
            -0.32847770074917876,
            0.26466842200395574,
            -0.4380485029841808,
            0.11818200391082272,
            0.19334059884584837,
            -0.3429199826715503,
            0.10930912567911037,
            0.024388028237715194,
            -0.05235037340175988,
            0.09035082346979131,
            -0.1445089153283782,
            0.5559060692191977,
            0.8873839664952139,
            0.307027774843627,
            -0.04768587224298405,
            -0.2376432690114568,
            0.2412092798235725,
            0.27637012278350126,
            0.4386286319805385,
            0.1846171568605763,
            0.027182285857301196,
            0.23464025540993164,
            0.006319514654297942,
            0.7087942740974719,
            0.3806487004630785,
            0.5541759497307579,
            0.38650160189750504,
            -0.27152974959368953,
            -0.16012801520098957,
            0.20379865500624353,
            0.16103837320555323,
            0.05703798895569327,
            0.23991623378090485,
            0.4526807214580281,
            -0.11466326073557208,
            -0.10314742597392965,
            0.7005998800821535,
            0.2140225023961461,
            0.5463124371130367,
            0.02295925269561729,
            0.47804090500700136,
            -0.34483300231990244,
            0.06058569044846914,
            -0.23457453897973587,
            0.34165342275752514,
            -0.2802979715637182,
            0.22759960096606055,
            0.5500983491810503,
            0.5259073544206693,
            0.08328820655329491,
            -0.01892694267254238,
            0.0971671826653859,
            -0.14937980000899484,
            -0.22800346736563917,
            -0.33290247512401744,
            0.14575026596253196,
            -0.237449064460889,
            -0.2228979949075804,
            0.6396708885151751,
            0.7212364694569864,
            0.45753271500346393,
            -0.22836791890579378,
            0.5498663241976504,
            0.28734912187714023,
            0.29029585870393293,
            0.38974534077308015,
            0.1183672555977221,
            0.28298239163888717,
            1.0084608735788547,
            -0.3070526794937259,
            -0.34561021058735186,
            0.4706044555054154,
            0.31406295552906743,
            0.524522436834605,
            -0.28127517221707005,
            0.36232958676822935,
            0.11968105912449792,
            1.1027962838923102,
            0.4844623337858882,
            0.13354485334987723
        ],
        [
            -0.2743449476974942,
            -0.6131203029594142,
            0.015697261126498302,
            -0.15650051793691627,
            -0.4252836448347825,
            -0.6205592918187545,
            -0.2742133059776333,
            1.2956314942380056,
            -0.6579257020313186,
            0.4357469966862935,
            -0.5564827470233935,
            -0.8317205165685073,
            -0.024524442542741807,
            -0.11553339735771172,
            -0.4728594957053075,
            -0.8173155500630048,
            0.0498357887733278,
            0.48198181722005784,
            0.31887032724975767,
            0.2296378189794367,
            -0.053720419687048215,
            -0.4846265615813531,
            0.5184281336556585,
            -0.5850296585898139,
            -0.7735169356680891,
            0.05490811250983644,
            -0.8488611807357563,
            -0.5723469347441694,
            0.4151930829147277,
            -0.2418498702008922,
            -0.5660751219701338,
            0.05436220366004022,
            -0.6204632958133535,
            -0.8971268298660221,
            -0.24817289381809318,
            -0.21610821865742622,
            -0.42687957797272746,
            -0.5524997505010931,
            -0.726742204907101,
            -0.35864755236358037,
            -0.6380864381186538,
            -0.036856037834618306,
            0.33441213504165823,
            -0.5641187671650453,
            -0.6228610798157437,
            -0.4094580254193981,
            -0.716729733077816,
            0.7220973810263124,
            0.5226816135243524,
            -0.6917596566451921,
            -0.6853081273802107,
            -0.06258567059237659,
            0.08898829272618115,
            -0.7944545859977302,
            -0.21211306900589894,
            0.1324383754366047,
            -0.602609506633834,
            -0.5049305001445531,
            -0.10948951916045227,
            -0.5627196557314561,
            0.018872904534068213,
            0.6020520662021305,
            -0.3148248568795865,
            0.9216009910619327,
            -0.4352231178141395,
            -0.9129922280123597,
            0.16807887646857453,
            -0.6602977712704502,
            -0.9050462779708877,
            -0.4282675559515516,
            -0.05616083620184427,
            -0.5057269454116289,
            0.2731537971139118,
            -0.03667334108068371,
            0.998544874662757,
            -0.3492333637010862,
            -0.00663035583493208,
            0.15429387863117902,
            -0.499458984052606,
            -0.7142093108170604,
            -0.6840742250426497,
            0.004272196274912807,
            -0.6335002100590593,
            -0.2740282544743961,
            -0.4033915174831204,
            -0.8789572679868711,
            0.2525255489018274,
            -0.7270387087820882,
            -0.8277455255425906,
            0.4186481927999075,
            0.41583715035055746,
            -0.6714837677448204,
            -0.7670834476150868,
            -0.8202480351937362,
            -0.25065707255431224,
            -0.03205407954041938,
            -0.7847194854825844,
            -0.38724739323732416,
            -0.5647571984968126,
            -0.5189874937567092
        ],
        [
            0.6548639839242959,
            0.4460420322654254,
            0.027051819927662757,
            0.476407866831511,
            0.32536632589559344,
            0.666152607909261,
            0.27137917067542594,
            -0.6579257020313186,
            1.0068319562058397,
            -0.41935814079251876,
            0.4101501584218323,
            0.44731741741586534,
            0.2804529095175699,
            0.06557198745823756,
            0.3025109243271029,
            0.725025651850635,
            0.256485820537941,
            -0.3522953055147464,
            -0.5070218413811914,
            -0.30771477546466325,
            0.25011739697118257,
            0.40855191458386875,
            -0.12154258245268518,
            0.4986175742018826,
            0.5526249807374467,
            -0.13408004778460175,
            0.6622047947895576,
            0.05492704662008676,
            -0.3885413943467455,
            0.3485414978709525,
            0.3564148872569407,
            0.1020857219651901,
            0.8096777847960682,
            0.7232310921049332,
            0.01675228104032512,
            -0.19775725030831243,
            0.8635721755946846,
            0.546813499188403,
            0.3885437109854428,
            -0.17915338717994847,
            0.5025947438224435,
            0.04790039991491938,
            -0.2007264061245124,
            0.4703026143065429,
            0.7553049529680692,
            0.44160872404070023,
            0.5454698271411067,
            -0.6083276430198827,
            -0.26482444709639,
            0.47543636613462303,
            0.7227922073751186,
            -0.11864791074268262,
            0.2199745262927479,
            0.5676072067159962,
            -0.3049925405582327,
            -0.20299787948560674,
            0.7448970490760436,
            -0.09364817186296623,
            0.15603519418785144,
            0.616164706331744,
            -0.014332622517574478,
            -0.3105930809193046,
            0.4088052642438872,
            -0.2933129696435827,
            0.7019004587581021,
            0.3970691197481079,
            -0.03517524194212794,
            0.6432965805117956,
            0.7469757381231575,
            0.4239700476194878,
            -0.08176089406272206,
            0.35452173380785595,
            -0.373314541758233,
            0.38149443278283285,
            -0.30376359468615755,
            0.09294127569822534,
            -0.24935001516226765,
            -0.09484142621089191,
            0.5105841762023487,
            0.7265439216700184,
            0.877403218240079,
            -0.2852315258580389,
            0.4016928251630549,
            0.026212025448223496,
            0.46659568651821764,
            0.8414441110320102,
            0.022470323200368854,
            0.6727938116963388,
            0.805429039244089,
            -0.1522162612630167,
            -0.4863823425712015,
            0.802402961981359,
            0.5699394122598974,
            0.706925527372766,
            0.1746362837397855,
            0.03941296410143434,
            0.5757090774277847,
            0.5034914006997887,
            0.6270649781237008,
            0.3113613716058012
        ],
        [
            -0.17177913875948478,
            -0.05409589396722351,
            -0.10044507664505486,
            -0.1290308427487214,
            -0.3460311888188172,
            -0.2767128956920531,
            -0.0816768531370561,
            0.4357469966862935,
            -0.41935814079251876,
            0.9676090969827205,
            -0.2184421409630857,
            -0.27651368064465215,
            0.11830592812547633,
            -0.09766708240917654,
            -0.03725468283255742,
            -0.34537978045107975,
            -0.20213757602310264,
            -0.006401509172261386,
            -0.13181794290363302,
            0.054841048355131296,
            -0.23830044686444585,
            -0.2591604562823487,
            -0.17283414826697016,
            -0.12970571767544745,
            -0.19627783244335803,
            0.044970061231751714,
            -0.3007067679065929,
            -0.12185637186551222,
            0.21745357903461446,
            -0.06339859807289412,
            0.062835982538003,
            -0.20121595017725105,
            -0.41946613762569956,
            -0.3500762786698035,
            -0.029261851040022623,
            -0.058108674370557944,
            -0.53987837199796,
            -0.1584850249049052,
            -0.12121115272933457,
            -0.31583890688452576,
            -0.2481078405544736,
            -0.058101749900494534,
            0.3078700502852896,
            -0.3348056984499987,
            -0.18259261991331457,
            -0.1621681087677385,
            -0.29395307783900015,
            0.32684156124157204,
            0.2559810776905657,
            -0.07839011619234508,
            -0.17104503329182044,
            0.39994606452486414,
            0.07135487493544501,
            -0.36097948976000055,
            0.03072309602314274,
            0.0008254613436844394,
            -0.41951873930900596,
            -0.00982631593906117,
            -0.1848618264884445,
            -0.2084224401042993,
            0.13973701167556665,
            -0.10108976418956633,
            -0.1721349713851201,
            0.158978554122593,
            -0.06097514527142632,
            -0.1282547942291029,
            -0.02870552066925225,
            -0.19627159205364134,
            -0.36731087706132154,
            -0.22785673946791832,
            0.010865143143796425,
            -0.5315510078043175,
            0.1957607892420413,
            -0.612637093321015,
            0.37355189548347995,
            0.06397305517305624,
            0.1571949828152677,
            -0.10552127793628274,
            -0.14035629570129696,
            -0.4706425880745716,
            -0.3847234076121533,
            -0.12627746138330836,
            -0.013330937600158493,
            0.040318558469748016,
            -0.050966125864090196,
            -0.350298700284419,
            -0.1486259912825798,
            -0.2745140824590628,
            -0.49012219087641956,
            0.04902227289462437,
            0.31830010809707554,
            -0.2896690337375679,
            -0.40559860306702006,
            -0.33896610785528436,
            -0.20447969994880744,
            -0.0005297045475566462,
            -0.23716451853385687,
            -0.30596136522114764,
            -0.45714925761599545,
            -0.07800760725961842
        ],
        [
            0.20511202444235277,
            0.4585304039167882,
            0.1499661703915218,
            -0.09425352327972183,
            0.10684176546685892,
            0.3170542261538905,
            0.05459609618148636,
            -0.5564827470233935,
            0.4101501584218323,
            -0.2184421409630857,
            0.6321849116498005,
            0.5925360514604973,
            -0.0386162182576524,
            -0.006254350225496881,
            0.32603956232545606,
            0.3402343110104086,
            -0.20935502962042332,
            0.0021937309005920593,
            -0.22075959749356722,
            -0.32640390554039395,
            -0.1504909235175218,
            0.24599334419114854,
            -0.11576752471742781,
            0.33944878407647244,
            0.5038217745246979,
            -0.13716736319463954,
            0.4607709218030662,
            0.39656220754858335,
            -0.23355917298375134,
            0.3205853116955543,
            0.1387917525217036,
            -0.16672726285572226,
            0.12974754358581217,
            0.5218408240142136,
            0.13273223211503957,
            -0.08520403276260213,
            0.09003069101849784,
            0.5398715650616521,
            0.4099738414265208,
            0.3135199332470932,
            0.5066576394506798,
            -0.10373940557454002,
            0.021004375028971314,
            0.15510556126173755,
            0.3001110746556926,
            0.14983685042701364,
            0.32316529924757853,
            -0.2770720449208665,
            -0.3489350179885652,
            0.4768276167186767,
            0.44092980758683625,
            -0.1204601476362326,
            -0.18968913397079384,
            0.5298325306955315,
            0.03858542369347596,
            -0.13032321366124602,
            0.11492658508206507,
            0.1846372752239994,
            -0.12019499769292079,
            0.4508494708747479,
            -0.22372919614610032,
            -0.30101095703547937,
            0.22358490995508307,
            -0.33362957648687114,
            0.16904726279984744,
            0.5898968120884219,
            -0.14997273797173366,
            0.5021767244019262,
            0.4223176438908218,
            0.3125411510349598,
            -0.050212057563236635,
            0.3219062710318347,
            -0.22910481662376092,
            -0.13779927198139894,
            -0.4945874746024848,
            -0.14867796791684887,
            0.04503333660382163,
            -0.09271934094095574,
            0.23937647551019542,
            0.3566259545586973,
            0.38661639162801814,
            -0.05951814362491233,
            0.3725418827452176,
            -0.02260060964354095,
            0.3528004601665799,
            0.5353280956242502,
            -0.18089553244534187,
            0.5035508737618768,
            0.1860114693272654,
            -0.04507976060648645,
            -0.34116942558373126,
            0.26563726415719413,
            0.43794263442997755,
            0.38974421626382993,
            0.061624114970421494,
            -0.0005908303074601213,
            0.5175661591827383,
            0.16792571273263263,
            0.21242651434387597,
            0.2617078244107495
        ],
        [
            0.17065234965630283,
            0.6821983509513578,
            -0.012313530297586639,
            -0.0026171184202425334,
            0.4625399965834614,
            0.5860155400289052,
            0.32759558894393087,
            -0.8317205165685073,
            0.44731741741586534,
            -0.27651368064465215,
            0.5925360514604973,
            1.0754814071922212,
            -0.06014663376491239,
            0.02176466588660186,
            0.4792214429155795,
            0.5762775894922152,
            -0.3724541782404806,
            -0.21523382295181911,
            -0.33026987054399504,
            -0.6066691702648493,
            -0.24563044408932594,
            0.5513693300038512,
            -0.3848081710674585,
            0.40469050507758114,
            0.7924036078511609,
            -0.16076784295804694,
            0.6441468190100277,
            0.5668012109490996,
            -0.17533775386529551,
            0.41897759446518623,
            0.46259612040192993,
            -0.17824930399183264,
            0.26547154455613053,
            0.7218091807465593,
            0.20711071158242209,
            -0.05068394963055714,
            0.09148652367808939,
            0.8222069686131108,
            0.7021807329575117,
            0.8418397346119244,
            0.7541255224011906,
            -0.020575406159179556,
            0.02855715913464344,
            0.45444298760205487,
            0.34376985001088806,
            0.2532194913282499,
            0.5254627822493818,
            -0.36723046022337646,
            -0.4517765672163088,
            0.6515687508016594,
            0.6225769175662432,
            -0.19772804398612706,
            -0.2991801474762577,
            0.7391762527163434,
            0.1352855228888218,
            -0.21299726999401522,
            0.17829373626445136,
            0.5416838739131362,
            -0.03203168771958413,
            0.5316586085545637,
            -0.21722841307236399,
            -0.5834183408901408,
            0.2883613840453951,
            -0.575409791253258,
            0.1801431576528684,
            0.6838892376020157,
            -0.05083536170357717,
            0.7582480851085592,
            0.7390518684540921,
            0.3782521544505301,
            -0.005117505381275758,
            0.6228328777755412,
            -0.4110009694485477,
            -0.2910885918648416,
            -0.7405249159704781,
            0.1826115324359572,
            0.24007473630014012,
            -0.5153290200892368,
            0.49547340075606533,
            0.5197856632040848,
            0.4359534863997147,
            -0.04079243539106438,
            0.7941843712868497,
            0.005206994227902674,
            0.3180392218149072,
            0.7643614304097877,
            -0.18478746790232772,
            0.6429428648097407,
            0.3691656931562368,
            -0.3437648953136993,
            -0.38979679171033016,
            0.39551065930004214,
            0.8283853610544177,
            0.5715319008849384,
            0.12385276102389886,
            0.036404527390236203,
            0.8181289009663406,
            0.3978879960077895,
            0.3262158094229941,
            0.3916805608627207
        ],
        [
            0.3190991324862731,
            0.0002677301551203417,
            -0.20177182159499174,
            0.3243666359476866,
            0.25986555412735424,
