{
    "pos": [
        [
            0.4402693344837434,
            0.4934908993948355,
            0.007566874533748844,
            -0.01718735720861336,
            0.48450538816653527,
            0.5036071118695924,
            0.9365312353672449,
            0.3420999340959797,
            0.4725950753369424,
            0.3736250105900674,
            0.25361152140089427,
            0.2274025436065176,
            0.2107039838913124,
            -0.14313949807584608,
            0.875931991960279,
            0.44645191768665965,
            0.24898108743516645,
            0.23844025523920742,
            -0.05261065537504416,
            0.01663566409553255,
            0.22388488223759204,
            0.3577923998074009,
            0.3052540573863196,
            -0.19393722381074496,
            0.26587170989871894,
            -0.031602182839124325,
            0.1917464947322105,
            0.020680812651930378,
            0.3949522179173474,
            0.19412476007858828,
            0.5993766371748865,
            -0.18531932352830494,
            0.3361271867730663,
            0.42943730716283035,
            -0.15017020246983367,
            0.6317224259340755,
            0.4502381003450993,
            0.5936903566089436,
            0.9049642371615184,
            -0.41833109331191276,
            -0.00894646036536948,
            0.06875831644112117,
            -0.5025990157211874,
            -0.055492420111024524,
            -0.16251989121437865,
            -0.04458000865162265,
            0.2454531170199543,
            0.2233991143469797,
            -0.018008776837994775,
            0.8270379211744701,
            0.8990805276233556,
            0.6584368232399195,
            -0.030430316466459568,
            -0.09370988578804096,
            -0.20601897118747764,
            -0.06735157545206873,
            0.17754664289656097,
            -0.17954866151677754,
            0.02819943038941495,
            -0.03154631506283039,
            -0.5018848065666359,
            0.4751355497916526,
            0.6665092891631972,
            -0.09636066290224708,
            0.36620416440696674,
            -0.1345689549946261,
            -0.012385505489739844,
            -0.027565136501927608,
            0.6426291345931981,
            0.07897112183253979,
            0.015294158073023588,
            -0.176551091358982,
            -0.20265272727330896,
            -0.39066219876556896,
            0.3590087253302006,
            0.8630727593843708,
            0.032488817764313484,
            0.5072021792736584,
            0.31098521542505436,
            0.6446507156406365,
            0.4358971232267781,
            -0.09943131002940775,
            0.6303581088645782,
            -0.08027107190168375,
            0.40430585355325166,
            0.45500493568380906,
            0.6044550634680234,
            0.8610988711744882,
            -0.29826254869664054,
            0.31963553377156706,
            0.0777204388704476,
            -0.2234813696406709,
            0.7115113488195438,
            0.2438829569442091,
            0.7294295753218024,
            0.5484633426366301,
            0.28609822039702076,
            0.7433837575423072,
            -0.14998081915020953,
            0.0009015145705611511
        ],
        [
            0.4934908993948355,
            1.7068374452187378,
            -0.26724312978654763,
            -0.25741624540958513,
            1.6855017548967113,
            -0.0279186097097663,
            1.6245822429486958,
            0.13879197803384655,
            0.563164842290837,
            1.603982783603209,
            -0.5664895302477031,
            -0.22249977840595145,
            -0.46128684026465633,
            -0.07592925492877557,
            1.1478836715704488,
            0.9631141292633567,
            -0.47775776118555674,
            1.2495473255989635,
            0.1694689386519119,
            -0.795348879675192,
            1.4434534504363459,
            0.26167867139399664,
            0.06875011394896066,
            -0.17760607896310754,
            1.3708115915272554,
            1.0628279091441952,
            -0.5269335545761914,
            0.22582305693435206,
            -0.035788198980512304,
            0.2787640185994608,
            1.003754250892884,
            -0.14932514178692646,
            0.06441702956559243,
            1.2960026532525404,
            -0.563373633491071,
            1.9623178061809936,
            1.7668297372486272,
            0.12111719538136852,
            0.7919587072076069,
            -1.195756194491211,
            -0.5789344536398849,
            -0.040613171551883105,
            -1.435801528374852,
            0.15711955808261813,
            -0.15838534184387035,
            0.04385547763189174,
            0.9135693109263658,
            0.963803443761999,
            -0.002537216413810653,
            0.835878998827031,
            1.2892822008963982,
            0.9703607812080226,
            -0.06231042829643692,
            -0.06624227974401876,
            -0.30968394408573197,
            -0.0699970594682925,
            0.044339847327923974,
            -0.3641021583782628,
            -0.22158613643820427,
            -0.038989932489925896,
            -0.6702073968290021,
            0.43404301556140645,
            1.3881921797987067,
            -0.06527093065881166,
            -0.11517561736764821,
            -0.24084522693376098,
            0.13305188799545747,
            -0.29845524644184435,
            0.4789723501659133,
            1.0746074011951134,
            -0.06162960045827637,
            -0.2965719027820823,
            -0.10114767886526255,
            -0.608573555610063,
            1.1536554558950496,
            0.6714321568976277,
            -0.5851258833586747,
            0.44526261289022434,
            -0.2241833189784299,
            0.5780318469180648,
            1.0157260218115518,
            -0.09984110914910155,
            0.26417519006529017,
            -0.22999714679288222,
            0.5655598918281942,
            1.6159905028990786,
            0.3689525961223405,
            0.6190792844479996,
            -0.41995778927294136,
            -0.2892746956741069,
            -0.08429737273627452,
            -0.3057783387491382,
            0.40783865156142796,
            -0.5082539720495121,
            1.6179693327552578,
            1.022522903180684,
            0.418563379537589,
            0.8673876043522825,
            -0.13013023262450873,
            0.05207682450212789
        ],
        [
            0.007566874533748844,
            -0.26724312978654763,
            0.7393746521885696,
            0.7051110339592903,
            0.12416683919483887,
            0.48619616498497226,
            -0.2818910498248041,
            -0.038624007568428695,
            0.4443185733521536,
            -0.5232364607364973,
            0.23451957825725422,
            -0.027759384228300345,
            0.6389967183607216,
            -0.17942072792174088,
            0.00771195918696253,
            0.14922825674779622,
            0.10471777304811927,
            -0.6889050174513667,
            0.29965025638874576,
            -0.37462812264085205,
            -0.6270422303886392,
            -0.07477998513980087,
            1.2478381520260637,
            0.5348793046873882,
            -0.7750716087207348,
            -0.9169958139431307,
            0.05859802544345919,
            -0.021042374768904755,
            -0.0035944477409137494,
            0.3151849230878497,
            0.09017191864016552,
            0.31375403198246166,
            -0.2630693804534256,
            -0.5023066632449306,
            -0.9077512615182548,
            -0.6983317359558167,
            -0.6683867756509188,
            -0.04839557344681905,
            0.03521505873391644,
            -0.638474413137248,
            -0.4363674663135596,
            0.03455089092386953,
            -0.5699755254066273,
            0.052252594596362625,
            0.45274706922049734,
            0.07108148082106416,
            -0.029558843989152008,
            -0.42590700043647756,
            -0.028571996569581412,
            0.005360655430443735,
            -0.04007558246189471,
            0.15342116789318402,
            0.04858780906070003,
            0.1841497450405452,
            0.07405188759599624,
            0.24014938501758457,
            0.5209302212423004,
            -0.2222488001344464,
            -0.1042762589493238,
            0.07318367705214283,
            -0.8322109965240219,
            -0.3833854868355556,
            0.44272809683187975,
            0.2023142512184899,
            0.17775374645924874,
            0.4637526792738658,
            0.11188541199749875,
            0.18235911354277728,
            0.07183009074294273,
            0.046097274944322864,
            0.20855343500387002,
            0.12213459060803965,
            -0.4574721028911567,
            -0.40510341130814187,
            -0.6799891328853702,
            0.1896777664167551,
            0.20749983500428823,
            -0.06345262302361196,
            -0.2287401173705122,
            0.003908686800569778,
            0.1763317304815913,
            0.21895745379981593,
            0.28885934391086276,
            0.014409260962081222,
            -0.16701265556371625,
            -0.779872536555771,
            -0.027111644299231127,
            0.09450907127843618,
            -0.25336436827363945,
            -0.16899101564691366,
            0.07709858185227729,
            -0.0872378413505012,
            -0.30868343581244456,
            0.8513067973351522,
            -0.33866968055665686,
            -0.49855178732766314,
            0.871397345229576,
            0.07235822643164586,
            -0.07365005026420676,
            -0.10457835957457014
        ],
        [
            -0.01718735720861336,
            -0.25741624540958513,
            0.7051110339592903,
            0.6951764445610551,
            0.16310220053482882,
            0.37233084285953383,
            -0.2891016780237476,
            0.05724944102565563,
            0.48305370388347724,
            -0.3937763560998475,
            0.19852697803241545,
            0.18071840239234616,
            0.6593132324712665,
            -0.06284362768622212,
            -0.04436275729937633,
            0.1221888958628727,
            0.3032628182153375,
            -0.4431563992185396,
            0.27474496640569573,
            -0.4506509690002518,
            -0.5065026764567248,
            -0.08070619746667446,
            1.1560385366177048,
            0.5093008754104554,
            -0.6601298691438632,
            -0.6717469973949667,
            0.21640193182244688,
            -0.02545073405916065,
            -0.034976317079959275,
            0.2758127348831262,
            0.13781881948938,
            0.28605939057325014,
            -0.21863301322135298,
            -0.34430758625445596,
            -0.8572612341598094,
            -0.593928616608025,
            -0.6132561234884072,
            -0.09403390842883935,
            0.034712232792721905,
            -0.6460754496189963,
            -0.45388192762057156,
            0.01972472964140836,
            -0.5745656169276021,
            0.05065806355837171,
            0.43144317030487306,
            0.05953157956436006,
            0.004382004577662188,
            -0.3613914331360896,
            -0.020315768804699014,
            0.008555477025715857,
            -0.12289361282764089,
            0.20020932258484386,
            0.04577005875120821,
            0.17287054949000688,
            0.038491319713428764,
            0.19035664311383826,
            0.4657081359254151,
            -0.1969194586115844,
            0.01476857657082667,
            0.0673258999566886,
            -0.6541912685083004,
            -0.31126616346436353,
            0.42260586522469223,
            0.1900558121353444,
            0.12556794837209295,
            0.421074298350519,
            0.11666881050608369,
            0.21081336015896804,
            0.09681450974011903,
            0.06459508558487505,
            0.18094216785567407,
            0.10112451631879354,
            -0.43140316687442515,
            -0.10887358008290147,
            -0.5093707359925327,
            0.19936688143507272,
            0.3463987644239381,
            -0.06212846217236589,
            -0.250298136463477,
            0.06419914456081662,
            0.2124710029011042,
            0.2191259945596381,
            0.34807340445763174,
            0.002661335589850834,
            -0.1003311788800969,
            -0.7223466780969776,
            -0.10066584631072946,
            0.09518140687111848,
            -0.23861605076662207,
            0.019785625964303277,
            0.05156709583181532,
            -0.14061330145797613,
            -0.29206133994790595,
            0.7223519242735765,
            -0.23234374394056656,
            -0.4671299101930407,
            0.8392566305658028,
            0.0550793426110312,
            -0.09277538412255737,
            -0.10784307177289798
        ],
        [
            0.48450538816653527,
            1.6855017548967113,
            0.12416683919483887,
            0.16310220053482882,
            2.653243966107828,
            -0.480427504745569,
            2.0821962325852525,
            1.0059347542031767,
            1.872285274416523,
            1.5795665394763116,
            -0.7813933405290396,
            0.5803697679294187,
            -0.21799428892880401,
            0.03645751600753619,
            1.2386498442884137,
            0.7873628053208352,
            0.4605979250264479,
            1.7471460826880187,
            0.1565737181477431,
            -1.448156019359549,
            1.6807043875062062,
            -0.15261896795154062,
            0.7290796885024011,
            -0.022084031377550096,
            0.9400609573526281,
            0.6960356088913068,
            0.0432603710338696,
            0.4186484308064651,
            0.3778575162773105,
            0.36654653132214826,
            1.1735068505351034,
            -0.03809110723939886,
            0.7799295012177989,
            2.314095548376734,
            -1.8127508538148556,
            2.528512722602784,
            1.836156719271584,
            -0.06885564920179871,
            1.7718419146766078,
            -1.523302712226955,
            -1.1112838418163469,
            -0.12047544414691627,
            -1.4087825077502145,
            -0.11209385041693201,
            -0.04248615643405018,
            0.06393056776441236,
            1.562069547785372,
            1.7940481004873157,
            -0.006033843859979973,
            1.2838679323326634,
            0.8466504996824042,
            2.421873231676871,
            -0.051738715618611666,
            -0.0050673300991563724,
            -0.29542351132605255,
            -0.18764379835176914,
            0.2134281040557093,
            -0.5925696574408653,
            0.18195984392002307,
            -0.019322490724490507,
            -1.4778276216895057,
            1.3532184541982257,
            2.1271889244425846,
            0.003809535378852485,
            -0.3289934517298197,
            -0.13951409506727092,
            -0.03488507591071538,
            0.15436020857457097,
            2.06187271333875,
            1.4188517052562069,
            -0.06647167644672357,
            -0.3760018759333936,
            -0.38474413839844435,
            -0.6629266584289034,
            1.2082390472937912,
            2.1895276115016786,
            0.39736621905203257,
            0.35440628619289893,
            -1.0692582268821453,
            1.747282440852634,
            1.886079141780308,
            -0.044239805659571384,
            1.9660688813510152,
            -0.24189196913786187,
            0.3784522480629628,
            1.6247044328352622,
            -0.006412373511347121,
            0.8604930558305682,
            -0.5585872485708567,
            0.19643524876254484,
            -0.20852666268259418,
            -0.9566571273802755,
            0.5480712051350128,
            -0.5654248183966902,
            2.9525738917588287,
            0.3951824208635586,
            1.405503950686788,
            0.828365985888906,
            -0.24384289650491456,
            0.06612762901257038
        ],
        [
            0.5036071118695924,
            -0.0279186097097663,
            0.48619616498497226,
            0.37233084285953383,
            -0.480427504745569,
            1.6038845994388202,
            0.22403817586886288,
            -0.38004727562367036,
            -0.16705920361435717,
            -0.5097247842937621,
            0.9173086726796944,
            -0.48509463830608807,
            0.7878063743551045,
            -0.5383868198817122,
            0.8675086523895358,
            0.6481572077648003,
            -0.3620481349536441,
            -1.2710017973790437,
            0.19131898545320156,
            0.4797733878293012,
            -0.9627166298047988,
            0.6791944572698323,
            1.1107049975473855,
            0.17694898951316984,
            -0.49122255337144227,
            -1.1175594054231075,
            -0.140803219500377,
            -0.19970063614030806,
            0.24901119526094823,
            0.446668542463573,
            0.44853399468087035,
            0.014902597324537145,
            -0.40588551107823484,
            -1.1778563683780774,
            0.04904052029812578,
            -0.8564100910950656,
            -0.5856586566587046,
            0.9242201075676273,
            0.2805922371264764,
            -0.5672523836157173,
            0.17927085466942688,
            0.21326125683404396,
            -0.8357741111410353,
            0.14299479459022035,
            0.1662350094597106,
            -0.012146949457433671,
            -0.48234904049445104,
            -1.061760318580344,
            -0.05517522385390287,
            0.5498036456005153,
            1.2654931963238423,
            -0.4108093833632663,
            0.014392054989557103,
            0.021959021515658206,
            -0.10614947076254307,
            0.2875167438061988,
            0.6275766432319271,
            -0.1944347302194412,
            -0.42784782658203596,
            0.024873995062589915,
            -0.8004276176936909,
            -0.6135369953842991,
            0.37641993251517714,
            0.029474323303234636,
            0.9109039722931753,
            0.26853358556141793,
            0.17726917076080687,
            -0.1724211389730465,
            -0.45670157817536083,
            -0.4293815662274206,
            0.2590251973734623,
            0.034380154420811146,
            -0.47037498251226584,
            -0.9783136393591092,
            -0.6528339110998929,
            -0.034889276012374404,
            -0.5114481274184431,
            0.5821977554881163,
            0.9592509587224307,
            -0.2515101606663114,
            -0.23814890004285927,
            0.04870013493695396,
            -0.34217464423857114,
            -0.013292939877698709,
            0.32788730831618423,
            -0.5952702947324958,
            1.0636218027079194,
            0.9015397779598167,
            -0.4301247959669521,
            -0.20291596214159024,
            0.32141937079593763,
            0.2608460988370195,
            0.44929596712820896,
            1.418865047721827,
            -0.9059020828060516,
            0.47585131564047245,
            0.3308135628296206,
            0.891186107933931,
            -0.12904371584945948,
            -0.11680106623472751
        ],
        [
            0.9365312353672449,
            1.6245822429486958,
            -0.2818910498248041,
            -0.2891016780237476,
            2.0821962325852525,
            0.22403817586886288,
            2.757279048339449,
            1.2883246483957498,
            1.7025116899684307,
            1.4860622877918983,
            -0.07957592793087899,
            0.8315101746073005,
            -0.08116835800529316,
            -0.13090929243720661,
            2.0150891860476445,
            0.8822256076201896,
            0.796130045805426,
            1.58340627347724,
            -0.23960957885127634,
            -0.45115747994158606,
            1.458040850442053,
            0.43939507152630236,
            0.23402974325139142,
            -0.6417471157136109,
            1.0872945785027888,
            0.5343234847260336,
            0.4489988582362604,
            0.2859337363567843,
            1.0162159710875274,
            0.30148981944341285,
            1.4267955799486096,
            -0.49168464598606554,
            1.3262414661199318,
            2.261866812635619,
            -0.8252343381238106,
            2.665479459607843,
            1.9018343050619408,
            0.9790863578313012,
            2.58718073449454,
            -0.9400455226348546,
            -0.3165865686324371,
            0.025634608302925577,
            -0.9417300766123748,
            -0.2885888234738934,
            -0.5558917985290788,
            -0.08890117166555522,
            1.2581488607715756,
            1.646328113809669,
            -0.019458122669448352,
            2.0680317944395057,
            1.738406854133579,
            2.483088190617108,
            -0.09924478829037377,
            -0.261507233530295,
            -0.4836442833966311,
            -0.3739809901705369,
            0.11629518086229865,
            -0.47541759193349775,
            0.28642377602883606,
            -0.10140355869460622,
            -1.256328419499353,
            1.9260936407202867,
            1.9186169586164372,
            -0.27189771593489076,
            0.32662162943349654,
            -0.5427196516099431,
            -0.18995925591857024,
            0.05454292212112863,
            2.4575612034688654,
            0.7443903883007202,
            -0.1313545657211472,
            -0.5460851803317924,
            -0.29683339025633737,
            -0.8314100336697007,
            1.4492615673955598,
            2.779462838596698,
            0.3848068764662939,
            1.004190945069054,
            -0.03311110541942249,
            2.195883576073029,
            1.6480376751329429,
            -0.3200541634326834,
            2.276142010452065,
            -0.23205033235539513,
            0.8261630585525142,
            1.887114329149143,
            0.9420918530028622,
            1.8242365007756385,
            -0.5995460009973226,
            0.8303596584640442,
            -0.03312596682115903,
            -0.9098629082542588,
            1.69109218648103,
            -0.3341468364893022,
            3.058125810590954,
            1.1500324917921176,
            0.8149360287409428,
            1.5160563966534135,
            -0.3289056816159558,
            0.10833078245512849
        ],
        [
            0.3420999340959797,
            0.13879197803384655,
            -0.038624007568428695,
            0.05724944102565563,
            1.0059347542031767,
            -0.38004727562367036,
            1.2883246483957498,
            1.7091496498992944,
            1.660822528261662,
            0.5880679357659858,
            0.16205443493679422,
            2.037733854539507,
            0.4713281121318973,
            0.4607256383033173,
            0.7077142206161198,
            -0.12942625537640126,
            2.210614343276418,
            1.595992070150299,
            -0.44375121893211866,
            -0.3155207508051965,
            0.7285989925652392,
            0.03080678256139845,
            0.018194659856207017,
            -0.4730442433315428,
            0.21914535113688466,
            0.5292014375099531,
            1.65296317953637,
            0.11884214624904861,
            0.9294090891704099,
            -0.0762033247168131,
            0.7424929156824275,
            -0.39191980709908525,
            1.5300867909546076,
            1.9635931300717744,
            -0.5026087106885841,
            1.4304101504772977,
            0.5430417816577477,
            0.5250218716237187,
            1.9886041629339535,
            -0.05922663728286756,
            -0.08386464950958147,
            -0.03126521473226653,
            0.2518599321691888,
            -0.46811988590724285,
            -0.40884552000520885,
            -0.1531787252302272,
            0.7495707993588286,
            1.226823258451344,
            0.017225150655891946,
            1.3413836819508722,
            0.0545824334223063,
            2.1056483621909017,
            -0.04654825758452818,
            -0.20301882859471748,
            -0.33107431954182315,
            -0.5154671899293676,
            -0.09208467529973355,
            -0.11137401107273302,
            1.0495067076750677,
            -0.0757593568255437,
            -0.1278773065396384,
            1.9507584186009972,
            0.7847644551331621,
            -0.21404825536612906,
            0.10162738746688715,
            -0.42658134335933645,
            -0.30118033302249103,
            0.5481050130440205,
            2.4130837607140734,
            0.009679689686422839,
            -0.17891600272749375,
            -0.3632150515576973,
            -0.1800169212013592,
            0.9475020006069663,
            1.0988258707432805,
            2.4692428186946014,
            1.6950850796796368,
            0.5215982012187889,
            -0.2152261956633583,
            2.120140725223068,
            1.1023196347287934,
            -0.18135444689228722,
            2.607582901781775,
            -0.07950916805343947,
            0.5099772491691286,
            0.6350654049176154,
            0.12451229739850156,
            1.222052252270257,
            -0.1959236527397642,
            1.9027435490158642,
            -0.1066884051029709,
            -1.000586662504198,
            1.2898346362788633,
            -0.4297427258740861,
            2.3082511365792646,
            0.14512874932151873,
            0.6008523349921777,
            0.59048570963124,
            -0.3094384993664552,
            0.04276522408442054
        ],
        [
            0.4725950753369424,
            0.563164842290837,
            0.4443185733521536,
            0.48305370388347724,
            1.872285274416523,
            -0.16705920361435717,
            1.7025116899684307,
            1.660822528261662,
            2.301329384013359,
            0.5690099822988427,
            -0.036986241287588054,
            1.5686910428010399,
            0.5556458260878789,
            0.12305361918725549,
            1.080147915426457,
            0.24191748345175626,
            1.7566829777718849,
            1.246724580109885,
            -0.12807211311929742,
            -0.8988149957496179,
            0.7389037603145854,
            -0.13370386348719424,
            1.0503635882529607,
            -0.08340136686562138,
            -0.09421065764069886,
            -0.20173391390655154,
            1.1589739029633825,
            0.2745030181886865,
            0.9790121917601899,
            0.2773740402835561,
            0.9667474148339933,
            -0.12011538554614587,
            1.4109215272390352,
            2.051875380116851,
            -1.7133890577086015,
            1.6364813295691425,
            0.7088593894834231,
            0.3968739983273772,
            2.3535542599153536,
            -0.8808619023054671,
            -0.7020738505427863,
            -0.04354300346722895,
            -0.5080123489087077,
            -0.42937193287542663,
            -0.08910069437896705,
            -0.04370371219787397,
            1.1798528035189642,
            1.454785892279367,
            -0.01472590917034005,
            1.5615478382062562,
            0.3668861693069318,
            2.7328261029550482,
            -0.027443287385767474,
            -0.052943614168355926,
            -0.2645009519849085,
            -0.30578051658153227,
            0.3369858614258461,
            -0.4678690123615737,
            0.7101684869730351,
            -0.021913116840691527,
            -1.402593238535693,
            1.8796433569192281,
            1.6989078294952842,
            -0.047860358350635054,
            0.07802957530517518,
            -0.09923535328465777,
            -0.24087562516143188,
            0.5912560881828873,
            2.874724293985274,
            0.5565491970918223,
            -0.032262485938313365,
            -0.3413716270978965,
            -0.5545000882579941,
            -0.16940977922434242,
            0.7172600315777239,
            3.02110384549629,
            1.4888567980720406,
            0.4767205471424578,
            -0.7629052422693273,
            2.3707182441250962,
            1.6860253947882802,
            -0.056308186300857856,
            3.044122008727422,
            -0.12183617298815025,
            0.3062526654701589,
            0.6455214917253653,
            0.12853602314838825,
            1.3208508204819098,
            -0.4972858481221585,
            1.2441771756300355,
            -0.10616612198460962,
            -1.1771505469628047,
            1.0571430064290126,
            0.016432055680132184,
            2.7531955785610167,
            -0.13057624512677135,
            1.5490086180435316,
            0.7892743364674385,
            -0.3423113809418669,
            0.02245934173361387
        ],
        [
            0.3736250105900674,
            1.603982783603209,
            -0.5232364607364973,
            -0.3937763560998475,
            1.5795665394763116,
            -0.5097247842937621,
            1.4860622877918983,
            0.5880679357659858,
            0.5690099822988427,
            2.141482620744988,
            -0.6058146462787678,
            0.8533257365004243,
            -0.3318885273466923,
            0.517710052305033,
            0.8551704685697404,
            0.7572286616813116,
            0.5642144314521998,
            2.379452482918105,
            -0.030103328460677717,
            -0.936354719689029,
            1.9121125087172364,
            0.3165743533621489,
            -0.5661622778648282,
            -0.3963133979811725,
            1.9238632661035533,
            2.289192667448543,
            0.34750711877187335,
            0.14947427769450192,
            -0.15729755300440762,
            0.023811522094340218,
            1.1765429282197883,
            -0.3528752207474996,
            0.3002665635601338,
            1.9233697967804195,
            0.0034187473187369637,
            2.3146963635671742,
            1.912811763948231,
            0.014400478745581813,
            0.7277671003137435,
            -1.0135741095983553,
            -0.4656912594084318,
            -0.09093788074612678,
            -1.2630251401119563,
            0.13596914062509063,
            -0.3382171051241071,
            -0.04262909981020036,
            0.9154487271620056,
            1.133331085562618,
            0.04042840004543352,
            0.8313203263375919,
            0.8844546451198765,
            1.0031966542157187,
            -0.07920815987741216,
            -0.1599505321135869,
            -0.4941151559655972,
            -0.34275589735055206,
            -0.288311827446358,
            -0.15851190536417076,
            0.40346508927225194,
            -0.07950901076252948,
            0.4435503965469256,
            0.7696403180033304,
            1.0556956753850137,
            -0.1676431015600999,
            -0.2850288995223363,
            -0.5112383529648618,
            0.13987701443241685,
            -0.178068043244498,
            0.4722317872972164,
            0.9613836029080871,
            -0.2132164916883589,
            -0.39624632660935716,
            0.09104489772643862,
            0.9976776564200729,
            1.9852114603909676,
            0.5933486132001337,
            0.10485231012340562,
            0.49956863786564576,
            -0.11213194142072068,
            0.7925694473395731,
            1.0035399968658807,
            -0.132921260227462,
            0.43120200493585736,
            -0.26895314591138464,
            0.9390690656818443,
            1.819829678039688,
            0.09698109888046519,
            0.6589686315016219,
            -0.29127291087709145,
            0.7664795084699038,
            -0.1804106322346751,
            -0.4932147115726461,
            0.5903079204046093,
            -1.1260283355929637,
            1.9316697106581877,
            1.2526423047452484,
            0.03335881410249968,
            0.7824989740476079,
            -0.21737623150993404,
            0.036338931598317796
        ],
        [
            0.25361152140089427,
            -0.5664895302477031,
            0.23451957825725422,
            0.19852697803241545,
            -0.7813933405290396,
            0.9173086726796944,
            -0.07957592793087899,
            0.16205443493679422,
            -0.036986241287588054,
            -0.6058146462787678,
            0.8681534434030619,
            0.4057235317897796,
            0.7449022459710143,
            -0.11477592811495806,
            0.3419347199739108,
            0.03080164366558702,
            0.5947637777954798,
            -0.6595015465501269,
            -0.12924773920485774,
            0.6324921990024593,
            -0.8411942431670119,
            0.44632277609875715,
            0.4057198151993757,
            -0.07806629442075394,
            -0.5340144904589145,
            -0.6596266860518663,
            0.6254802383184864,
            -0.2122973346481381,
            0.397363367426734,
            0.09486155465025059,
            0.15669388520909353,
            -0.13667820229751887,
            0.13951571131327806,
            -0.6551114239433099,
            0.4347351862451976,
            -0.7894899878913668,
            -0.7712407325928984,
            0.7615373164249966,
            0.37231956263506083,
            0.1771951004312066,
            0.44528135634329885,
            0.149373777667118,
            0.12029723301026388,
            -0.07709192016022783,
            -0.05189010001020449,
            -0.09348263647966558,
            -0.5077227840228712,
            -0.7238668232412291,
            -0.021729125833430084,
            0.42188391407357523,
            0.4232464446493125,
            -0.1901322166805991,
            0.008147171296147669,
            -0.06700299584616845,
            -0.09590225629979648,
            0.01281678352866996,
            0.249975121670729,
            0.04967085383476191,
            0.14867580480011128,
            -0.00940751107202353,
            0.011666815128155624,
            -0.004400586939469472,
            -0.2007166724537729,
            -0.0701124735234122,
            0.6738900179941342,
            0.031062362639009983,
            -0.011736310962019998,
            0.09001986575887524,
            0.038503733566008336,
            -0.7404387953128329,
            0.09773163641375741,
            0.001212819143391098,
            -0.21678952196138612,
            0.10395729128520943,
            -0.3378938833795531,
            0.25653268519031736,
            0.3118944281861511,
            0.4206440347752131,
            0.8195984826765064,
            0.1425845846475285,
            -0.3288218103375462,
            -0.026499801653129536,
            0.23046037364710734,
            0.04442914673141455,
            0.2668116738572356,
            -0.6655885457534275,
            0.6453317421352712,
            0.7227977491108601,
            -0.13299390676212816,
            0.6373183785956122,
            0.20996296729142128,
            0.05448680626295236,
            0.5966817662992957,
            0.8334940696529349,
            -0.5828483694203995,
            0.17419617336381846,
            -0.03351468071892245,
            0.457336882155039,
            -0.1214543020970838,
            -0.07495093241773682
        ],
        [
            0.2274025436065176,
            -0.22249977840595145,
            -0.027759384228300345,
            0.18071840239234616,
            0.5803697679294187,
            -0.48509463830608807,
            0.8315101746073005,
            2.037733854539507,
            1.5686910428010399,
            0.8533257365004243,
            0.4057235317897796,
            3.165285681852486,
            0.9909596581154434,
            1.0332782226956225,
            0.3621951127179535,
            -0.27635272790295445,
            3.3628662637310343,
            2.359113698379127,
            -0.5480412592047978,
            -0.4179287123812998,
            0.7745181127459146,
            0.20485423666767796,
            -0.21362696667691616,
            -0.5073548856202104,
            0.48603908472779334,
            1.4964391288029366,
            2.6745749489962694,
            -0.05850503898877453,
            0.7406065930787742,
            -0.2352217207583166,
            0.9485625718145093,
            -0.5160065317499652,
            1.5293086282816173,
            2.105979387888282,
            0.0722616404225278,
            1.222485883057635,
            0.22783832353391392,
            0.5133893765921582,
            1.7336981756457612,
            -0.0350300099747406,
            0.026317236415419144,
            -0.03505441605340964,
            0.21559430229970458,
            -0.41865117661406925,
            -0.4260155031884823,
            -0.2375430157542888,
            0.501488727739249,
            0.9092133122049237,
            0.05182642986550399,
            1.2698649280412038,
            -0.31694144873242774,
            1.839145401435311,
            -0.042316362399217815,
            -0.24332046654545236,
            -0.5202327973921,
            -0.6877372595857082,
            -0.23412132207160732,
            0.08839558325335335,
            1.6664011421834417,
            -0.09207631785920577,
            0.9764120699703233,
            1.934019122200769,
            0.3838246151798661,
            -0.25780064518600326,
            0.12751756681001106,
            -0.5292475624606474,
            -0.2035363741346834,
            0.6947684589568658,
            2.0698415930154175,
            -0.3000762939490608,
            -0.239235498526398,
            -0.394832636382947,
            -0.14025742260499288,
            2.6815480699363317,
            1.6597960610310398,
            2.138605130130684,
            2.4392401659084175,
            0.6184868243424289,
            0.1081680784049251,
            2.110543920829224,
            0.9091660570915494,
            -0.1256133156463539,
            2.5791628835301488,
            -0.10452864488095548,
            0.9317739669615318,
            0.3637993570910565,
            -0.049455259398466886,
            1.3383192810794828,
            -0.1450636472130545,
            3.0407745534384274,
            -0.12440205324930431,
            -1.1009477380842454,
            1.3863968646085132,
            -0.6046289169225414,
            2.09056942939409,
            0.3121780860111858,
            0.33730463570469893,
            0.5734276924149057,
            -0.43519850859450104,
            -0.041720910622464615
        ],
        [
            0.2107039838913124,
            -0.46128684026465633,
            0.6389967183607216,
            0.6593132324712665,
            -0.21799428892880401,
            0.7878063743551045,
            -0.08116835800529316,
            0.4713281121318973,
            0.5556458260878789,
            -0.3318885273466923,
            0.7449022459710143,
