{
    "pos": [
        [
            0.8603114264259744,
            0.5143695814077438,
            0.7191635284699772,
            0.7671669177140407,
            1.098973697291904,
            0.8006979109982156,
            0.6276293561326461,
            0.21785290866902504,
            0.56263303900035,
            0.6100761299660089,
            0.5648311639907646,
            -0.03019181437774667,
            0.6567545349767516,
            -0.21998777026759,
            -0.09966846215645171,
            0.34047123798253703,
            -0.008952026898940849,
            0.8930590585791575,
            0.24227381464745326,
            0.3875970861813096,
            0.005847104013602413,
            0.31330713871360066,
            1.1541014235991331,
            0.04873009844593484,
            1.0626512482360453,
            0.2302352269789776,
            1.009811396505914,
            0.4682593652796068,
            0.0314418555647608,
            0.7300167813871808,
            0.4244035305916661,
            -0.5141823775959038,
            -0.27054457462805276,
            0.7341127871058168,
            0.16695455006742427,
            0.14609524405691637,
            0.9995793015575172,
            0.5355193308506259,
            -0.6026801373460452,
            1.1858179372326314,
            -0.5433362631588275,
            -0.002494661031526101,
            1.1615685716121706,
            0.0020114351663218064,
            0.06067923326657868,
            0.06555200195789887,
            0.29301733262903623,
            -0.24760224885087315,
            -0.010876263836365382,
            0.005030719762593504,
            -0.14028905966890512,
            0.19850621014609376,
            -0.02700754140675871,
            0.023328733762917345,
            -0.0429102532867154,
            0.544207193080375,
            0.1836355494792944,
            0.05203906523291352,
            0.1497815002113772,
            0.21307948605801758,
            0.13562663724885796,
            0.10209502311439922,
            0.9816591913854947,
            0.01873190908926395,
            -0.17071562341046798,
            -0.13342392551776813,
            -0.1487587639039168,
            -0.5762937996737374,
            -0.05557765556388353,
            1.0319176759048976,
            -0.20096667754735834,
            -0.24012227226962854,
            -0.4555482752408813,
            0.09054489576387173,
            0.6594284879608527,
            0.829085539451073,
            0.3152370584945316,
            -0.07080678373242394,
            1.0762540139285601,
            0.4058468262436081,
            1.4980272382065145,
            0.024452141353607446,
            0.8068528003716545,
            0.07821247109895707,
            0.7037855336234821,
            0.5622243371278619,
            0.7147878225092005,
            0.5925865692375907,
            0.09416409804623092,
            0.6206655637296364,
            0.010379165808347787,
            0.21368164466121112,
            -0.04686068623358448,
            0.3439578439037836,
            0.5034556108520934,
            0.4512954421713331,
            0.6417782356304884,
            0.6187750279860179,
            -0.0546892384337179,
            0.12017765975140923
        ],
        [
            0.5143695814077438,
            0.6563827583467157,
            0.2726500951111379,
            0.3253325156932286,
            1.2689888747353903,
            1.055865215222098,
            0.6219569109514039,
            -0.013833315482117357,
            0.6611858554724688,
            0.5038902082483558,
            0.08123229759752254,
            0.12993114606117426,
            1.123398910637087,
            -0.05104382953283711,
            0.16901543099629998,
            0.7691117365935947,
            0.05137169066300706,
            1.173102553191452,
            0.2737010522158508,
            1.0067306850535798,
            0.035169596584630196,
            0.9698602009292071,
            1.4079171509802795,
            0.007917561729334157,
            1.4902593987419301,
            0.29969211933826434,
            1.3828738340781606,
            0.2027395965453364,
            0.10920707662099083,
            1.3880632862658004,
            0.42505209121228776,
            -0.6552213132349322,
            -0.13617393492772983,
            1.1604810582014526,
            -0.1853887020805499,
            0.10576414852772417,
            1.0968527563563157,
            0.7152996750159362,
            0.0987724074387078,
            0.9637212812017358,
            -0.28679212534126153,
            -0.1393777922298689,
            1.1712664449913093,
            -0.2196588055284407,
            0.06968358016836557,
            -0.12373999263598588,
            0.4839639148918926,
            0.0682397413569138,
            -0.023226930643469677,
            -0.03050641893304617,
            0.052364960424774495,
            0.5389614824139749,
            0.023692487654344122,
            -0.28928167291149404,
            -0.20578746034093948,
            0.3803175839151689,
            -0.32455607315219226,
            0.0869092295496311,
            0.268123572050996,
            0.07185559430604538,
            0.22164210177267424,
            0.5355149276878967,
            0.9613961124512997,
            -0.28281255199846456,
            -0.23827738126858922,
            -0.23969779596103977,
            -0.1202019889852246,
            -0.761832059910425,
            -0.036263735610590396,
            1.2741168178696636,
            -0.1975971695186573,
            -0.40123141810764823,
            -0.37142182760141434,
            0.16085078411710335,
            0.94014599704658,
            0.5305294636038836,
            0.6268776897094108,
            -0.008465777451306646,
            1.2763118240534688,
            0.8647707666625879,
            0.9982839408036629,
            0.011601479024963118,
            1.0532945946490526,
            -0.06828786504581374,
            0.7536714053715124,
            0.9174184342031783,
            1.0304511710615898,
            0.6720480318709008,
            -0.1315240777073985,
            0.879779351102444,
            -0.14052821306436372,
            0.5470722795949768,
            -0.20021953087898753,
            0.4485105825862045,
            0.2014974866067855,
            0.44004461775975034,
            0.8603933493947206,
            0.48241111620851457,
            -0.5302980527283632,
            0.027717283627844543
        ],
        [
            0.7191635284699772,
            0.2726500951111379,
            0.7675918608498492,
            0.802752397053392,
            0.8385628487530793,
            0.6161768683019435,
            0.6830937015394589,
            0.4258601440975775,
            0.39514944549328085,
            0.6773198876933006,
            0.7921230963824554,
            -0.0780280005984636,
            0.4073048204544084,
            -0.23545671543731697,
            -0.2611407540505957,
            0.13770727459331872,
            0.01022648927524335,
            0.7444534624846403,
            0.1273573743438227,
            0.19149360429930154,
            -0.029880876289598193,
            0.09656203259986679,
            0.9123941017969335,
            -0.18670020946282068,
            0.5644418709563667,
            0.21012753650587718,
            0.8327134510569599,
            0.1995618463144501,
            0.015727175788251686,
            0.35489494432144364,
            0.3519289801617459,
            -0.31626085490974054,
            -0.2397226570424386,
            0.570369407731345,
            0.2691777415211347,
            0.27366861393196196,
            0.7615386526658308,
            0.44225802146428606,
            -0.7805368011148163,
            1.3599280332176522,
            -0.4218315478489895,
            0.03080595787746617,
            1.2746478784908815,
            -0.010043664360571133,
            -0.16238206161086666,
            0.035199924991798706,
            0.17733779613161757,
            -0.33273329344040864,
            -0.029442121954241417,
            0.0796270936298005,
            -0.1136721787737731,
            0.057277322823914165,
            -0.21261360637146387,
            0.1914887344150404,
            0.0383956950265436,
            0.7961429288904837,
            0.2738934526613957,
            0.1108653044100632,
            0.14549707128754277,
            0.08108139218620174,
            0.10789353883775783,
            0.03233839114775035,
            0.7746967526063626,
            0.18939653933692602,
            0.10174047229549003,
            -0.05845627711870752,
            -0.07604919564082484,
            -0.31537500474747826,
            -0.12119274170780713,
            0.7338292484404116,
            -0.12820901270018162,
            -0.07365692402283093,
            -0.4673201171570313,
            0.06281514175943943,
            0.4385693183366124,
            0.5286850291112857,
            0.29752822731490214,
            -0.0714683992292762,
            1.0243440166012872,
            0.17406788144973054,
            0.817787002466558,
            -0.18332753066750654,
            0.6895313842554315,
            0.07094633383083658,
            0.5749040975884807,
            0.2862736864365892,
            0.5061963178544828,
            0.41150543588650124,
            0.1635716345215167,
            0.48304411687702914,
            0.050608073913267985,
            0.0023180179177204243,
            0.045787862289746246,
            0.19291371873642083,
            0.6772525386475823,
            0.41177024529986916,
            0.4127178403545479,
            0.38293820520879907,
            0.3295426018023998,
            -0.08119649269899079
        ],
        [
            0.7671669177140407,
            0.3253325156932286,
            0.802752397053392,
            0.842806354952738,
            0.9604870941975344,
            0.7161889209188143,
            0.7558847472869413,
            0.4388344064214096,
            0.45795231021085964,
            0.7377748179605459,
            0.8124541334879352,
            -0.06949482365875849,
            0.5095611050874396,
            -0.2513150952966461,
            -0.25359213788105683,
            0.20549633790392785,
            0.015213211950125677,
            0.8650681010334211,
            0.15185619389577268,
            0.2812192293278402,
            -0.025662889007766903,
            0.18269235055599986,
            1.0498059288950299,
            -0.20449013219996454,
            0.6941826571506033,
            0.2421369865669864,
            0.973446090001407,
            0.20929802166994008,
            0.026510621824056464,
            0.4704502332937307,
            0.38854897113528625,
            -0.37272224379526203,
            -0.2534197581164996,
            0.6850740951306368,
            0.257753808135589,
            0.29468175999496776,
            0.8696952778141558,
            0.5156857523063824,
            -0.8010811072587661,
            1.4753812044971568,
            -0.45213864032546913,
            0.019120951352510115,
            1.409757921265585,
            -0.028379135691970647,
            -0.17329574309732282,
            0.022048281668912453,
            0.2211901154779018,
            -0.3385233498671125,
            -0.03264445944941429,
            0.06788014548387462,
            -0.10706594741765164,
            0.10715357651151863,
            -0.22528358843923027,
            0.17228843727139598,
            0.020647934143720823,
            0.8502431347273317,
            0.25075259360013186,
            0.12050336437480749,
            0.17532624261075147,
            0.08204868553924147,
            0.12928308150699783,
            0.07975487056801771,
            0.8670478164698554,
            0.17089951669977707,
            0.08662538519925492,
            -0.07807508457907705,
            -0.08003182186172615,
            -0.38304694998786404,
            -0.12397188771271277,
            0.8556609817022091,
            -0.14529423318136575,
            -0.11223980172751426,
            -0.5351303441712226,
            0.07844625361611597,
            0.5260539224431622,
            0.5705926854506184,
            0.3657034619188719,
            -0.07096570582351049,
            1.1573131295774621,
            0.24751236209572264,
            0.8919443894904019,
            -0.1975820729787322,
            0.7977362069806154,
            0.060673015169830986,
            0.6516999628486343,
            0.36701596219087096,
            0.6079218131818634,
            0.4735402467747964,
            0.15286110956484292,
            0.5709919975248264,
            0.03966467348823855,
            0.04382777183621144,
            0.02593005926764006,
            0.22937101862462386,
            0.7018962260211749,
            0.45448745400805607,
            0.4935657342139246,
            0.42065849153415924,
            0.2995648481082879,
            -0.09226876084995628
        ],
        [
            1.098973697291904,
            1.2689888747353903,
            0.8385628487530793,
            0.9604870941975344,
            3.0845716479416647,
            2.553510286636166,
            1.9226188364014127,
            0.3851566861205162,
            1.5828606030265597,
            1.5819893192318415,
            0.5000295823918918,
            0.22417859230215514,
            2.6277310588312712,
            -0.4282863042114214,
            0.1823543744344872,
            1.7521698364752416,
            0.14340109414318325,
            3.141815333938166,
            0.6000627432949446,
            2.3477824881672027,
            0.11432143658150246,
            2.263382996856521,
            3.51154197584147,
            -0.6036319947448157,
            3.2318253263930306,
            0.8419704176426142,
            3.668399949470959,
            0.08575223193421588,
            0.2910059633851535,
            2.9192656462901967,
            0.8885718193290889,
            -1.3937410506749632,
            -0.3122931468756348,
            2.997760713688192,
            -0.322500702883821,
            0.6035442196001896,
            2.739366180263126,
            1.913933446365521,
            -0.5540751658439822,
            3.0213486693355422,
            -0.7029741168406904,
            -0.31371213386720004,
            3.5648749907220925,
            -0.5015077471213398,
            -0.4104914366504954,
            -0.39008828356850067,
            1.122224543001837,
            -0.1555293320227813,
            -0.09219075411238692,
            -0.3503536297614584,
            0.22727518472769645,
            1.312404276151449,
            -0.4232654657174053,
            -0.4868525490707051,
            -0.46502006157051007,
            1.4650209978595312,
            -0.6477334260599685,
            0.26713548376000296,
            0.8063150905223665,
            -0.06391920722292393,
            0.5578410526768212,
            1.269096657982375,
            2.298300884417521,
            -0.4655607739836023,
            -0.3152724148075948,
            -0.49045604481567895,
            -0.037296861060081996,
            -1.6855457633109985,
            -0.06925305096304232,
            3.0916472571666462,
            -0.4091689801929754,
            -0.9921571767931604,
            -1.890556836402679,
            0.40922301424380875,
            2.2304741618349766,
            0.8893315532518198,
            1.8436114050458745,
            0.0361327427956425,
            3.461072130780899,
            1.8766958721193563,
            1.5265189215940744,
            -0.48432836485056613,
            2.818868076618128,
            -0.3192137872292097,
            1.9603932769412022,
            2.0435228714893547,
            2.634387624660662,
            1.545822383084796,
            -0.3051028960975952,
            2.2862026344575224,
            -0.29230132104508694,
            1.034020049539376,
            -0.530876615604652,
            0.8851724186096718,
            0.6019135131818856,
            1.0724916394974853,
            2.053080665303676,
            0.8345518698156805,
            -0.6948151763672034,
            -0.4127385106462987
        ],
        [
            0.8006979109982156,
            1.055865215222098,
            0.6161768683019435,
            0.7161889209188143,
            2.553510286636166,
            2.1918565159638046,
            1.638686245981191,
            0.3490034964822277,
            1.28298312900072,
            1.3365186132703097,
            0.4579935175762602,
            0.23542868507273518,
            2.2829940907482174,
            -0.2215062475391417,
            0.15146803808644319,
            1.5341173678909203,
            0.16423404152866247,
            2.6424699061080785,
            0.44686696737443504,
            2.13553606199703,
            0.05578723111383285,
            2.0412116129964732,
            2.951156129884488,
            -0.5686657081087068,
            2.64998628143492,
            0.7144280137301138,
            3.1091946162366577,
            -0.14377736516469655,
            0.2581429386614155,
            2.613127830472251,
            0.7913817391678495,
            -1.1651540659510624,
            -0.21724106047489458,
            2.586996964970726,
            -0.3313601020472523,
            0.5390000223842089,
            2.2097963613562355,
            1.6097989938740531,
            -0.1554015437458641,
            2.6049719528529103,
            -0.4157864981678602,
            -0.297887949229944,
            3.0772760191968573,
            -0.5543179963049888,
            -0.3816738747474577,
            -0.4091638405130831,
            0.965940878935139,
            -0.006858045231461943,
            -0.09455589366257401,
            -0.11147444788695485,
            0.25142519684940773,
            1.126261174340405,
            -0.3805412882896601,
            -0.4294168780772884,
            -0.38938262569937804,
            1.3563322980985508,
            -0.6958304476109582,
            0.30196002734786076,
            0.69669281867485,
            -0.15310952426311408,
            0.49313973395182353,
            1.2184233778807116,
            1.861381053775959,
            -0.40613913627359055,
            -0.09331753173597887,
            -0.4302752394621674,
            -0.053548795747244686,
            -1.352472719588963,
            -0.1477349733527789,
            2.536994524291388,
            -0.31668997144519045,
            -0.7423581489052069,
            -1.2657344791546679,
            0.35277298582796857,
            1.8776920090793225,
            0.5403814038008209,
            1.6107193951615717,
            0.024352502120353885,
            2.9996310389018834,
            1.6710529688955262,
            0.8259417010030098,
            -0.467920004318391,
            2.3901255056190878,
            -0.27359184727747216,
            1.5918425660028401,
            1.7208820185803502,
            2.187987007953827,
            1.25593195837652,
            -0.2664846353964072,
            1.9319214198564163,
            -0.2849874701376084,
            0.920036858564906,
            -0.39621623061626515,
            0.7493691787121651,
            0.6263184881635998,
            0.9290562628977381,
            1.6792154931701804,
            0.5889028242374209,
            -0.5748191542638472,
            -0.432701293329405
        ],
        [
            0.6276293561326461,
            0.6219569109514039,
            0.6830937015394589,
            0.7558847472869413,
            1.9226188364014127,
            1.638686245981191,
            1.4826870998170016,
            0.5573733935190472,
            0.9387574962213163,
            1.2502520380197435,
            0.6827154335619371,
            0.1053393143415243,
            1.606352036525223,
            -0.3153565283916512,
            -0.08149171737864959,
            1.0216496447901984,
            0.1339234964959077,
            2.103992989383114,
            0.2849843100071749,
            1.4753840464933916,
            0.03000762554782565,
            1.3811962712884336,
            2.2614709771400636,
            -0.74242326089024,
            1.7169201889954353,
            0.589722351316291,
            2.454254341974446,
            -0.2956162323449554,
            0.1920887950355205,
            1.6709340549253968,
            0.5709810725648687,
            -0.7683178196636342,
            -0.18987007832525993,
            1.984196141510725,
            -0.10171038529369526,
            0.6083564707307934,
            1.6907053761693287,
            1.2778129142065613,
            -0.6047783278194364,
            2.455684226030843,
            -0.34583776400737687,
            -0.18770245614942674,
            2.7683473465571042,
            -0.3959417094182391,
            -0.5836097238073129,
            -0.32842628736891527,
            0.6734383906114704,
            -0.2128213485203698,
            -0.09313960984141705,
            -0.12628204559594924,
            0.20009295118506093,
            0.7726429732271504,
            -0.5469201120242513,
            -0.13530039524411153,
            -0.23081832023635912,
            1.419058948200508,
            -0.36387462435072454,
            0.2817229914261238,
            0.5826338871428646,
            -0.2209977138097027,
            0.37455352028390293,
            0.8491414428198355,
            1.417048275867185,
            -0.1161841594576077,
            0.1428380727195592,
            -0.26451710519205923,
            0.05611714572549055,
            -0.8904205657723115,
            -0.1506365790430103,
            1.872633151016554,
            -0.20508396712854737,
            -0.49445213494694296,
            -1.34086578957288,
            0.26344642249892464,
            1.3470669421239414,
            0.25813032306409195,
            1.3235446613521058,
            0.020788575444044218,
            2.4796451886579347,
            1.0818497191065197,
            0.21921829745619212,
            -0.6224524436917672,
            1.911582505726806,
            -0.2353704409329048,
            1.264273541587712,
            1.137801126751756,
            1.6503946488951706,
            0.8967947408900983,
            -0.12683078552616536,
            1.49322727977952,
            -0.1636594200593631,
            0.4881117010494295,
            -0.25599315558622643,
            0.45772639613865856,
            0.6972856216711768,
            0.743733413682493,
            1.2007201182984721,
            0.30682491486261926,
            -0.006045492187853228,
            -0.5623589618797068
        ],
        [
            0.21785290866902504,
            -0.013833315482117357,
            0.4258601440975775,
            0.4388344064214096,
            0.3851566861205162,
            0.3490034964822277,
            0.5573733935190472,
            0.4496925359170884,
            0.13667897505436574,
            0.5248600123602992,
            0.6381888883716391,
            -0.04175453867253732,
            0.21203535341921373,
            -0.1085490317219462,
            -0.2617551713407006,
            0.05155383605576275,
            0.05654398287713964,
            0.4878201263197319,
            -0.027288378036270974,
            0.1827483666856102,
            -0.05322029269504361,
            0.10370087048601599,
            0.49625717529478486,
            -0.417742275185501,
            0.02285328148298995,
            0.15859936972947694,
            0.5595438350240444,
            -0.27713388317637255,
            0.026149850868154592,
            0.1186768169575212,
            0.17979349959275476,
            -0.06629829570924275,
            -0.08261395126769595,
            0.4086503756093495,
            0.16323500143243175,
            0.3267447927629427,
            0.32021378117516636,
            0.289627436694783,
            -0.45712423703823235,
            1.0982051732290743,
            -0.05436777014321664,
            0.0017600576698258144,
            1.0621968092735197,
            -0.12065669738607838,
            -0.36438673120516857,
            -0.09050978992165247,
            0.0787689814951635,
            -0.1992472316984333,
            -0.04836808127767801,
            0.1427808241731327,
            0.02881830853177449,
            0.022704274977239917,
            -0.34182588156280436,
            0.1991194208385512,
            0.05326834833326739,
            0.8032014785560576,
            0.08330561884114317,
            0.16644293146931696,
            0.1496648676332667,
            -0.15213996423455498,
            0.0840582820014994,
            0.13216936727861575,
            0.31948867884485305,
            0.20525011980827707,
            0.36391876592833805,
            -0.003388492639801377,
            0.03449537178998265,
            -0.008414738424445433,
            -0.16103213622465448,
            0.29403582431279873,
            -0.008874715271985332,
            0.07489523225877678,
            -0.2898616475262447,
            0.043679504894585164,
            0.1860820326563515,
            -0.08542981388444644,
            0.3258289981302187,
            -0.028440250716671434,
            0.7743557495271236,
            0.06082328404035048,
            -0.39797368530605726,
            -0.3735677962328808,
            0.470903962260636,
            -0.015146263474225484,
            0.2898628131063642,
            0.04412267849731406,
            0.2600120687548725,
            0.12631150183481868,
            0.10506219315602122,
            0.3025339041845571,
            0.017777898206958673,
            -0.0950780468010401,
            0.07934962912610659,
            0.015102593698090727,
            0.5751833507280815,
            0.25344977068815194,
            0.1291079466119332,
            -0.046952263289966066,
            0.4762999174812594,
            -0.32615821870125294
        ],
        [
            0.56263303900035,
            0.6611858554724688,
            0.39514944549328085,
            0.45795231021085964,
            1.5828606030265597,
            1.28298312900072,
            0.9387574962213163,
            0.13667897505436574,
            0.8303882678743495,
            0.7627633586734823,
            0.1456750250017978,
            0.11010158464171729,
            1.3377940578352998,
            -0.2657043853749134,
            0.13653028377906778,
            0.9044650242270376,
            0.055151913768473476,
            1.6038899767455612,
            0.3374397945357361,
            1.1717163441311245,
            0.08528848405080805,
            1.1497294751031506,
            1.7853011270866825,
            -0.26756068411322126,
            1.7159091460426088,
            0.42504600256024067,
            1.8662825258903224,
            0.1285806259616591,
            0.14911812708719985,
            1.465031114135852,
            0.41568185267606517,
            -0.7198212246392539,
            -0.15997038267057728,
            1.5179433058711191,
            -0.1826544642234196,
            0.2729244329139607,
            1.4308982693835632,
            0.9785334853448545,
            -0.3406765784165236,
            1.4225999360625197,
            -0.4107148124929967,
            -0.15805441739273815,
            1.7211253145357417,
            -0.20689985844243317,
            -0.1782597188679864,
            -0.17622126206758354,
            0.5753678534382998,
            -0.09750965534624663,
            -0.037557453904723606,
            -0.28689209044294345,
            0.10822428264061149,
            0.6937463242916561,
            -0.18522661858668799,
            -0.28186546682301405,
            -0.2585998793952222,
            0.6245851512345739,
            -0.3158230380971159,
            0.09233393372514145,
            0.4079206915762356,
            0.004963002383901762,
            0.2766755763407446,
            0.6115377271411504,
            1.1799079249801467,
            -0.2726887499455604,
            -0.2702908985548585,
            -0.2506760772841915,
            -0.0018010881368915141,
            -0.90615839491351,
            0.021641621278100515,
            1.6114874166908097,
            -0.21906302504171804,
            -0.5731792194649211,
            -1.1122340798477013,
            0.20944059010619576,
            1.1521321451393178,
            0.5170710367571068,
            0.929048715391457,
            0.031457576158224705,
            1.6965379794376787,
            0.9526301161356492,
            0.9506297706535195,
            -0.2044825505741985,
            1.4268448555952373,
            -0.17871143279135895,
            1.014287934172584,
            1.0718272034698428,
            1.37493767397596,
            0.8067272268254295,
            -0.1825500408795034,
            1.1710488587745693,
            -0.14680229100942954,
            0.5391747438807567,
            -0.3181152312783202,
            0.45439983336917084,
            0.17786707421954037,
            0.5144581784925623,
            1.0830139990235055,
            0.4601838413932956,
            -0.4307863920178678,
            -0.16732133206028157
        ],
        [
            0.6100761299660089,
            0.5038902082483558,
            0.6773198876933006,
            0.7377748179605459,
            1.5819893192318415,
            1.3365186132703097,
            1.2502520380197435,
            0.5248600123602992,
            0.7627633586734823,
            1.07910801929184,
            0.7102859181623916,
            0.060510428278704446,
            1.2611327322172943,
            -0.2689880211889628,
            -0.13349437199201578,
            0.7711789247753208,
            0.10651164042557952,
            1.7012149478989598,
            0.2240149987826855,
            1.12718261088874,
            0.006713771304318681,
            1.0308636525860038,
            1.8520126725565347,
            -0.6050983903600871,
            1.347754767485411,
            0.4792214966375687,
            1.9785509044443002,
            -0.20798615288605776,
            0.14392684145485404,
            1.2996580342238062,
            0.5036760290254482,
            -0.6236911521939636,
            -0.18965778565268557,
            1.5790678925502013,
            -0.00877478852244941,
            0.52006621096902,
            1.388692970059629,
            1.030561926690599,
            -0.6003013478758408,
            2.136409286553382,
            -0.32542015758905307,
            -0.13096918741929636,
            2.3400079244182415,
            -0.30791666996236505,
            -0.4800381512324349,
            -0.24159024330363868,
            0.528595869129893,
            -0.22502049924071763,
            -0.07812696765300275,
            -0.04207170259041282,
            0.12596056571456357,
            0.5688893610619075,
            -0.46245859571357223,
            -0.04350233943823838,
            -0.152740457806636,
            1.2573220952736015,
            -0.2104538943874044,
            0.24549710116264345,
            0.460400657572051,
            -0.1603284469691843,
            0.29990083627006137,
            0.6395576781847514,
            1.1987931806748149,
            -0.02932182879019688,
            0.16725730411618078,
            -0.204480065786951,
            0.022345563163663554,
            -0.7004030565312391,
            -0.15530138044374633,
            1.5143924971342693,
            -0.17288033920960258,
            -0.35457121899171107,
            -1.0433534201880232,
            0.20607272073101224,
            1.073110103288471,
            0.2747522699013857,
            1.0396452043827993,
            -0.0037799870674218934,
            2.0607283464678807,
            0.8267500224808276,
            0.26424975451653077,
            -0.5159119160672132,
            1.5525548013482768,
            -0.1535630682436694,
            1.0442993869189494,
            0.8805529893469475,
            1.306149402376169,
            0.7363471040511775,
            -0.04830581609074171,
            1.1955162018857688,
            -0.10893285042327558,
            0.34931225319913184,
            -0.16178690692730055,
            0.372169534891882,
            0.700501808567997,
            0.6431142739090696,
            0.9534956659236486,
            0.2898979453656608,
            0.10037527744308157,
            -0.449886408854592
        ],
        [
            0.5648311639907646,
            0.08123229759752254,
            0.7921230963824554,
            0.8124541334879352,
            0.5000295823918918,
            0.4579935175762602,
            0.6827154335619371,
            0.6381888883716391,
            0.1456750250017978,
            0.7102859181623916,
            1.1737180686799844,
            -0.07512818750093227,
            0.1831209843421594,
            0.0024930023020714237,
            -0.4509714822219618,
            -0.056711608959106374,
            0.07616154295648729,
            0.45705478028860824,
            -0.06461388988631687,
            0.10454637308322484,
            -0.1499356965930899,
            -0.0662691980305055,
            0.6054121549779702,
            -0.32738759045399757,
            -0.029246273356645317,
            0.15431295320916652,
            0.5258848890605171,
            -0.2028248937314708,
            -0.009251147029086295,
            0.18796499080725892,
            0.41105608118288817,
            -0.1392424214550029,
            -0.19389357958140677,
            0.3551929779498641,
            0.35623090830809406,
            0.3718557183124467,
            0.3556041126869457,
            0.26168247117401927,
            -0.467675861100664,
            1.5632797252459358,
            -0.11409294712137812,
            0.04498242811330194,
            1.354436523007067,
            -0.17833997203891155,
            -0.27828491111058645,
            -0.03911025416306129,
            0.06365297905109049,
            -0.23269964175566807,
            -0.062213674749728026,
            0.5485919293396502,
            -0.08468106005328417,
            -0.15010342392582626,
            -0.3171931289932798,
            0.36660734124760075,
            0.16355069928901494,
            1.1720892584082483,
            0.24627486089088105,
            0.27199211864159784,
            0.09472059411829017,
            -0.09150948071247794,
            0.09177705286022762,
            0.08488892536804667,
            0.5069121323528442,
            0.37050000811759376,
            0.5967921342472903,
            -0.01040874879691908,
            -0.12905357420832617,
            0.04204275828340484,
            -0.3486637502199337,
            0.29588696005632426,
            -0.03992727294484789,
            0.29249038769877644,
            0.29685615651940206,
            0.024829937781742924,
            0.1719306032233327,
            0.1316923878050088,
            0.19813486344237707,
            -0.12164058311513226,
            0.993731312856706,
            0.02790323250472178,
            -0.13559035043367057,
            -0.3376991713485558,
            0.4818680048411834,
            0.15033962695420947,
            0.32704305569594644,
            -0.02477153127891637,
            0.14073776328166288,
            0.18098404090143125,
            0.289580483666272,
            0.2586582458793057,
            0.0613468512324294,
            -0.13989842723313228,
            0.2822357035415341,
            0.0892460398287316,
            1.1355004458181024,
            0.43801320662041054,
            0.07115428916130645,
            0.12759293838745875,
            0.7099268454432067,
            -0.25009486283815946
        ],
        [
            -0.03019181437774667,
            0.12993114606117426,
            -0.0780280005984636,
            -0.06949482365875849,
            0.22417859230215514,
            0.23542868507273518,
            0.1053393143415243,
            -0.04175453867253732,
            0.11010158464171729,
            0.060510428278704446,
            -0.07512818750093227,
            0.06902718941349661,
            0.2993236613849426,
            0.07149345619306202,
            0.08187369351098384,
            0.23096511961632504,
            0.034852706068686436,
            0.24533986179285772,
            0.031326643530612354,
            0.3409177580763319,
            -0.0013258828634806106,
            0.3352840709941626,
            0.2762916897234488,
            -0.027700448969025685,
            0.30363124160908994,
            0.06432108006617444,
            0.3058045215086226,
            -0.09324874378978805,
            0.03791503392530774,
            0.40829804669425607,
            0.08187542167536631,
            -0.13110987959967804,
            0.02096771051846199,
            0.29485943861290725,
            -0.12205485876973794,
            0.019023976970002323,
            0.16447509799436397,
            0.15148835547887096,
            0.2610589581373989,
            0.1287273781188333,
            0.06441993298983055,
            -0.06162592067419287,
            0.21491087170815062,
            -0.12387954219617253,
            0.0004821668480327959,
            -0.08538509740324941,
            0.12382351486463145,
            0.11622918508359167,
            -0.011813246100295475,
            0.04667602638830157,
            0.06800479050207721,
            0.16384852047436352,
            0.0057896058004152625,
            -0.11723421508281234,
            -0.06602231486090247,
            0.06729214125814355,
            -0.2060068447103851,
            0.04615089862324073,
            0.07347107532769626,
            -0.050343378124757955,
            0.06094241024943148,
            0.22417611952358923,
            0.12563228390802747,
            -0.11216004941978011,
            0.003922818280658236,
            -0.0658918389417735,
            -0.02006589514719505,
            -0.13857868615717583,
            -0.030680951027471124,
            0.23272800594740137,
            -0.021794618964130402,
            -0.06760025119831237,
            0.06206996125401547,
            0.04302562180522483,
            0.20852899932167523,
            -0.045237653097312924,
            0.1844272805457978,
            0.009728266436034475,
            0.27389898005598395,
            0.2627754295538746,
            -0.09417621014546382,
            -0.021036614698698063,
            0.22547593593384807,
            -0.043167699928091954,
            0.11208935860013836,
            0.22037260783429768,
            0.22087804943656547,
            0.1091114153022944,
            -0.07103471536486343,
            0.19705212126414898,
            -0.06634730160857548,
            0.17233917131510196,
            -0.04754756334255453,
            0.09447359040442606,
            0.00827858014998878,
            0.07646401547140351,
            0.1670020153850735,
            0.01149244214020312,
            -0.17949026423200856,
            -0.04306592751520225
        ],
        [
            0.6567545349767516,
            1.123398910637087,
            0.4073048204544084,
            0.5095611050874396,
            2.6277310588312712,
            2.2829940907482174,
            1.606352036525223,
            0.21203535341921373,
            1.3377940578352998,
            1.2611327322172943,
            0.1831209843421594,
            0.2993236613849426,
            2.473608826315426,
            -0.18149243989000738,
