{
    "pos": [
        [
            0.7922319093768844,
            0.5704789144404313,
            0.47265997585963665,
            0.4418630449555845,
            0.3988830769218741,
            -0.22185734991008754,
            0.7504963111572237,
            -0.08317360517948491,
            0.7577595958454495,
            0.6631060671584239,
            0.013638196374627223,
            -0.17366093876419503,
            0.4884510632659346,
            0.27409523599573127,
            -0.31249388786299137,
            0.5939951646158389,
            -0.20747682043093085,
            -0.5967316399478226,
            -0.2286999258873896,
            0.6072477380781043,
            0.5705663129250567,
            0.44305164721001233,
            0.5736110011721486,
            0.03414809001241534,
            -0.47873705337538913,
            -0.7559061096963267,
            -0.5686721900994991,
            0.005524996180905132,
            0.07196091370710034,
            -0.292248439965262,
            0.11862485709329046,
            0.14225301448395286,
            -0.40956269417433433,
            -0.29457764340735904,
            -0.10141481905526298,
            -1.1787077023366503,
            0.55461221231531,
            -0.14217972911671248,
            -0.2888812284373709,
            -0.06668646110630501,
            -0.07897765653621394,
            0.05220297293194866,
            -0.2341453228612813,
            -0.26574596458747096,
            0.038948474339990886,
            -0.05113315423834677,
            0.7488968914192533,
            -0.20310729871039698,
            0.031604313509226226,
            -0.3145623143510353,
            -0.0392628857209743,
            0.793846932468839,
            0.022384442650255836,
            -0.012695044217233352,
            0.30853848424230645,
            0.28723093105548314,
            0.47540098270166875,
            0.07897196620280589,
            0.7171315097573776,
            0.01143544585886818,
            -0.10356282644433051,
            0.45623322049401926,
            0.42868468469865867,
            -0.006079457976301678,
            0.2891015068717507,
            0.08525250092644489,
            0.16115980910068797,
            0.08685216243117727,
            -0.596953668739745,
            0.5109570178534496,
            0.37621672388540106,
            0.23671684529071021,
            -1.224911664565419,
            0.5026448520923611,
            -0.19222922384042737,
            0.8548741162684131,
            -0.5217485279453989,
            -0.17115842099189,
            -0.2590461240691778,
            0.6514058720830533,
            0.2037059212581537,
            0.03158245604204254,
            0.4704637348377567,
            -0.01485083060035625,
            0.6712928420041747,
            0.18973223221801366,
            -0.6277772249666311,
            -0.557327043472901,
            0.07461235610975592,
            -0.6554690434525445,
            0.12268429942363207,
            0.4449320884254626,
            -0.08687193294925319,
            0.6455363810491694,
            -0.14055192930312452,
            0.35366590377390383,
            0.696246102019981,
            0.45295256949396995,
            0.09133927046226639,
            0.10526504364890499
        ],
        [
            0.5704789144404313,
            2.1593818063582972,
            0.30829245499094887,
            0.3579460134632393,
            1.300054308320663,
            -0.32823753918279763,
            1.546041338108254,
            0.4208229820779953,
            0.7098604485788635,
            1.2744353916803208,
            -0.32340508194767326,
            -0.08952380136542086,
            0.44321796279579734,
            0.16273141057504642,
            0.8022249339279064,
            1.010370000516393,
            -0.5036125041436724,
            0.8382544892297736,
            0.06758208113126406,
            0.39231661869834517,
            1.7073970886206862,
            0.8238261902466599,
            0.5471709243491163,
            -0.1452447701439979,
            1.0970498595278764,
            0.7825849650463139,
            -0.6438808129446669,
            0.19760146677904902,
            0.32068845575609817,
            0.35957836699198986,
            -0.34884780482619515,
            -0.34609809792817225,
            -0.07486939651695707,
            1.2284779645905834,
            -0.12816037344368897,
            0.12638416005012784,
            2.020901611312609,
            -0.13902948831730774,
            -0.14400059699665418,
            -0.11955984748589754,
            -0.1381134267429281,
            -0.2588459732607561,
            -0.37454812106250923,
            -0.08818854720947034,
            -0.14107930581495126,
            -0.3500167346796432,
            0.7271941317669183,
            0.7836084897929156,
            0.0029757644013216522,
            -0.4671328796377105,
            0.571580631551212,
            1.264549106270547,
            -0.05835895039617139,
            -0.053071256837890185,
            -0.7682545644936509,
            0.3884822768165518,
            -0.2365817084482762,
            0.010383146199162465,
            0.41799661747477224,
            -0.005380183213670629,
            0.250628799917825,
            1.2055356865074787,
            0.7019394007645223,
            -0.05279762676352659,
            0.12896249275262148,
            -0.49532219575443315,
            -0.1451005913197032,
            -0.621484556185666,
            -0.34150968233587053,
            1.4849135764847459,
            -0.2359793304930473,
            -0.42386199009521963,
            -0.443254025983559,
            0.5194158067027316,
            1.0311681637440002,
            -0.02339907773770821,
            -0.599731402502586,
            0.36407902680438836,
            0.09755281509177992,
            0.7664357002579768,
            1.1972541249158792,
            -0.0747656211471363,
            0.40977108833561504,
            -0.13305195902542102,
            1.1134683336851454,
            1.413609829885643,
            -0.4134017118105138,
            0.0561756389250807,
            -0.24218548352236682,
            -0.7866312435481017,
            -0.34519748073339074,
            0.5538081512804582,
            0.16047972205884573,
            -0.5200955479389306,
            1.586990330258332,
            1.1722031464197717,
            0.8854223823138254,
            0.5812491813061488,
            0.060573279212030554,
            0.030452591238104832
        ],
        [
            0.47265997585963665,
            0.30829245499094887,
            0.8921590478776618,
            0.8873428392249313,
            -0.256277018033173,
            0.2863000734474169,
            -0.08180989451901699,
            0.6183737389958786,
            0.551816092688619,
            0.23732852266909055,
            0.9198658560172895,
            0.8126670660904335,
            0.8797108182284792,
            0.48519246605915956,
            -0.40125661329274076,
            0.21359714059641208,
            0.7157925095592529,
            -0.593758507551411,
            -0.14878713471611893,
            0.7759050586471338,
            0.7034007895994139,
            0.44048053820109145,
            0.9670339185546425,
            -0.011932527907693759,
            0.07867520157988658,
            -0.5397903628933648,
            0.4910184276347292,
            -0.09428215630691117,
            0.7687768034321723,
            0.1280986565076783,
            -0.49506821265881923,
            -0.18874811564802185,
            -0.21928121787735466,
            -0.5219454317714577,
            0.10249671678090506,
            -0.9194827286239319,
            0.29358220672832464,
            0.17543608833588936,
            -0.33910797493402023,
            0.6337308175232883,
            0.103768060177941,
            -0.030140259976626362,
            0.6952459947426466,
            -0.3079976600070665,
            -0.03065244083119777,
            -0.30207708951211903,
            -0.0058240715125079815,
            -0.37304211768934975,
            0.026514467707559403,
            -0.6491713661536386,
            -0.2553197858505677,
            0.42599918032527956,
            0.001419286372061118,
            -0.034095952275349874,
            -0.3327874818660821,
            0.6946663719846848,
            -0.019518852886334,
            0.22574873154643244,
            0.5856083099344239,
            0.008969471180544718,
            0.4988559748726892,
            0.6252479475974777,
            -0.024860808913080096,
            -0.03269010050326695,
            0.47543845858585354,
            -0.086953823753216,
            -0.2391953416080518,
            -0.2422536374923722,
            -0.17476366182505265,
            0.33565991462205647,
            0.1693268159999143,
            0.08200428638047601,
            -0.6524344510831153,
            0.8154341502858005,
            -0.010772029929000877,
            0.1395956663922676,
            0.6467285293288295,
            0.1341096263271603,
            0.2598981683713565,
            0.5191037288777256,
            0.077278610448035,
            0.0026283444535711055,
            1.1630340457972606,
            0.020936573793880135,
            0.7978802731689201,
            -0.5500197330097711,
            -0.470389613754758,
            -0.06037298872060601,
            -0.17219876862022437,
            -0.10569557354168868,
            -0.03623371106253164,
            0.4975493415782065,
            -0.056324201083438497,
            0.8486188973029324,
            -0.47196440439349785,
            0.11680692350660951,
            0.649340211957294,
            0.14391451982095088,
            0.007968703141310868,
            -0.0034576498147496555
        ],
        [
            0.4418630449555845,
            0.3579460134632393,
            0.8873428392249313,
            0.9025067854545814,
            -0.2772585147980091,
            0.28917009746734795,
            -0.038550948868273156,
            0.7697007852403481,
            0.6011749270096052,
            0.3668453593734715,
            0.9138045718905426,
            0.9431836097042963,
            1.0707500556490603,
            0.4905842080181788,
            -0.3407849062293897,
            0.30304230017605044,
            0.854129543227686,
            -0.4167662124698277,
            -0.15020290339627346,
            0.9022857064145768,
            0.767831655790322,
            0.5424563697895705,
            0.990039511613421,
            -0.02633146454328793,
            0.07319857858968792,
            -0.4048091540067884,
            0.5479901913235644,
            -0.10264239569939258,
            0.8194578823085668,
            0.18029646595141532,
            -0.5687807509702553,
            -0.240400558119211,
            -0.14393843429800832,
            -0.39251112228201746,
            0.11179801722325418,
            -0.8825534726819346,
            0.39444118972458925,
            0.22902070611407468,
            -0.31608019629485407,
            0.6174779309811517,
            0.19993619796334489,
            -0.061037998879261174,
            0.6957839223294565,
            -0.28361086609868175,
            -0.043419779542436775,
            -0.355358408018192,
            0.009465618709732254,
            -0.3605917050894451,
            0.020359365741383476,
            -0.686195692782972,
            -0.22348358572275862,
            0.5231750565509261,
            -0.0010288133812101062,
            -0.04054726906755453,
            -0.4454523707179501,
            0.5868069548299251,
            -0.06282495362302831,
            0.229548377080395,
            0.7189310914330845,
            0.010862110596746948,
            0.6334983919672533,
            0.783370076109214,
            -0.08161538675428981,
            -0.03986354456518248,
            0.5540591842233912,
            -0.14075982945732435,
            -0.2568446781824134,
            -0.2701883592834208,
            -0.2211841483654399,
            0.35678910483006326,
            0.1087866441124452,
            -0.011321788950343317,
            -0.6078226428637686,
            1.0068085882010291,
            0.060443805061058564,
            0.08891385881682055,
            0.6830216953386175,
            0.19776973446884571,
            0.3252826946360685,
            0.6111577560840205,
            0.14926736976641009,
            -0.000415072368364886,
            1.1959617014893944,
            0.011879537011258934,
            0.9128515154670294,
            -0.45152542369139126,
            -0.44907542044076554,
            0.0849910729109411,
            -0.18499810639464842,
            0.028026866103345694,
            -0.07966389443962102,
            0.5806425302759075,
            0.019474238641338557,
            0.7678116649077853,
            -0.39536604936460573,
            0.21553109328595454,
            0.7355175228471075,
            0.16326791719270095,
            -0.009197761316093114,
            -0.031789469900687616
        ],
        [
            0.3988830769218741,
            1.300054308320663,
            -0.256277018033173,
            -0.2772585147980091,
            1.425354493919536,
            -0.31636887624339943,
            1.5195335560810554,
            -0.27343068901405426,
            0.4393389828181968,
            0.9749897818307338,
            -0.7334939223327135,
            -1.0335512161217582,
            -0.31388165587040356,
            -0.2742299772688843,
            0.6853573109451162,
            0.8400734110713559,
            -1.1821906537749685,
            0.2299567165366168,
            0.08698853245908816,
            -0.20184367650321203,
            0.9564121694218101,
            0.04098629071527433,
            0.02623216828341936,
            -0.06687827512863204,
            0.32979517102011485,
            -0.06989755771848707,
            -0.9410554682482799,
            0.18387862283686596,
            0.17238107705562977,
            0.14533066826103688,
            0.20716370083833657,
            0.07618013331906981,
            -0.18627418995906156,
            0.7716486629780503,
            -0.4235653768202256,
            0.5163394936618605,
            1.3686235267732973,
            -0.1384831434406141,
            0.37639663650560884,
            -0.8408499585325537,
            -0.3380817328668156,
            -0.04978779536439601,
            -1.2065253942978276,
            0.16607511942172848,
            -0.04984528891082696,
            0.14696353880381682,
            0.9570771218928761,
            0.5922335410759701,
            -0.02197527923260741,
            0.1547568626469771,
            0.7493148370722998,
            0.9844643247989215,
            -0.015591902438258526,
            -0.007197477074485641,
            0.11542874195085573,
            -0.17526480478479675,
            0.16183279107314996,
            -0.258004857290913,
            -0.0637805055069252,
            -0.004424702796455732,
            -0.4386161155216173,
            0.4163496418020409,
            0.991641320155387,
            -0.003871321798786734,
            -0.05387435805261242,
            -0.04111684736073172,
            0.08485784261327994,
            -0.1916042102836999,
            0.15899275072545802,
            0.9420773214642765,
            0.05833114435456123,
            -0.1339595243678436,
            -0.16904207596965393,
            -0.22542269003047988,
            0.06267943633495132,
            0.7125163764664614,
            -1.293039575504342,
            -0.03370140738170004,
            -0.7709261064490297,
            0.4254128315144792,
            0.7892039979298666,
            -0.05369760280064021,
            -0.2937108533167744,
            -0.08460402763448656,
            0.2335092815214432,
            1.3190311506226429,
            0.02852253402715208,
            0.042937082787694925,
            -0.07213770409057757,
            -0.9640842063753206,
            -0.05928026189079395,
            0.34496967627482744,
            -0.06933847274850333,
            -0.2740020515301496,
            1.3101892944952376,
            0.6812908218317473,
            0.6136059833304826,
            0.39892061769351955,
            0.08766893736623199,
            0.17185815881175587
        ],
        [
            -0.22185734991008754,
            -0.32823753918279763,
            0.2863000734474169,
            0.28917009746734795,
            -0.31636887624339943,
            0.5755360765581095,
            -0.4046174588285948,
            0.6648882819373272,
            0.016409132951329786,
            -0.055320243657594054,
            0.7889458015286985,
            0.5889980400156001,
            0.45043400241555276,
            0.012988855397128012,
            -0.02431881815113022,
            -0.03288916252305792,
            0.6548288708047096,
            -0.29719708026548497,
            0.06478374662313964,
            0.20921937853826633,
            0.25668477861378464,
            -0.2221713194078117,
            0.45780271328974687,
            -0.04119390343357422,
            0.13259182191400073,
            -0.40176310460648734,
            0.9233326669625932,
            -0.11458778543117483,
            1.0820469577234753,
            0.47747887325651955,
            -0.5033903107857055,
            -0.180213885292295,
            0.11539192124807791,
            -0.32491055424224097,
            -0.07628803479663215,
            0.43317104546568647,
            -0.05990503773516018,
            0.4669162130544634,
            0.3635909487118145,
            0.16795434482410387,
            0.1608406471799967,
            -0.013230501530029325,
            0.2739436440475621,
            0.12135139513820384,
            -0.055809633336421166,
            -0.06446961172814755,
            -0.3177593957693299,
            -0.27353462842767085,
            -0.03192636389318861,
            -0.16387681677802476,
            0.08757951617906783,
            0.038926265539415805,
            0.001443549326026836,
            -0.015615268980046244,
            -0.31934162974097835,
            0.02926284062357179,
            -0.26527705642179533,
            -0.028386167526651313,
            -0.0470633216429996,
            0.0038186912313885645,
            0.4348284804821667,
            0.24649515344884138,
            -0.08108987976328756,
            -0.01864260136250159,
            0.3778546867549766,
            0.01477072045070779,
            -0.35488475235020983,
            -0.23020957435109463,
            0.7242618590415594,
            -0.14450667229334446,
            -0.0249326486127248,
            -0.12570989364742452,
            0.5936917015919962,
            0.3776862411259961,
            -0.3958004461639336,
            -0.029164095881841746,
            0.6558684007300536,
            0.184736537559917,
            -0.11356486625272831,
            0.10348096598156674,
            -0.043869511010956354,
            -0.03567848906484221,
            0.6384327113681103,
            0.041126052893533126,
            0.06553179277027786,
            -0.5008180983083038,
            0.3659729574060999,
            0.7793660060891265,
            -0.24807198501670716,
            0.36847815851701726,
            -0.06512062188108092,
            0.3522337362973353,
            -0.04477173619868724,
            0.5079315140557865,
            -0.21532499506175792,
            -0.19214327245624896,
            0.3446447048532061,
            -0.2559827984023329,
            -0.07077064351479544,
            -0.010846329097690528
        ],
        [
            0.7504963111572237,
            1.546041338108254,
            -0.08180989451901699,
            -0.038550948868273156,
            1.5195335560810554,
            -0.4046174588285948,
            2.2063531883060903,
            0.331035738704356,
            1.2064549347565858,
            2.062950015604713,
            -0.7984476459206241,
            -0.6622017882120372,
            0.9653129404361794,
            -0.17022066816277961,
            0.6580383495574779,
            1.7043909919559372,
            -0.6594201041607672,
            0.4679419258474477,
            -0.10887366178214541,
            0.835469447278641,
            1.4152207342814578,
            0.6586455464673759,
            0.45205378618653635,
            -0.08594830789424923,
            -0.4556352588486612,
            -0.29468338975024133,
            -1.0427126555713653,
            0.10583788940210613,
            0.5320900477308045,
            0.13771788173705998,
            0.05020470166184254,
            0.04978993778048775,
            -0.1049829717717665,
            0.9894678013849765,
            -0.5422461782091568,
            -0.1078093152173846,
            2.005042901109794,
            0.10801794660902109,
            0.4811704156393563,
            -1.2019823886120307,
            0.12440121975159635,
            -0.09485953575484249,
            -1.6108141020053226,
            0.18788506732130328,
            -0.05261290793661127,
            -0.017810745527982147,
            1.6513407185256768,
            0.33227594254869025,
            -0.04260066230885056,
            -0.08988079775064602,
            0.9098951558051875,
            2.0056343368208753,
            0.008716752391474233,
            -0.03673655417014085,
            0.051176904414162644,
            -0.7915027206564713,
            0.4386274752300315,
            -0.2597322132394943,
            1.121197540588431,
            0.017479051966022622,
            0.05209272283427512,
            1.3703610614785227,
            1.0322047233198373,
            -0.03138851550570137,
            0.6081966266215466,
            -0.08765592373126725,
            0.17871247110047614,
            -0.0975602424870267,
            -0.3633242035407987,
            1.1556644041571718,
            0.134505090949996,
            -0.357920186854083,
            -0.7536781074248545,
            1.0583410906130224,
            -0.1284144383112078,
            1.369466747011847,
            -1.6306502687435622,
            0.045746638656951014,
            -0.9029572613394112,
            1.3331014073152923,
            1.1260877972125474,
            -0.03334616685327002,
            0.07257224710638975,
            -0.11801331123090551,
            1.0796068073446279,
            1.8457924815982356,
            -0.1586300989392862,
            0.481844792098594,
            -0.023693723333619535,
            -0.6739371007742743,
            -0.08928235452197437,
            1.1101300354713042,
            0.21055252061235558,
            -0.03800107330935374,
            1.375364726688865,
            1.2661443481141528,
            1.5526361598351315,
            0.7547809493934651,
            0.06023432853802531,
            0.1349474323886962
        ],
        [
            -0.08317360517948491,
            0.4208229820779953,
            0.6183737389958786,
            0.7697007852403481,
            -0.27343068901405426,
            0.6648882819373272,
            0.331035738704356,
            2.107709194536333,
            0.8824417241500143,
            1.429504365390682,
            1.000442603621261,
            1.7358845377812686,
            2.442124458759504,
            0.2106407281508762,
            0.3539461537158269,
            1.079815653600387,
            1.8427499867313522,
            0.759252449933081,
            -0.03910645339578531,
            1.65247951561137,
            1.3060315751272193,
            0.8077351295468242,
            1.1544692484993848,
            -0.164955207803054,
            -0.046039173516593104,
            0.1791823047919028,
            1.3571334097136605,
            -0.20501890754574467,
            1.9551703287818083,
            0.9447799008831524,
            -1.237212806956097,
            -0.6066106665265454,
            0.5380143704610976,
            0.5367563871530151,
            -0.10297751734512826,
            0.28100054700842947,
            1.1879292544439968,
            0.9849711086349123,
            0.5313043035247355,
            0.03280276215656052,
            0.9383649059584327,
            -0.256579539406523,
            0.19888481933328347,
            0.22021261163945605,
            -0.1685010750763606,
            -0.5632828845457263,
            0.15939040714560582,
            -0.3209043612018189,
            -0.0769932594472785,
            -0.7161958527148182,
            0.4106428875958596,
            1.3670132375662982,
            -0.009661624581241991,
            -0.08371420098554788,
            -1.2251910267669908,
            -0.6599008963344277,
            -0.46799453006726766,
            0.02775406568475096,
            1.4216781753714451,
            0.026243187765286072,
            1.6319541832693876,
            1.944013248952407,
            -0.27137570146922957,
            -0.09004337390723764,
            1.315078418595638,
            -0.39939664698359484,
            -0.548799220450502,
            -0.5366333997234477,
            0.28094858924658445,
            0.3604698314156283,
            -0.334030778839739,
            -0.8285589352030005,
            0.48597804518343896,
            2.359664295353741,
            -0.0073662805973297345,
            0.027427821222279433,
            0.8414387638038247,
            0.696622271486165,
            0.21858244789755013,
            1.2929057399313328,
            0.7235969623004215,
            -0.06242825027298943,
            1.4100149428956614,
            -0.035009133398171154,
            1.4520587214228557,
            0.3314518168891857,
            0.31330802004453845,
            1.948995958120338,
            -0.41968251869940176,
            1.1617217622217442,
            -0.39654628426324967,
            1.4357735639886868,
            0.5125314941083353,
            0.35118087084108196,
            0.37825667313120204,
            0.812684852231201,
            1.6121676535262701,
            0.09407471890790342,
            -0.18080538606616192,
            -0.18095255811800512
        ],
        [
            0.7577595958454495,
            0.7098604485788635,
            0.551816092688619,
            0.6011749270096052,
            0.4393389828181968,
            0.016409132951329786,
            1.2064549347565858,
            0.8824417241500143,
            1.2913719781062751,
            1.6410763080275048,
            0.21080652256191607,
            0.4171114591188818,
            1.7521064607131667,
            0.2257819506489308,
            -0.0556073012544147,
            1.354874242631496,
            0.5373480341238867,
            -0.14471983511159273,
            -0.2689326461613108,
            1.464558550015449,
            1.1403219536966267,
            0.7999407468114149,
            1.0013829126565006,
            -0.040444802591619304,
            -0.862339643807537,
            -0.7955769734886392,
            -0.11916325525681484,
            -0.09386816585927049,
            0.9908793127416491,
            0.12075094181733909,
            -0.33818040069341815,
            -0.05081051222383656,
            -0.11102725802078711,
            0.08685726429899429,
            -0.28306361307022704,
            -0.9519750020911183,
            1.2310232049815124,
            0.37832530210684734,
            0.182573683423165,
            -0.4469239787024403,
            0.44457124618443916,
            -0.047032383730377464,
            -0.5962366140540751,
            -0.038933308158338654,
            -0.02608049710621469,
            -0.22415286603428655,
            1.1235737052761063,
            -0.3718078611576645,
            -0.023093963182726475,
            -0.5008943260323554,
            0.33119106555353817,
            1.6921376197059652,
            0.031260146743338095,
            -0.048573196507536893,
            -0.08967161047902991,
            -0.45409040242036847,
            0.40789829886905404,
            -0.012055338195989952,
            1.5644001359815993,
            0.0290427459821966,
            0.6062171715766191,
            1.4605236079433306,
            0.41930475880681534,
            -0.04402554334685995,
            1.0095529460321817,
            -0.029559921331411144,
            0.005191516003659515,
            -0.04128393478961259,
            -0.47402146547834356,
            0.6442803147989182,
            0.25928831507377137,
            -0.20754842799494921,
            -0.992836702160184,
            1.7453803087457722,
            -0.4232827463388363,
            1.2067588910745437,
            -0.5163461589144362,
            0.09841811374577475,
            -0.4380573928716972,
            1.421068031508275,
            0.6148851542966152,
            0.00675357314195539,
            0.921485243916826,
            -0.04136880739921803,
            1.3425643369428908,
            0.6599778883816456,
            -0.35854599087089567,
            0.5467262742617122,
            -0.062045488998303006,
            -0.063970491614835,
            -0.027070315646697186,
            1.268548585714937,
            0.21135914591984584,
            0.7655882684234849,
            0.17328624192641973,
            0.8514080416164822,
            1.6335573516419288,
            0.5644603364614452,
            0.002228289828370266,
            0.04122843631732201
        ],
        [
            0.6631060671584239,
            1.2744353916803208,
            0.23732852266909055,
            0.3668453593734715,
            0.9749897818307338,
            -0.055320243657594054,
            2.062950015604713,
            1.429504365390682,
            1.6410763080275048,
            2.6651292427877404,
            -0.22249078362999497,
            0.4267478577852141,
            2.4282583877953066,
            -0.013485055711331568,
            0.5720881296158173,
            2.1423219106524933,
            0.6042957231545745,
            0.7577898213842231,
            -0.2125653204542049,
            1.8643670249774726,
            1.7007881463612138,
            1.1027169017199623,
            0.9880229782785565,
            -0.13183004513965677,
            -0.9237389210168001,
            -0.32884666550002617,
            -0.2302074190797661,
            -0.06687950435196265,
            1.3787912098430128,
            0.461525504072239,
            -0.5252423042293798,
            -0.19498259422042608,
            0.2113791126991724,
            1.0065190616990014,
            -0.5140382980506962,
            -0.298880789495715,
            2.185775816695835,
            0.6478822050060845,
            0.6762425717286423,
            -1.1167971398413257,
            0.76806001774341,
            -0.18107783544393694,
            -1.358785818156274,
            0.26830115028478196,
            -0.09837592482661833,
            -0.30287179792491953,
            1.6488351687644283,
            -0.09404712501677337,
            -0.07807771016337622,
            -0.4437440898951177,
            0.9109599994319931,
            2.550246732522872,
            0.02195603939042276,
            -0.07401771061856972,
            -0.43287140172705424,
            -1.2977613546020677,
            0.31597132055127897,
            -0.195334125858591,
            2.07283445161348,
            0.03714873898924256,
            0.9718784213383392,
            2.2737187464784574,
            0.6235947064346088,
            -0.07157186349363225,
            1.369142373917132,
            -0.21264030003665876,
            -0.02040896135605915,
            -0.17914296155740342,
            -0.4184698454467346,
            0.9972653782875895,
            0.01953002395432989,
            -0.7147117400952178,
            -0.6342864411440972,
            2.461614802364186,
            -0.30686025981381704,
            1.4229679366580403,
            -1.039785846270735,
            0.33646721317904704,
            -0.6853349869565055,
            1.988045627263594,
            1.2372372663493472,
            -0.033000389988403024,
            0.7803825452095474,
            -0.11168455336622785,
            1.7848995730964707,
            1.7289073221856956,
            -0.03801360606597519,
            1.441278462465435,
            -0.13839486396454795,
            0.22885439539070795,
            -0.219164436352918,
            1.8185193198331193,
            0.5253624156941815,
            0.2720761372198295,
            1.1071457891320653,
            1.5249727660282872,
            2.2911693733888234,
            0.755828544840917,
            -0.052988903376478796,
            0.0012041566525539597
        ],
        [
            0.013638196374627223,
            -0.32340508194767326,
            0.9198658560172895,
            0.9138045718905426,
            -0.7334939223327135,
            0.7889458015286985,
            -0.7984476459206241,
            1.000442603621261,
            0.21080652256191607,
            -0.22249078362999497,
            1.509306429854762,
            1.247292806311712,
            0.8922164274457972,
            0.3973901887784511,
            -0.41980296261779726,
            -0.1620407335498003,
            1.2327251508460735,
            -0.7536635834334426,
            -0.03133585708048334,
            0.6183832225500436,
            0.5046899332064364,
            0.02359501076175184,
            1.0353291337290105,
            -0.03236997839902001,
            0.26275901135408825,
            -0.6754360523791725,
            1.3647987516781648,
            -0.18886007694297755,
            1.4308180803787849,
            0.49976421413149774,
            -0.8263735941957902,
            -0.3143196669786734,
            -0.030509677683082388,
            -0.8224568188029029,
            0.10469271953641357,
            -0.26239361422580904,
            -0.17377120338120322,
            0.5272345464511466,
            -0.009853768476079517,
            0.8234920267540343,
            0.2061379933483842,
            -0.02195704596678028,
            1.0358058047147993,
            -0.14849473866786597,
            -0.06471252566365644,
            -0.2825792745144151,
            -0.575164405928804,
            -0.5671870270697646,
            -0.001997611208281166,
            -0.6095128436320233,
            -0.26436162743829117,
            0.004883313671797772,
            8.986738732743163e-05,
            -0.03318760750549923,
            -0.5525856673293672,
            0.6640178358973285,
            -0.33428582505740384,
            0.18652524928628017,
            0.20255624435996694,
            0.006973130413160514,
            0.7566428329799946,
            0.45455879096226587,
            -0.27717324385514075,
            -0.03588447684470441,
            0.582070699349988,
            -0.04407985531466144,
            -0.523544156130127,
            -0.3701255628056511,
            0.571196086679656,
            -0.07848042338416718,
            0.06863083091332818,
            -0.000991898407965801,
            0.1874459467830159,
            0.7648108821083207,
            -0.3202322252760977,
            -0.17570068135638783,
            1.344827381014273,
            0.2628887103583368,
            0.25914797908685766,
            0.24670485517010565,
            -0.16830867009408823,
            -0.02452045358517159,
            1.406429763158743,
            0.07091269759060136,
            0.46669649872011887,
            -1.1546243960975164,
            0.009348037628403185,
            0.576907867398217,
            -0.3439150278650833,
            0.3806565355138722,
            -0.07535386712024832,
            0.4887479768730784,
            -0.10850737110636006,
            1.0622374646679535,
            -0.7621383986442201,
            -0.2928669655737801,
            0.5158201574400454,
            -0.25102480726560733,
            -0.06926651056954279,
            -0.039454136500231156
        ],
        [
            -0.17366093876419503,
            -0.08952380136542086,
            0.8126670660904335,
            0.9431836097042963,
            -1.0335512161217582,
            0.5889980400156001,
            -0.6622017882120372,
            1.7358845377812686,
            0.4171114591188818,
            0.4267478577852141,
            1.247292806311712,
            2.066208109315581,
            1.9875703680466672,
            0.4985509064536534,
            -0.14917915570939208,
            0.24169706353961515,
            2.088153249229417,
            0.5397648264653465,
            -0.08617258085447455,
            1.3829912871870396,
            0.604894354252307,
            0.8124455271992654,
            0.9543312743940375,
            -0.09499653809010464,
            0.14264413273572196,
            0.48187780920403783,
            1.4980509643027893,
            -0.22360861472917093,
            1.1757630675692126,
            0.5823602828403444,
            -1.122708551365551,
            -0.5983485334478487,
            0.4554551093870036,
            0.04445258327986246,
            0.3129229519734147,
            -0.3394527041520401,
            0.22931810800038616,
            0.6697544868603039,
            -0.14493343784955495,
            0.8530300653922591,
            0.8305321812623503,
            -0.21620711183348662,
            1.209328910439445,
            -0.09341546195428319,
            -0.11384223252735454,
            -0.6491510344897242,
            -0.5555324973599364,
            -0.45926352514042473,
            -0.020449941741589553,
            -0.820570894597294,
            -0.2726462138868782,
            0.3903860698385633,
            -0.0159527307459332,
            -0.06728941710176917,
            -1.1967401393599835,
            0.010570582790310845,
            -0.5485676546264548,
            0.2923289418496172,
            1.1035341477740253,
            0.01780324352665404,
            1.5373591158126374,
            1.2865113718372037,
            -0.8437238330196388,
            -0.07418177388720941,
            0.9094678250818607,
            -0.4158255033728357,
            -0.49185889550847417,
            -0.416635870660075,
            -0.1384290102561797,
            -0.05941175565537459,
            -0.34854319384090476,
            -0.5326437465846289,
            0.23324698842610525,
            1.8792260509639906,
            0.3825672109067187,
            -0.7051019678312663,
            1.5752203740666537,
            0.6126155351373077,
            0.9572109211455193,
            0.694167013126436,
            0.16331854124653225,
            -0.016489389172241926,
            1.378954615552207,
            0.007731293316323554,
            1.1495931409460558,
            -0.5491009217267798,
            -0.04873316930080455,
            1.1272528315022101,
            -0.2957491082808819,
            1.2931313909003457,
            -0.3281326009392609,
            0.7687146587396206,
            0.432872309406178,
            0.3089681364316114,
            -0.42191868894497403,
            0.3096613727563922,
            0.7572338387482748,
            -0.08632763207668757,
            -0.16713176998503798,
            -0.2642632983115053
        ],
        [
            0.4884510632659346,
            0.44321796279579734,
            0.8797108182284792,
            1.0707500556490603,
            -0.31388165587040356,
            0.45043400241555276,
            0.9653129404361794,
            2.442124458759504,
            1.7521064607131667,
