{
    "pos": [
        [
            2.5343731422154643,
            0.9139092250170568,
            0.012299147773043327,
            -0.13259786538061455,
            1.4681134387341046,
            -0.6355903758390514,
            0.7037358847398214,
            1.1897317580436377,
            1.6440678570352887,
            1.5949492621867127,
            0.011765932782369691,
            1.7579748787265221,
            -0.7661463585115804,
            1.7191393479237633,
            -0.5358134081265851,
            0.4237353976322165,
            1.3818100582959472,
            0.6011169467003147,
            0.028951539320435683,
            0.704759323889991,
            2.6542387760512063,
            -1.2919331131618188,
            -0.1124879785970518,
            -0.4923993011269454,
            1.3807129887604546,
            1.9626922354146719,
            1.841348757120742,
            0.04912468135007661,
            -0.06137899283469453,
            0.10186218239381262,
            2.6640066392404274,
            -0.3524422532461424,
            1.9974661032716003,
            -0.06201765760696746,
            -0.560100927139714,
            0.8417529383355659,
            1.8495741781084014,
            0.4492951163533283,
            0.5699271141712686,
            -0.37718566065495246,
            -1.0666863312396098,
            -0.10237205165464705,
            -0.8384323405662925,
            -0.26372367184963913,
            -0.3848650657108209,
            -0.3891487552894459,
            1.3421534309140815,
            1.3793538955308389,
            0.12312067411342237,
            0.7110611093140987,
            0.07484659599474106,
            1.26168646216713,
            -0.13717470728029926,
            -0.2804631798767441,
            -0.14358747828137913,
            0.6060403455552729,
            1.7803700959028341,
            -0.01578140762383184,
            0.4540335007369145,
            -0.25294282582877764,
            0.9955053561641325,
            0.4597034464392322,
            0.8403676779047248,
            -0.2704410025740876,
            -1.0074913474544471,
            -0.08168175577603687,
            -0.28279034286241334,
            -0.1910815349178376,
            2.16392680085599,
            2.1769794664881013,
            -0.05626867286735692,
            -0.12330767116253077,
            0.727995008784012,
            1.7185443324246508,
            0.5185827914201344,
            2.110035438844762,
            0.7894942731185394,
            -1.0939945149962949,
            2.4185922789192142,
            0.33330907289873934,
            0.960079569828454,
            -0.3737643408041933,
            2.337095024721543,
            -0.21570616452668157,
            0.31721312175893296,
            1.8841240416662832,
            -1.1442132780957468,
            0.4274824652797711,
            -0.5353096456372821,
            -0.8995885987406501,
            -0.09268675249913912,
            -0.4909090701341529,
            0.844294972215004,
            -0.36098409192557324,
            1.2361389543317483,
            0.23416760343428222,
            0.3001510320909586,
            1.2138551797208201,
            -0.4780058595574513,
            -0.08704610129276792
        ],
        [
            0.9139092250170568,
            2.015599130362893,
            1.4407408667234334,
            1.3921716284797785,
            1.730916628002099,
            0.8042764488035883,
            0.8996106728174831,
            1.6414201047554782,
            1.0687154048390244,
            2.4735346789630075,
            -0.05566394811262359,
            2.7580875225547317,
            1.3006843842225908,
            0.5656774673287785,
            0.442347720482191,
            1.1818202323956113,
            2.6371307415431557,
            0.851957042546268,
            0.025653600528307847,
            1.489281624533091,
            2.2190645368044235,
            0.405189250397658,
            0.6145132800056657,
            -0.5716655439532072,
            3.062514444643364,
            0.48379275836005226,
            1.7769343364169137,
            0.011729681988153943,
            2.3321858551669403,
            1.2361487066471146,
            0.9891782310391047,
            -0.7636490525224149,
            0.4792644167398222,
            0.5843865267368701,
            -0.6847723084109998,
            1.8060510760598996,
            1.7697909091098323,
            0.7830283783636462,
            1.23452620034101,
            0.040070528788123005,
            0.03835228182289649,
            -0.5505959974128439,
            0.35852663667943174,
            -0.3561000054840825,
            -0.3993216115314955,
            -0.507741378189329,
            1.9876597653034727,
            1.0112394829515887,
            -0.10108512052932353,
            0.08679241134490086,
            -0.3423677824265607,
            1.8458527804476796,
            -0.1330753284164931,
            -0.2625916019060776,
            -0.20282515910188648,
            -0.19946838988204826,
            -0.1931045323400864,
            -0.3706948205925555,
            0.01766366068785699,
            -0.2307555704758888,
            0.4477720277905463,
            1.2329301537478967,
            0.9413779536005992,
            -0.2660698846528655,
            0.036686998423101795,
            -0.2609524433234306,
            -0.6515780257949086,
            -0.6945914700859164,
            2.1191324796913515,
            2.312405400795243,
            -0.9702595510634032,
            -0.29847161979207276,
            0.44919691013357244,
            2.8522389897690084,
            1.1110691325740643,
            1.8698627480633498,
            1.4826177334868387,
            -0.649401909760059,
            0.5286633780846101,
            1.6941778147024096,
            1.4410064115294139,
            -0.4854816941188078,
            1.7982282382405963,
            -0.38516203454244946,
            2.1190099573928376,
            2.0007972996066727,
            0.7979868775713781,
            2.654953319249902,
            -0.12235551326288518,
            0.3581586197611095,
            -0.540713400945798,
            0.8882142212989529,
            1.5245270552062578,
            -0.6923509255137329,
            -0.24672266163192771,
            1.854950542654126,
            0.5645603240698635,
            1.3308582363691386,
            -0.44044350488587053,
            -0.34659006853110835
        ],
        [
            0.012299147773043327,
            1.4407408667234334,
            1.5544145207596554,
            1.5146207430683054,
            0.8627187453483462,
            0.6763704497133282,
            0.22683744692716418,
            1.162094106886611,
            0.29977669652488725,
            1.5295708449200465,
            -0.3263575010043535,
            1.8373060099141634,
            1.2784192320061634,
            0.47871062652424023,
            0.33125245150767035,
            0.7163295213301449,
            1.7069735422575285,
            0.8023051500433802,
            0.0314905656844606,
            0.8211522966708144,
            0.9586222348611388,
            0.458168105431667,
            0.26804381701027763,
            -0.5416036310232105,
            1.9466512462640422,
            0.4882898535550747,
            1.339285461684386,
            -0.12923279387839687,
            2.2850584440942803,
            0.7785875905783977,
            0.17492751655303976,
            -0.7622536071676747,
            0.03583003729176381,
            1.321798121076653,
            0.3608790878028314,
            1.7360154024224554,
            0.8682345098923666,
            0.28732974857541843,
            0.5304693025226119,
            1.0264504121332658,
            -0.07873597731725764,
            -0.5138178254611802,
            1.428908461715892,
            -0.17768900703022025,
            -0.37892847295231785,
            -0.43245960422490504,
            1.0307279132809126,
            0.7800792208390486,
            -0.13572481299679348,
            -0.1906119722353328,
            0.4564402513922291,
            0.7835151954397095,
            -0.12712501573227952,
            -0.24408815327916145,
            -0.2022866668895958,
            -0.05625070366687577,
            -0.5908239669906743,
            -0.2483117317703688,
            -0.15694873050114933,
            -0.2258518996725777,
            0.5775373262976254,
            1.2342280695486565,
            0.6166603342545404,
            -0.24443140244687514,
            -0.14397403180072055,
            -0.2878905041076979,
            -0.5307333315141974,
            -0.6036200221076394,
            1.2363883096428279,
            1.2973677131721484,
            -0.8881264807901026,
            -0.34643719300852865,
            -0.015288081574015431,
            1.876580943608423,
            1.5253726022226686,
            0.8614192266853267,
            1.1665870310347415,
            -0.4009369814354135,
            -0.27619346437860565,
            1.6016878163294626,
            0.4407254818486787,
            -0.4796541101458517,
            1.36532913855205,
            -0.4557565425152625,
            1.5952889760588826,
            1.1565230841144618,
            1.3879025069699595,
            1.734852952692984,
            0.05659965974296565,
            1.563539957984178,
            -0.5232203934031192,
            1.85789119907405,
            0.5876086676482668,
            -0.3500552222184178,
            -0.6310779151127393,
            1.3937515294805272,
            0.03948769098806296,
            0.4827057684972843,
            -0.2360615839968995,
            -0.3540238745116082
        ],
        [
            -0.13259786538061455,
            1.3921716284797785,
            1.5146207430683054,
            1.502753522901532,
            0.8162313400801843,
            0.8316755947025767,
            0.19522890630487352,
            1.0168469054950284,
            0.23113548760788674,
            1.490572641553051,
            -0.21811622390079344,
            1.7206017146617942,
            1.3929100260297822,
            0.3165370317602938,
            0.5583580635534258,
            0.6631647944103524,
            1.6063971671471642,
            0.7944653186205741,
            0.04530243232969377,
            0.8215886459251494,
            0.7690532521252321,
            0.7625954153865483,
            0.2302010550268755,
            -0.5247349021492336,
            1.87053122979127,
            0.31616662671770146,
            1.1912582809547825,
            -0.14698863945715726,
            2.2139035012901687,
            0.9264343097767965,
            0.01828146210121147,
            -0.7562872488286367,
            -0.035975671085705554,
            1.1739516236415726,
            0.29614612588929523,
            1.661266047472151,
            0.7805957107289905,
            0.4584077210312798,
            0.5404972205527017,
            0.891804771984139,
            0.17921900803737362,
            -0.5448049688403109,
            1.2912914193649243,
            -0.15437342982055113,
            -0.3468296273917162,
            -0.4687387130578988,
            0.9660517409588603,
            0.6153063559038554,
            -0.14927427160396015,
            -0.1852800802740362,
            0.36531142689825097,
            0.7875497590018901,
            -0.11177218555515119,
            -0.23475130530782568,
            -0.19598044215515445,
            -0.24801968117919282,
            -0.6370942440479522,
            -0.2809787771913572,
            -0.23861565301523005,
            -0.20575049423014638,
            0.4651135695518212,
            1.191720954655286,
            0.5471923220294256,
            -0.23839314553851684,
            0.050223308644331714,
            -0.3247398049298819,
            -0.5337853983726295,
            -0.6216188156932061,
            1.0465058455098315,
            1.183857514209887,
            -0.9266990640798602,
            -0.3444164548920895,
            -0.08534986524268579,
            1.7346691362541191,
            1.3831154106212464,
            0.755688444279319,
            1.0495677686055604,
            -0.09989332329506537,
            -0.4679168283132681,
            1.527597477034951,
            0.5088740102456217,
            -0.46971850548210936,
            1.1860781793721016,
            -0.4247871571539819,
            1.6599101255598445,
            1.033597386485398,
            1.462621300259078,
            1.724281608664758,
            0.034274621807232605,
            1.5229600744993164,
            -0.5549727744035401,
            1.7651320352753015,
            0.5297823008161505,
            -0.3590930341241083,
            -0.7203085373574039,
            1.428923967466674,
            0.03274243042045809,
            0.453707070368324,
            -0.2119022557333688,
            -0.33002815384511947
        ],
        [
            1.4681134387341046,
            1.730916628002099,
            0.8627187453483462,
            0.8162313400801843,
            1.919043100513372,
            0.5378956454984869,
            1.3372729206779688,
            1.518394240087754,
            1.393437200507603,
            2.398984998883397,
            0.35334295934127935,
            2.6108435904338183,
            0.573570759729654,
            0.7612800004968389,
            0.43670182126221335,
            0.908964213738567,
            2.5184726875909056,
            0.6559965287568797,
            0.017838587770782347,
            1.5708663583985345,
            2.5541703906543534,
            0.1294995852158024,
            0.1450391059027145,
            -0.5949356121989062,
            2.8873603545782345,
            0.3992067507138581,
            1.6583264864743978,
            0.11730369015153148,
            1.6111636526930473,
            1.147016558781593,
            1.5482713729018687,
            -0.5864257572014153,
            0.8576000625396163,
            -0.054456573764531974,
            -0.904991433189014,
            1.356528126551453,
            1.7668750424975777,
            0.9192955894131357,
            1.3671494662933994,
            -0.4374930745285577,
            -0.03766039168782565,
            -0.3641565850426553,
            -0.4603732856005401,
            -0.42630292010482834,
            -0.38550150091714125,
            -0.7125238233836886,
            1.8449214257366782,
            1.0960087503389093,
            -0.023585462727751066,
            0.28732387184686187,
            -0.5243503004526721,
            1.9343108989945788,
            -0.1428345508480955,
            -0.33605905296488126,
            -0.19612545504966628,
            -0.2068769994406386,
            0.48991914653725294,
            -0.3141060022540338,
            0.3353660713586638,
            -0.278031995696339,
            0.4414578790392243,
            0.8972108674552166,
            1.1469368607362682,
            -0.34161994411188623,
            -0.15337034144039505,
            -0.23786027993399728,
            -0.3603788166789683,
            -0.4626621454445283,
            2.2220897038156973,
            2.308831490850236,
            -0.6980986841507959,
            -0.2803322511005262,
            0.732172794699764,
            2.5924561731054614,
            0.6104709080685417,
            1.9984242841367212,
            1.3402841421694158,
            -0.6301988543231131,
            0.9961143819757554,
            1.2338598460881836,
            1.512811943578729,
            -0.4909104389988233,
            1.7276569525784802,
            -0.10650962794110917,
            1.8183798464814005,
            1.9473999902499877,
            0.24005887100060425,
            2.2520987628504825,
            -0.45437084682925727,
            -0.5074829153594712,
            -0.30559901707425785,
            -0.03929096576204595,
            1.4664324131376276,
            -0.4213231472601817,
            0.0395996201305179,
            1.5263057593279217,
            0.45048165879816315,
            1.5118093373234496,
            -0.4542596188742105,
            -0.22101658946333275
        ],
        [
            -0.6355903758390514,
            0.8042764488035883,
            0.6763704497133282,
            0.8316755947025767,
            0.5378956454984869,
            1.4998913110131884,
            0.1445861593206141,
            -0.053930117056619875,
            0.005612127494634021,
            1.0445850716188707,
            0.571715880818457,
            0.7153458313619792,
            1.6062323710446922,
            -0.7743872304163542,
            1.7230185403513916,
            0.3075021840219445,
            0.7443972908370319,
            0.46392903802181656,
            0.10726050050230151,
            0.7501014688169573,
            -0.19503851660410437,
            2.272085051690989,
            0.1283807760710295,
            -0.21177120255266454,
            1.1305676310750554,
            -0.8284366677378938,
            0.012983466935867105,
            -0.14666055947583592,
            0.9827287397984314,
            1.6249584908274528,
            -0.6566593662510318,
            -0.42892001831141313,
            -0.31370956173044573,
            -0.4216103399850328,
            -0.6298024012929773,
            0.6127409782015252,
            0.3171703939268249,
            1.4760143282658624,
            0.6525785197689857,
            -0.6378423497042872,
            1.7011415627483601,
            -0.5436048288384039,
            -0.4091803434759106,
            -0.015702361742266698,
            -0.019971737365529183,
            -0.4871439213428754,
            0.6052151051466759,
            -0.5397567178089427,
            -0.16376210326594612,
            0.014151260622405583,
            -0.6462679295610854,
            0.92092548719684,
            0.025904144718516722,
            -0.07647085944495155,
            -0.0768006174238593,
            -1.3451721237524528,
            -0.5752487666724582,
            -0.41781322893944667,
            -0.5985154821047257,
            0.00620001951427103,
            -0.45495767334703024,
            0.48552551486309153,
            0.009216110473021446,
            -0.099230866893554,
            1.2918565364058658,
            -0.3989796461559394,
            -0.42350277219284904,
            -0.5408795093937527,
            -0.16358663807177068,
            0.44436229881457223,
            -0.841345958672512,
            -0.16877484439328522,
            -0.31096396031395573,
            0.6141266681959245,
            -0.1499553825850592,
            0.22064574314292798,
            0.06544885799701049,
            1.626182444222211,
            -1.1359069397567623,
            0.5497637851926475,
            1.1183200454299023,
            -0.21360584156801604,
            -0.18456420570426615,
            -0.07382147733478564,
            1.6126350619679195,
            0.2357803125181541,
            1.1197244955359817,
            1.3870265668668855,
            -0.1391958815181376,
            0.2523995407097487,
            -0.5533932287844884,
            0.19206961393585173,
            0.3719166514632649,
            -0.4504366062632455,
            -0.8241745108210442,
            1.281508338584559,
            0.22187133827136787,
            0.42552230739644603,
            -0.06428327174113956,
            -0.06353474614953013
        ],
        [
            0.7037358847398214,
            0.8996106728174831,
            0.22683744692716418,
            0.19522890630487352,
            1.3372729206779688,
            0.1445861593206141,
            1.8342587592610784,
            1.0866509338394903,
            0.8300562746852761,
            1.2950093149533164,
            0.6012071520335137,
            1.6376314278075648,
            -0.2591362434243109,
            0.12964455038796086,
            -0.01955171137044852,
            0.4945223663517112,
            1.9268231327315908,
            -0.1860942805632908,
            -0.09765411924631665,
            1.3376601581183323,
            1.795302822629112,
            -0.41056127527875097,
            -0.25006456793139836,
            -0.28584151336533326,
            2.181643074457083,
            -1.0356848307034878,
            0.5197325533568303,
            0.3816313959159313,
            1.1623600375551069,
            0.4286785452696025,
            0.7066853415850232,
            -0.031295266225087624,
            -0.17151184075323406,
            -0.44512607900366635,
            -0.6622657076768941,
            0.3000627547185449,
            0.6022832076923708,
            0.02467364130185302,
            1.2898811790944813,
            -0.3770310011118279,
            -0.2622757475977895,
            0.15136312621246487,
            -0.4573557106726309,
            -0.48289334507882276,
            -0.16933894140042102,
            -0.591814184729964,
            0.9321784949959057,
            0.7739508361836674,
            0.038218873282725885,
            -0.11051038994283502,
            -0.6913189680697611,
            1.1920861680584682,
            -0.11224474083308347,
            -0.26174787829538854,
            -0.0935081440676908,
            0.0068541791909884206,
            0.017191487620044518,
            -0.11607024069576777,
            0.879968663433767,
            -0.231627014144423,
            -0.0626802992194485,
            0.20092362041124023,
            1.1869600478039306,
            -0.26706470846081143,
            -0.32680691970215653,
            0.04042968941140125,
            0.3862228238180234,
            0.13650923288413455,
            1.5003535354598998,
            1.0330590129741692,
            -0.12768630240133402,
            -0.16949816068859816,
            0.9718195934571148,
            1.6066218790321807,
            -0.04794589911375756,
            0.9194780738999158,
            1.126997922687746,
            -1.0676280096589734,
            0.34242274092178127,
            0.7196354897123931,
            0.6581452535846763,
            -0.22607795091811483,
            0.27521147094792436,
            0.44972056540592975,
            1.0727414034479925,
            0.8682581282065304,
            0.17153526630386765,
            1.7487144404871071,
            -0.4174091747464351,
            -1.0483326247534557,
            0.30198020055712776,
            -0.7503679955683906,
            1.1543346583502359,
            0.3634551208844289,
            -0.3629251289935686,
            0.908473751365589,
            0.12291090169899255,
            1.0304284758781026,
            -0.18107260228194885,
            -0.07490989859601745
        ],
        [
            1.1897317580436377,
            1.6414201047554782,
            1.162094106886611,
            1.0168469054950284,
            1.518394240087754,
            -0.053930117056619875,
            1.0866509338394903,
            1.8328553166409915,
            1.0543761532938158,
            1.9476480871342365,
            -0.33437606681739696,
            2.524059956988444,
            0.33511473002037717,
            1.000603947854669,
            -0.6074075279461925,
            1.0322429321356827,
            2.4611678416353575,
            0.5212013518487854,
            -0.061836058987215885,
            1.2149360023409377,
            2.443165091672699,
            -1.0037593465999988,
            0.43125715183070634,
            -0.5021170660937998,
            2.683156641164405,
            0.6908052416569488,
            1.7828611565785673,
            0.1563604357051681,
            2.08441062542278,
            0.2770394541000551,
            1.2957383109531426,
            -0.5226525188951119,
            0.464322557437837,
            0.9362505367141948,
            -0.21676477602586652,
            1.5204340620220735,
            1.5018197788764214,
            -0.2204765771881767,
            0.9964729918591255,
            0.5879368402284029,
            -1.0483575695494596,
            -0.191077722901694,
            0.8001407483204279,
            -0.4204239015837004,
            -0.42103943630167956,
            -0.330195890130325,
            1.6373135794282512,
            1.4511054250478335,
            -0.008919544506194919,
            -0.03802654684722617,
            0.05964926205189375,
            1.3341380518041095,
            -0.17300194557459048,
            -0.2699184105544885,
            -0.17898742241527432,
            0.6286686913353512,
            -0.012063135866429403,
            -0.1270923108668794,
            0.5299524390580747,
            -0.2851250013878352,
            0.7177461235205349,
            1.0117896338986576,
            1.1374300933191015,
            -0.2604651615767498,
            -0.8293051198609313,
            -0.019020164695668064,
            -0.2895619493163629,
            -0.33013367089633466,
            2.3589605688022455,
            2.047734140506479,
            -0.5008561934313417,
            -0.25123893188816004,
            0.7459910856253702,
            2.667006167605775,
            1.3101065025543095,
            1.7027436066744457,
            1.657614934983691,
            -1.820552736928377,
            1.0408320803560345,
            1.5567289854627366,
            0.6951713570022504,
            -0.40819200594906224,
            1.8496355368852075,
            -0.25908543091534003,
            1.3284935214557487,
            1.8653130314963917,
            0.3647947677297238,
            2.087503538242781,
            -0.07310277131331563,
            0.2890290409179869,
            -0.14494813724401076,
            0.8759183013719003,
            1.376209164526025,
            -0.2673060323562297,
            0.025903887041089216,
            1.2375933713908813,
            0.3482839796571486,
            1.1161023719778613,
            -0.39365390792705,
            -0.3371616587726529
        ],
        [
            1.6440678570352887,
            1.0687154048390244,
            0.29977669652488725,
            0.23113548760788674,
            1.393437200507603,
            0.005612127494634021,
            0.8300562746852761,
            1.0543761532938158,
            1.2573199868286533,
            1.640189014635812,
            0.19130572952015298,
            1.7530406230159632,
            -0.049144752500924906,
            0.9437335440725229,
            0.02854805166956157,
            0.5535908312668055,
            1.565493428151679,
            0.4996675391408298,
            0.02376598193541284,
            0.9395608086785295,
            2.1152861477426477,
            -0.3837713755549693,
            0.05453758146486376,
            -0.4158682377897205,
            1.731421438355292,
            0.9176423107756467,
            1.3765580133742426,
            0.06968581389397764,
            0.5448874153607557,
            0.5699596969456046,
            1.710958036314692,
            -0.36175257439140124,
            1.1742415960508985,
            -0.17838504146363987,
            -0.7163093484904148,
            0.8345589930915657,
            1.5006566043410214,
            0.6447914370144247,
            0.8170044104159504,
            -0.4833342553450476,
            -0.349217571512362,
            -0.19664036099478344,
            -0.6877734840234991,
            -0.2742854963728612,
            -0.29064671520557744,
            -0.4322264298515995,
            1.3323940689690659,
            0.937827947742092,
            0.040700077230983074,
            0.4376475885735892,
            -0.2887763458846894,
            1.3610485975626367,
            -0.10310879982308863,
            -0.23360537448155805,
            -0.12807114137142037,
            0.09225692788240232,
            0.943412453590942,
            -0.14871284994616404,
            0.289841901707694,
            -0.1964521916427402,
            0.5197953515301657,
            0.508159728330016,
            0.769594055871084,
            -0.2328984313150175,
            -0.3761638803290117,
            -0.1302846811298964,
            -0.2777057853905155,
            -0.27333556495900524,
            1.746649739041703,
            1.8358580447484893,
            -0.30631084232400496,
            -0.14432845590353938,
            0.5919875011682222,
            1.7318658059120513,
            0.34398436038031094,
            1.695242701058875,
            0.8098613562247803,
            -0.604561145374368,
            1.4011818301249461,
            0.5767939612790551,
            1.1021219732179817,
            -0.3287524419407937,
            1.5987888865318243,
            -0.11986266982342647,
            0.8816887698732523,
            1.5587163010103176,
            -0.43509787962398516,
            1.1089006271302617,
            -0.4080837222307411,
            -0.7080098958502086,
            -0.17179201169458672,
            -0.35483127785956925,
            0.9824598633410642,
            -0.3644164959174414,
            0.5500217445708694,
            0.7248323719196544,
            0.3603254792025761,
            1.1464743633864565,
            -0.38186107727466445,
            -0.10934720879079916
        ],
        [
            1.5949492621867127,
            2.4735346789630075,
            1.5295708449200465,
            1.490572641553051,
            2.398984998883397,
            1.0445850716188707,
            1.2950093149533164,
            1.9476480871342365,
            1.640189014635812,
            3.2730910670385946,
            0.2684379375686529,
            3.48324108306357,
            1.3930291130841859,
            0.8998758109829184,
            0.8734250226202893,
            1.3051559276816462,
            3.267674465912581,
            1.1414307445733574,
            0.06882145716857052,
            1.9767701517665288,
            3.0216739061801454,
            0.7114573725667666,
            0.42798396831155644,
            -0.8209110621655731,
            3.8001189101255264,
            0.7635859032422716,
            2.3070415221617524,
            0.0030764263378918553,
            2.4738946344139414,
            1.7857843523415828,
            1.7169304432747454,
            -0.9784212279770119,
            1.0740081344665366,
            0.2879441249451297,
            -1.057508261787394,
            2.1617011359457865,
            2.394854678837822,
            1.444370060595472,
            1.653051683544818,
            -0.3541852427924497,
            0.25849579213478524,
            -0.7123568060001819,
            -0.2019909527681656,
            -0.46345064714684236,
            -0.5303219059106199,
            -0.8836993224514043,
            2.5121087130296464,
            1.288554614060857,
            -0.09890248632282854,
            0.348317963850194,
            -0.5335649257937789,
            2.525663092383954,
            -0.17428363209882738,
            -0.41044810116600017,
            -0.2780538056032643,
            -0.472132869658372,
            0.3433887958843582,
            -0.4977645288696505,
            0.055931859068131085,
            -0.3323784785791795,
            0.6189904319728053,
            1.459424106534179,
            1.2811331760525013,
            -0.4193152706904165,
            0.08324324654539093,
            -0.42605069503278775,
            -0.7782594715286001,
            -0.8639599164842743,
            2.737496560898477,
            3.0897808524223795,
            -1.2012304346473466,
            -0.40502738460643584,
            0.6372656795658614,
            3.485399208048857,
            1.1181293286872647,
            2.583118275717006,
            1.7168396759400482,
            -0.4174605863116784,
            0.964684434533452,
            1.869446880472184,
            2.078920460247409,
            -0.6922654671078683,
            2.4258355874718975,
            -0.3889934667308991,
            2.6812257789078804,
            2.607590606184321,
            0.732803893284462,
            3.113887003741824,
            -0.4418398262858947,
            -0.0012169175840803814,
            -0.6851314075176628,
            0.6018211343606114,
            1.839097604101179,
            -0.8344065720785804,
            -0.11111742619894359,
            2.2643261094651197,
            0.6470592245329575,
            1.8660179842033449,
            -0.6044340541503093,
            -0.36199222489580496
        ],
        [
            0.011765932782369691,
            -0.05566394811262359,
            -0.3263575010043535,
            -0.21811622390079344,
            0.35334295934127935,
            0.571715880818457,
            0.6012071520335137,
            -0.33437606681739696,
            0.19130572952015298,
            0.2684379375686529,
            0.8975406033413794,
            -0.01240054623073741,
            -0.004124694808156716,
            -0.3077952585443725,
            1.0699776413359212,
            -0.33126462640783744,
            0.08415375240144668,
            -0.040739746719929824,
            0.049581279896138634,
            0.4413804900835115,
            -0.05544479390174137,
            1.0937810160762387,
            -0.7237263849015123,
            -0.16163044606806526,
            0.2059518826428497,
            -0.8179629661260996,
            -0.3473630662844988,
            0.03673418388432596,
            -0.3060018106071912,
            0.7779780235307564,
            0.03149911415492418,
            -0.010185646942154784,
            0.07802040824792515,
            -0.943601169585393,
            -0.3719928355765589,
            -0.279135340388662,
            -0.14968213364218486,
            0.9382595693572355,
            0.43994580969276464,
            -0.7448284522279929,
            0.9551272010857788,
            -0.051837711841454685,
            -1.0395977787515818,
            -0.07665897104696662,
            0.015254887150489583,
            -0.6085693114983497,
            -0.13380525698560483,
            -0.2961902019747361,
            -0.00890058192213387,
            0.15376231555534944,
            -0.4459316672741831,
            0.38248088122303814,
            0.0006756341215332953,
            -0.1572737212475022,
            -0.041491867146723226,
            -0.8403006054401714,
            0.38426805828826804,
            -0.15167127762262697,
            0.06376831467582272,
            -0.07097096408251141,
            -0.29891264871381823,
            -0.16647234496230576,
            0.24926179625660408,
            -0.17447066088494562,
            0.5022705705048921,
            -0.22417200410691326,
            0.23106139975544127,
            0.03605293590034178,
            -0.23361961854820903,
            -0.08612619130235337,
            -0.1303730638834467,
            -0.10881467835222308,
            0.09042607853083823,
            -0.25677599906680654,
            -0.6803469668571922,
            -0.046587475280240716,
            -0.2068744714575703,
            1.1036931002191162,
            -0.42170791198482105,
            -0.2846341483811893,
            0.47257645738303533,
            -0.14594984644864584,
            -0.44558566780440406,
            0.37008323077410227,
            0.4949178585722268,
            -0.2304210084090532,
            0.19852267464856738,
            0.11915707459441172,
            -0.5082894242458225,
            -0.6852301516996704,
            0.01664965396226791,
            -0.8865497640424196,
            -0.11534781372162031,
            0.26613037589955685,
            -0.34116925810068865,
            0.25589780876630763,
            -0.21016726879673336,
            0.2624480483006565,
            0.01684234919277479,
            0.13146612650406536
        ],
        [
            1.7579748787265221,
            2.7580875225547317,
            1.8373060099141634,
            1.7206017146617942,
            2.6108435904338183,
            0.7153458313619792,
            1.6376314278075648,
            2.524059956988444,
            1.7530406230159632,
            3.48324108306357,
            -0.01240054623073741,
            4.018119506199391,
            1.1964358998961047,
            1.2108011172478135,
            0.2275053001421893,
            1.552293115498689,
            3.8581865248551126,
            1.09411945107596,
            0.0015354818747130685,
            2.1647687436522447,
            3.5944071616073012,
            -0.12459121997060817,
            0.5359600741204286,
            -0.8934487049438632,
            4.373299876624504,
            0.8419283823951427,
            2.68703219173363,
            0.11348653057127517,
            3.1375266734687823,
            1.4098948045525754,
            1.9138899181094517,
            -1.0078389273884971,
            0.9295015302843993,
            0.8371240854521829,
            -0.8136254298915969,
            2.468695555416808,
            2.5347148489748705,
            0.8108735014564128,
            1.7973682719917101,
            0.2010313735153255,
            -0.4817765047569029,
            -0.603589861608884,
            0.4619145789719139,
            -0.6000778986114789,
            -0.6359155431268331,
            -0.8459492510314564,
            2.7380183311398514,
            1.812570410754252,
            -0.07953547462399524,
            0.16357835225376038,
            -0.3150043770435407,
            2.5631621590475944,
            -0.2344968565130524,
            -0.46481715295842396,
            -0.3097604035549603,
            0.06538310739302616,
            0.1368746823685216,
            -0.4257159669395052,
            0.40475096676273703,
            -0.4203351915938536,
            0.8643656283001184,
            1.6649608988377356,
            1.6433118703448297,
            -0.46536069204059305,
            -0.47449948587851715,
            -0.30614102790692765,
            -0.6848285012085471,
            -0.7921161954077173,
            3.3717245985225652,
            3.3766795783758305,
            -1.1593170042640282,
            -0.4542423201096035,
            0.921583129122511,
            4.106543552277387,
            1.6345747451231607,
            2.7971976556020373,
            2.280497019052933,
            -1.4698099492153167,
            1.2118707690477084,
            2.3309218871262103,
            1.8228756575968763,
            -0.7457647970543531,
            2.780121911837561,
            -0.40768271961562824,
            2.7380967878439124,
            2.937016733768181,
            0.8454066991904441,
            3.534334367264533,
            -0.347781606654957,
            0.24926030168201826,
            -0.5473729722867388,
            1.0322774228034752,
            2.1340628509778745,
            -0.6903037357761309,
            -0.15912150388551752,
            2.3865615725744505,
            0.6296057833669559,
            1.9717921802695146,
            -0.6524423108616695,
            -0.4715260081216249
        ],
        [
            -0.7661463585115804,
            1.3006843842225908,
            1.2784192320061634,
            1.3929100260297822,
            0.573570759729654,
            1.6062323710446922,
            -0.2591362434243109,
            0.33511473002037717,
            -0.049144752500924906,
            1.3930291130841859,
            -0.004124694808156716,
            1.1964358998961047,
            2.2921945011782987,
            -0.7655756237763811,
            1.4469710400083524,
            0.8224593526653742,
            1.1418032680352341,
            0.7223797910071132,
            0.10520452773778902,
