{
    "pos": [
        [
            0.30937538641466633,
            0.06781151769134612,
            0.19845748522420667,
            0.15726516883376385,
            0.012347336378480143,
            -0.10808839005165277,
            0.10400844792173868,
            0.2758725337309015,
            -0.06083429145253438,
            -0.26760279955685157,
            -0.21270080436400884,
            0.07855253796887307,
            -0.9505257050123039,
            0.09830189791918861,
            -0.024410145882730855,
            -0.4286621397905032,
            0.10023985475095032,
            -0.08289473029615131,
            -0.13062266087057917,
            -0.25341147328832764,
            0.13518887350412137,
            -0.43808503780168834,
            -0.12107011792776097,
            0.009530262379976914,
            0.22120466006934936,
            -0.11881513781202852,
            0.062139875357958035,
            0.253664815718756,
            0.08594367167180789,
            0.08110988103342959,
            0.06694160920550016,
            0.16538347948651824,
            -0.2296343835493891,
            0.2302888432614176,
            0.1021891572699851,
            0.14145976364234703,
            0.4624147027454859,
            -0.14238532601796547,
            -0.19586174657548827,
            -0.17520306290055265,
            -0.5505899496675916,
            -0.040778895469807806,
            -0.11767936888008544,
            -0.04173418480231977,
            0.002583044927828541,
            0.1359058184163755,
            -0.004080688259565782,
            0.16356873143114634,
            0.0318668326572634,
            -0.25426071187737914,
            -0.2622120560156372,
            -0.03191598919317374,
            0.040845619818305756,
            0.1355342964180356,
            0.15750760233256858,
            0.035755492028453635,
            -0.05846817999021575,
            -0.28910480689084944,
            -0.2788641825402872,
            0.0037316193592691832,
            -0.055700301628146945,
            -0.4197257825959402,
            -0.42993990354295963,
            0.15323940213884915,
            -0.07944203302491999,
            0.027240656687679055,
            0.03130604635193671,
            0.10894568040007134,
            0.16292893394073535,
            0.17467521738668124,
            0.0069246269830195405,
            -0.027159569582975523,
            0.6983562716808098,
            -0.03931380283426921,
            0.028386804641093645,
            -0.012498860593942576,
            0.29979544983129774,
            -0.28546147864042865,
            -0.26965516071711554,
            0.10418286720805803,
            0.015752964321571587,
            0.022861861336423418,
            -0.2223675043778378,
            0.10128714914875113,
            -0.32571821227570485,
            0.1999553361051381,
            -0.1134990792235998,
            -0.008303276671189201,
            0.052341979356974114,
            -0.11485135170221578,
            0.0055493528075533025,
            -0.0641971098840564,
            -0.2157747948403117,
            -0.6825280822041195,
            0.15054446039754438,
            -0.08561458963993934,
            -0.08893199762077031,
            0.13956784878338785,
            0.3999422336565573,
            0.30925715488644984
        ],
        [
            0.06781151769134612,
            0.18575775222275925,
            0.23110513365943064,
            0.1939405580002055,
            -0.12683848943100642,
            -0.16293645413875013,
            -0.15993092607297227,
            -0.11444586586772108,
            0.16345906706478383,
            -0.19757441343907142,
            -0.24645465966970953,
            -0.4497224552793353,
            -0.008936232470882497,
            0.21376571695131133,
            -0.09658535557419665,
            0.15214478222144198,
            -0.4326538674018161,
            -0.27225479314680656,
            -0.057427107322682414,
            0.06972960731775894,
            -0.04854969056901842,
            -0.340268842959526,
            -0.01281201998188607,
            -0.03353435370199228,
            -0.146413750812686,
            -0.07965015545925737,
            -0.4093203004725971,
            0.13891872009702796,
            -0.05376793140941443,
            -0.10954818860443204,
            0.05312271003662147,
            0.1472094800756368,
            0.10481484807389273,
            0.044861239034445895,
            0.14831564402830608,
            -0.3034399254570568,
            0.11712309007782457,
            -0.18430121477301906,
            -0.35809281698628703,
            -0.198603782444626,
            -0.2503390775178818,
            0.007778756196061529,
            -0.26749186204585146,
            -0.13312241731701072,
            -0.059056867655896655,
            -0.045275042390590034,
            0.18948676797103092,
            0.08011952894235201,
            -0.018617532477712233,
            -0.061431027330037295,
            -0.12737234322889096,
            0.12092337523257479,
            -0.07895723625674272,
            -0.08834168794507403,
            0.020024191611487874,
            0.08992350972747697,
            0.07669724536416558,
            -0.0716253641759156,
            0.04555752443956274,
            -0.027419845871754916,
            -0.38005442174974874,
            -0.41018929935920306,
            0.025681717494698816,
            -0.08888787934525938,
            0.47534440088138735,
            0.03703391816203659,
            -0.07190258222890597,
            0.11792627622404105,
            0.15838544931675705,
            0.14588787514180016,
            0.07380385222862948,
            0.09302546069109704,
            0.09853558036092647,
            -0.1844047887166561,
            0.06698072425692977,
            0.05880729387121554,
            -0.07821012827956297,
            -0.4557370506053694,
            -0.11495895718068133,
            -0.0013027095476757225,
            0.17739950669718965,
            -0.003843841436761661,
            0.029033262417150874,
            -0.053056295548605525,
            -0.4224431606084779,
            -0.16194356662913278,
            -0.2823865815047743,
            -0.22794045448454991,
            -0.054561282485409125,
            -0.384407084762757,
            -0.0055338928005072875,
            -0.006409226345317907,
            0.1181730462192086,
            0.30658009111073903,
            -0.08266888527936572,
            -0.31668245462802075,
            0.02033411048946226,
            0.21027192681770585,
            0.0828489650447862,
            0.19858962470823904
        ],
        [
            0.19845748522420667,
            0.23110513365943064,
            0.626390017702034,
            0.6107168365828386,
            -0.708364581625804,
            -0.12997157222824696,
            -0.07845781138445196,
            -0.05606332366187692,
            0.04861188692477661,
            -0.44350762630338036,
            -0.26967874292124144,
            -0.36311735923525706,
            -0.14374665095744768,
            0.42236058284805567,
            0.14801948686381702,
            0.055442616967305375,
            -0.3846660029684118,
            -0.24615243027630296,
            -0.37084594713968183,
            -0.17790996672866105,
            -0.22339946007839143,
            -0.25740453702062527,
            -0.07843724424059917,
            -0.1855274577769935,
            -0.2698720059334547,
            -0.38392603754994226,
            -0.4475485225388132,
            0.31622832352043373,
            -0.15483917703425062,
            -0.354689469876613,
            -0.10197929941211706,
            0.28749956919544206,
            0.31540459018427813,
            0.46887461376049844,
            0.23432120973763887,
            -0.5338136743664583,
            0.210861608121412,
            -0.1555105017936652,
            -0.5233415593326751,
            0.020688596890412872,
            -0.18902194162264518,
            0.0019533724040663577,
            -0.2092181518920777,
            -0.2702260684984498,
            -0.19411667234413638,
            -0.13222946182245807,
            0.17378314047983248,
            0.013664957935247458,
            0.015095903979115546,
            -0.2939467065186266,
            -0.04574361324893957,
            -0.23906672316087657,
            -0.11392195219953011,
            -0.12725035483320205,
            0.09169958142204326,
            -0.04171090048814658,
            -0.04232913527855667,
            0.1312855835276158,
            -0.02970663783433161,
            -0.034211986110657885,
            -0.14341002201639427,
            -0.12180274110693452,
            -0.4923621602196323,
            -0.12647143822136842,
            0.848555154772663,
            -0.09679576468258107,
            -0.0731874813094352,
            0.13848417517072187,
            -0.32488035833710605,
            0.23898776610602665,
            -0.002143868766474247,
            -0.06606428205265402,
            -0.027945612495599088,
            -0.2815818765994342,
            0.11944787629808028,
            -0.0775437489754467,
            -0.1817948440230368,
            -0.15245161473448596,
            -0.12423831361960465,
            -0.09997964776502977,
            -0.009547392733987338,
            -0.05198222244172282,
            -0.11506456692710501,
            0.12134643220962171,
            -0.43351717019758446,
            -0.21612081846501405,
            -0.2361652831187668,
            -0.8070439609789939,
            0.04041756733741587,
            -0.6356746850217493,
            0.00293074282656281,
            0.14594982140928767,
            -0.03342735891373909,
            0.062420176219947256,
            -0.11062526368947974,
            -0.4588560899947129,
            0.14804856747287617,
            0.2206109534555563,
            0.32575375378637067,
            0.5281238233548236
        ],
        [
            0.15726516883376385,
            0.1939405580002055,
            0.6107168365828386,
            0.6287294784322884,
            -0.6731875277269974,
            -0.03534474179078551,
            -0.08015102255927661,
            -0.12115404108390176,
            0.024263905431069894,
            -0.4627156280372071,
            -0.2060990324854517,
            -0.268573977513523,
            -0.08094605849349874,
            0.31305400947522544,
            0.24759373023447662,
            0.062738895846456,
            -0.3016064432938163,
            -0.17124409756621306,
            -0.4285570875406104,
            -0.21464096869404564,
            -0.2345112936179958,
            -0.09134308176205747,
            -0.08395100466507267,
            -0.2005312416036834,
            -0.31559436509295286,
            -0.4832998947233768,
            -0.37517234085729584,
            0.2852877887277491,
            -0.18539830984521702,
            -0.35201402556130207,
            -0.143082407592547,
            0.2561087051935242,
            0.3476587199068194,
            0.4813282393323599,
            0.16108281871428676,
            -0.5444699220390778,
            0.08102502260749378,
            -0.08896084647988127,
            -0.43741791774170324,
            0.04782258185552529,
            -0.05701672972853457,
            -0.023399310475444055,
            -0.2451865871988654,
            -0.284638749956993,
            -0.20262806060800487,
            -0.2089418003994807,
            0.11440736246133476,
            -0.01422416100959121,
            0.0018061989978487816,
            -0.31467124366382826,
            0.009255529825961702,
            -0.2832306343295567,
            -0.11372942148629464,
            -0.20122364688127706,
            0.04992690822433932,
            -0.022004011364524637,
            -0.03988388917658479,
            0.22535360729370468,
            0.02124354981826781,
            -0.033708505730255134,
            0.009882051161388518,
            0.033584501627855874,
            -0.4673304083991856,
            -0.21284113803290433,
            0.8866932053931285,
            -0.15613887730176035,
            -0.10093965556855776,
            0.0790507943563088,
            -0.3499114100265257,
            0.19983608634423367,
            -0.036649019949420734,
            -0.12275469261306303,
            -0.2210979704932936,
            -0.270461456222036,
            0.11012573481202728,
            -0.09261193527242015,
            -0.2784212857793803,
            0.08811073831545714,
            -0.12521020316009482,
            -0.16116000731477537,
            -0.04783940733204248,
            -0.06573042434625066,
            -0.14798092009800365,
            0.11444603530616482,
            -0.3166200961249581,
            -0.20584039592119227,
            -0.14551092042281785,
            -0.7461320307189929,
            -0.028909199639039814,
            -0.5052542657437654,
            -0.023325882202043454,
            0.1294315345561314,
            -0.05141745596435857,
            -0.01818341761749793,
            -0.17020984797999672,
            -0.3681305318003876,
            0.1518331540649115,
            0.1620830897555106,
            0.26329673791603847,
            0.4954976458857869
        ],
        [
            0.012347336378480143,
            -0.12683848943100642,
            -0.708364581625804,
            -0.6731875277269974,
            1.861877518222605,
            0.5785301542218707,
            -0.17882948588889727,
            0.38966938037693327,
            0.1617663946790483,
            0.18024560383371002,
            0.20225033524651753,
            0.6634956577172253,
            -0.9272311755881493,
            -0.7188058072923171,
            -0.05017432569266143,
            -0.21604301184945096,
            0.787151034484578,
            0.3981046239987349,
            0.19845019688232454,
            -0.11559540180517258,
            1.1733843927423215,
            -0.3857993932206094,
            -0.07795125211404214,
            0.21495398216054015,
            0.7338425720854757,
            0.629517365816935,
            1.0274644167219709,
            -0.2678575433116703,
            0.4775811259657419,
            1.103523526168582,
            0.49842634564905536,
            -0.2558191025960492,
            -0.42023668616768894,
            -0.4062437897124843,
            -0.3470022658560077,
            1.2792430678504554,
            0.08692737206603512,
            0.1803614526318898,
            0.7800671376760979,
            -0.7674667734105909,
            -0.3829400523476675,
            -0.206363819333103,
            -0.6861767125249287,
            0.18635823891496056,
            0.18123730052729353,
            -0.02969515253780193,
            -0.1295543803735384,
            0.42249842907079715,
            -0.13714394593719295,
            0.18943924604444976,
            -0.004307784434690002,
            0.6507223385596174,
            0.03620289159732142,
            -0.24109601446034978,
            -0.2269780949425365,
            0.4395962080673907,
            0.2464499155979154,
            -0.5640295678583609,
            -0.07831006383822527,
            -0.010296208421199353,
            0.3413887947211758,
            -0.7698544947853896,
            0.9933871308054434,
            -0.2945366338152658,
            -0.6793754518930826,
            0.02769472946110217,
            -0.2570294470119925,
            -0.21567771437486805,
            1.7134133693350293,
            -0.02843786631177695,
            -0.06193895297779126,
            -0.011856621444849277,
            0.5870044479851283,
            0.6195590919043763,
            0.17571736830738385,
            0.30103935862479925,
            0.5736786016250249,
            0.06731789987367007,
            -0.485684328710238,
            0.1340059082543547,
            0.5122068343206596,
            0.0411878029392815,
            0.04854294680962722,
            -0.48002697218283474,
            -0.12117724689957268,
            0.6422211429562649,
            0.3473709762509636,
            1.848430827476757,
            -0.7363806530864325,
            1.2792157853481019,
            -0.20458703136484063,
            -0.4478919779471269,
            0.16001459293389947,
            -0.7097171914137578,
            0.3129313003527704,
            0.5118182091047391,
            -0.34246593077342957,
            0.09983245288833759,
            -0.4570647891342426,
            -0.45101320301720227
        ],
        [
            -0.10808839005165277,
            -0.16293645413875013,
            -0.12997157222824696,
            -0.03534474179078551,
            0.5785301542218707,
            1.92165396803114,
            -0.2142607363584352,
            1.665011344982672,
            -0.02851253765535936,
            0.7474187941589829,
            1.348766022041251,
            2.082825382018484,
            0.5090926172245032,
            0.36467931781256935,
            0.8944179100743606,
            0.7236172853449973,
            2.184670028392333,
            1.5575603942550542,
            -0.4308466560320712,
            -0.7424135468969179,
            2.0829056843606373,
            0.016133321637832192,
            -0.015243887592147507,
            -0.49862898519394583,
            1.152470972646337,
            2.117949824286,
            2.63302525723881,
            -0.651557787384024,
            0.8727181701253249,
            1.3006805145326457,
            0.4952862397032898,
            -0.3797382444011562,
            1.4162546802138876,
            0.9791036611048116,
            -0.07253471220710848,
            2.3671040691613388,
            0.29045793398991654,
            1.1361880729523832,
            1.7762168986919784,
            0.4698703787240313,
            1.0668092706290622,
            -0.1142417676099994,
            -0.0029299377621003096,
            0.10507186859550521,
            -0.4722083073306167,
            -0.46180093290666663,
            0.10110727494893874,
            0.1511693230841456,
            -0.11319584788887267,
            0.5850724586407645,
            1.9369194034863384,
            -0.4773588398030819,
            -0.3675668994848504,
            -0.7396992824124077,
            -0.4897919353788024,
            -0.49780326864107266,
            -0.0930866012530004,
            0.370355655502677,
            -0.1911939758746944,
            -0.09392221824745356,
            2.120300409841747,
            0.9255350133676828,
            0.8852747961727199,
            -0.8239636422841174,
            0.20643721856399197,
            -0.4624972994462396,
            -0.5714213402710427,
            -0.5084857881513083,
            0.5459601731365274,
            0.09245972214005403,
            -0.5980558191351814,
            -0.6650323548431364,
            -0.5419612834766049,
            1.8349840923381837,
            1.0929724465959476,
            -0.021481776528831164,
            1.0093282045251837,
            1.8835910014760409,
            0.16689672608111472,
            -0.10366955174134813,
            0.26729091645177827,
            -0.24709649441162895,
            0.8013764086075881,
            -0.49936380212750375,
            0.3528257598610536,
            0.6489053829644076,
            1.5120700506673286,
            0.41256480455597944,
            -0.8142596647569041,
            1.4412024930486889,
            -0.2402105817725464,
            0.6600370431370157,
            0.6461183971957425,
            0.37829468034418023,
            1.1618579654954877,
            0.007260963628752493,
            0.5445355554607125,
            0.19890964611635575,
            -1.0195171698067875,
            -0.22428936961066973
        ],
        [
            0.10400844792173868,
            -0.15993092607297227,
            -0.07845781138445196,
            -0.08015102255927661,
            -0.17882948588889727,
            -0.2142607363584352,
            0.3264848778474961,
            0.04517283816862267,
            -0.2636794015146386,
            -0.00045095833019363833,
            -0.017335064912298782,
            0.2386345427083268,
            -0.46280227496651194,
            -0.14335323553868132,
            -0.03093467965611464,
            -0.5070158920448978,
            0.19996959956306296,
            0.027930658098715568,
            0.05548655082992374,
            -0.10227361671242435,
            -0.3065213504875096,
            0.2154712637287693,
            -0.03360541679277699,
            0.09200551817746867,
            0.07195122097107588,
            -0.30017242791237103,
            0.05660136093059756,
            0.08817290914684466,
            -0.05681962604555534,
            -0.14297376217255847,
            -0.15914203051961173,
            -0.009298930490199055,
            -0.40805108732488615,
            -0.013504961521099283,
            -0.059514216862762426,
            -0.01439801291685711,
            0.08649946827963179,
            -0.031716976519276095,
            -0.006040730203678325,
            0.20835741721234427,
            -0.09743290742907577,
            0.020843628403964486,
            0.4058258364526537,
            0.12018039693767855,
            0.12155729729081091,
            0.2273576052290297,
            -0.23184104569655278,
            -0.08995411923770263,
            0.08172136605083047,
            -0.1549296192378212,
            -0.25133035401882753,
            -0.19325711232792211,
            0.17272855796920228,
            0.3518227222664266,
            0.17152954194692016,
            -0.10349082299825028,
            -0.1582715173561447,
            -0.06241597366113412,
            -0.19312829487822275,
            0.05285664016848444,
            0.0930643861016436,
            0.2549206473460374,
            -0.538365282058802,
            0.38540061096856093,
            -0.6255425970782608,
            0.043697302776155716,
            0.2369324504613926,
            0.020483933360414857,
            -0.4340775109285988,
            -0.09612819088622776,
            0.005970258970059438,
            -0.02898963981405559,
            0.3023525322259303,
            -0.11390676031704464,
            -0.2441845916701666,
            -0.12077850790838301,
            0.08252359338914483,
            0.11133062805881483,
            0.05483007655419295,
            0.07400182674533311,
            -0.32603557659667143,
            0.049766496745702,
            -0.26409038428385395,
            0.2647399764213624,
            0.32032986302310373,
            0.14345091463107018,
            0.03295623314118364,
            -0.038609005379208326,
            0.34040633424946615,
            0.03234247681343668,
            0.08100920476473257,
            -0.045987251351028414,
            -0.38022426598124737,
            -0.7057008241227809,
            0.011397232528228066,
            0.27407184815752095,
            -0.10167767136379254,
            -0.22786372617798048,
            0.33048071049887284,
            0.007238591026585754
        ],
        [
            0.2758725337309015,
            -0.11444586586772108,
            -0.05606332366187692,
            -0.12115404108390176,
            0.38966938037693327,
            1.665011344982672,
            0.04517283816862267,
            2.4802447438713204,
            -0.14846407630935496,
            0.8854003746068964,
            1.2289572012467513,
            2.2889115475095196,
            -0.4332608404675298,
            0.9000888481888654,
            0.5752483736518604,
            0.2728799793315045,
            2.445903477422859,
            1.5163846625665327,
            -0.2597897129614299,
            -0.9098490948591833,
            2.393621873684743,
            -0.7895127555990737,
            -0.06837666546442626,
            -0.4594909216452747,
            1.7613338689795648,
            2.760090548987335,
            2.9128817346772626,
            -0.4666473049064965,
            1.1945588060243466,
            1.4825823319498466,
            0.6997463708149283,
            -0.2470492442589785,
            1.155192457965871,
            1.2171133188615726,
            0.26119674387091085,
            2.964227551676826,
            1.2337573122728613,
            0.9752395501050961,
            1.6531790128877362,
            0.5326711446228841,
            0.35938560021648674,
            -0.017103625180364887,
            0.4370780496835083,
            0.2708008133165786,
            -0.4383463994318178,
            0.03947805452340469,
            0.22653850353324817,
            0.3133537887899897,
            0.0035608842213003563,
            0.5817187820880084,
            1.7833231618855683,
            -0.534707926485006,
            -0.29653277976819026,
            -0.21353918532083546,
            -0.1945884135892221,
            -0.7660529771499917,
            -0.2730109369995605,
            -0.1666157726688018,
            -0.7414954838039771,
            -0.07389537349428732,
            1.8864335935835763,
            0.4056655440286844,
            0.3522745389002304,
            -0.22279816131698202,
            -0.44488262689260005,
            -0.2323491301496756,
            -0.36285597340449866,
            -0.26999936539307234,
            0.5047797831620875,
            0.29853665511775856,
            -0.552838447605085,
            -0.5695994646595209,
            0.7892496108657202,
            2.0654920718016703,
            1.193052216043691,
            -0.05439907943007032,
            1.8731945939817327,
            1.1011454305851702,
            0.13947895158220625,
            0.26695268202783357,
            0.2590240828582536,
            -0.18628563708299523,
            0.8323379206191132,
            -0.32301341297276703,
            -0.019110239602098386,
            0.9292256245140822,
            1.3772131584795428,
            0.164994425885601,
            -0.3670044629355766,
            1.0944059184700679,
            -0.09972841966868072,
            0.8202312794695428,
            0.4848132764435935,
            0.017224704185487195,
            1.765105256875028,
            -0.25219429512803215,
            0.5288803381481112,
            0.40308139872509696,
            -0.5126460995180081,
            0.021742295770268726
        ],
        [
            -0.06083429145253438,
            0.16345906706478383,
            0.04861188692477661,
            0.024263905431069894,
            0.1617663946790483,
            -0.02851253765535936,
            -0.2636794015146386,
            -0.14846407630935496,
            0.24729355028685807,
            -0.04427307700385376,
            -0.13592335339667858,
            -0.42486320812559913,
            0.28516079784621,
            0.11214166154206713,
            -0.11885680918552799,
            0.3533362440367782,
            -0.39027295876256557,
            -0.1946761242184405,
            0.04087838750461837,
            0.17939070946209215,
            0.11613476021768693,
            -0.284789768952161,
            0.032423617320259134,
            -0.010977381264438472,
            -0.11545751509147657,
            0.13972332579181906,
            -0.2943207857906293,
            -0.013230760755586947,
            0.002114189586310885,
            0.04387948353592256,
            0.13163452948855675,
            0.045764633567181065,
            0.17468700656392933,
            -0.11479630245456623,
            0.08014076184154721,
            -0.1515684878869935,
            -0.03356101663921216,
            -0.10817542140869668,
            -0.17241774395490847,
            -0.2668710524698416,
            -0.09983968756461267,
            -0.0005263548337056643,
            -0.348562342195085,
            -0.09263632103304653,
            -0.043454438025791124,
            -0.1072816251866366,
            0.21320467867424742,
            0.09266237822769924,
            -0.05737273700846515,
            0.101805149768227,
            0.0007391777348586873,
            0.2648366757562667,
            -0.10928621361773819,
            -0.19667650584934662,
            -0.08785362223966221,
            0.1427626638977295,
            0.15345514969183474,
            -0.056255916547369604,
            0.15464218121457873,
            -0.036245043051497824,
            -0.3518648146233331,
            -0.4172306772575291,
            0.41093604085518837,
            -0.21261541028780911,
            0.45316223859655375,
            0.042451845278126336,
            -0.14105805404726332,
            0.052714791629290186,
            0.4028216583736895,
            0.08842777365858163,
            0.06901763867097303,
            0.12086112094609831,
            -0.08124316585247653,
            -0.05603129877782349,
            0.11329900414665595,
            0.12662146454632747,
            -0.09085392958695002,
            -0.40178485349851506,
            -0.0770270938190241,
            -0.01327153790937245,
            0.29385133518959766,
            -0.008854273708621444,
            0.17227205260809395,
            -0.19572589656226225,
            -0.36706310413711907,
            -0.1634517465812872,
            -0.2052206882539812,
            0.045020440473072465,
            -0.2037557831692289,
            -0.17700037167657112,
            -0.039602127235847634,
            -0.03433002757618699,
            0.280989017541355,
            0.587459348881814,
            -0.07546083241559252,
            -0.2567120011560898,
            0.017321367619458464,
            0.20697357369061936,
            -0.17596547346761396,
            0.004681971108588988
        ],
        [
            -0.26760279955685157,
            -0.19757441343907142,
            -0.44350762630338036,
            -0.4627156280372071,
            0.18024560383371002,
            0.7474187941589829,
            -0.00045095833019363833,
            0.8854003746068964,
            -0.04427307700385376,
            0.9292563546722367,
            0.8422057448755729,
            0.9680209502624673,
            0.978014547351207,
            0.3170964346763765,
            0.11420412025895682,
            0.5658786549160736,
            1.017828480078921,
            0.7782439324146262,
            0.251224115297538,
            0.003035141470147054,
            0.8770677589875586,
            0.14811263391925833,
            0.1596216503388949,
            -0.13997598543671877,
            0.6476560682329907,
            1.5978711650936066,
            1.272220947378747,
            -0.5782004670388622,
            0.4912759867188805,
            0.5896144084332067,
            0.25646701494791996,
            -0.37160030436501096,
            0.632620994975019,
            0.11816420777799322,
            0.01927970561915747,
            1.2980310079060156,
            0.08477652444579076,
            0.5866217229157797,
            1.0340511484039998,
            0.5402672225637563,
            0.7862611866742906,
            0.09911399295593647,
            0.62070726577934,
            0.30567760025897595,
            -0.11762013383423564,
            0.040640146357950956,
            0.09003125639200041,
            -0.08737737937012029,
            0.0009824039289508396,
            0.6856187288692529,
            1.0654674769789605,
            -0.1596324595358811,
            -0.11821990872412964,
            -0.03905204109895845,
            -0.21801520801808733,
            -0.4738894451988289,
            -0.09357021908151975,
            0.15964026153606686,
            -0.07585474354673256,
            -0.01597695108418297,
            0.7943044578938765,
            0.6891967542755906,
            0.6694659972959394,
            -0.0387938348749022,
            -0.5320259694999216,
            -0.024325929606429122,
            -0.07674216543430326,
            -0.2161854935762397,
            -0.059235008275908635,
            -0.1379644600249896,
            -0.21483209644433812,
            -0.13789460895510947,
            -0.2567006607599617,
            1.0273818079040102,
            0.42534194232327016,
            -0.011946080134504978,
            0.6494286031962069,
            0.6394266283713463,
            0.5120692556887824,
            0.11052852756669063,
            0.04404496950448006,
            -0.07311258526972035,
            0.7027509002999405,
            -0.22132464471432065,
            0.49035727639046534,
            0.21549317687466676,
            0.7337405112516436,
            0.13352543579221854,
            -0.030131117223271837,
            0.615576188476969,
            0.0136878420826617,
            0.46421087974624076,
            0.449369010833254,
            0.888388940724218,
            0.7248656818517852,
            0.051494494336212476,
            0.3120742386630324,
            -0.049607628289731705,
            -0.684778691591561,
            -0.4968083825499947
        ],
        [
            -0.21270080436400884,
            -0.24645465966970953,
            -0.26967874292124144,
            -0.2060990324854517,
            0.20225033524651753,
            1.348766022041251,
            -0.017335064912298782,
            1.2289572012467513,
            -0.13592335339667858,
            0.8422057448755729,
            1.1652994988067575,
            1.6447924906838076,
            0.8203846629003672,
            0.29122962785349304,
            0.597400733965818,
            0.5788243281201841,
            1.691949733543101,
            1.237696994339644,
            -0.1384270597917232,
            -0.41661644363801237,
            1.3276714421598725,
            0.32256367100491545,
            0.07313734105387149,
            -0.3384143832051606,
            0.8343671315119425,
            1.7078990020987423,
            1.989053701832729,
            -0.6211301956004822,
            0.6176826760970779,
            0.8364235997807357,
            0.2665735233532936,
            -0.39717743396235733,
            1.0269815870522263,
            0.6017405050555262,
            -0.07247896516092046,
            1.7550596869026511,
            0.08710268202144755,
            0.9221188201623476,
            1.4514419364083262,
            0.6720122329603999,
            1.0915880031321739,
            -0.002304815390534615,
            0.4593083436217928,
            0.21479889775448124,
            -0.2972984800473867,
            -0.22346946505142873,
            0.005092460086550064,
            -0.05676446274983352,
            -0.03644537251963371,
            0.5915067696524764,
            1.5390240024378208,
            -0.4712037724970759,
            -0.21182652585108333,
            -0.35494173951679087,
            -0.3399989027398812,
            -0.5532434739004679,
            -0.15470677871398492,
            0.3951156250643151,
            -0.12837510411855432,
            -0.042192409304043076,
            1.6193858866936246,
            1.1068201618710167,
            0.610338555991059,
            -0.3954317185199856,
            -0.2289838318790951,
            -0.2909980500413836,
            -0.27435554569507065,
            -0.4000203354280209,
            -0.04185635816381534,
            -0.08245272932392833,
            -0.4398155430178373,
            -0.46456713849444986,
            -0.5692430642955969,
            1.4007618200468919,
            0.6970985229974431,
            -0.0869224403836611,
            0.7354610701480212,
            1.5251503017849783,
            0.41760257450936067,
            -0.04279700870222784,
            0.00033103479455130085,
            -0.1682428941436307,
            0.6866329116174232,
            -0.27005309560340807,
            0.6313789746184022,
            0.4236267325139334,
            1.2108852230701688,
            0.1502752350070362,
            -0.3392769026062279,
            1.0590265931460014,
            -0.09876517203560692,
            0.5987241307037575,
            0.4481148648291988,
            0.5016419493426061,
            0.8941293019343419,
            0.12733210015606625,
            0.45406697182439615,
            -0.04110193583841064,
            -0.8179530054012544,
            -0.3655321445767705
        ],
        [
            0.07855253796887307,
            -0.4497224552793353,
            -0.36311735923525706,
            -0.268573977513523,
            0.6634956577172253,
            2.082825382018484,
            0.2386345427083268,
            2.2889115475095196,
            -0.42486320812559913,
            0.9680209502624673,
            1.6447924906838076,
            3.0373015164815613,
            -0.31955934936157426,
            0.2196846282971958,
            0.9983712014188486,
            0.04101603246336666,
            3.12949185408165,
            2.005483638374939,
            -0.39223582355099773,
            -1.10328710857702,
            2.3065186917060636,
            0.17258076218823545,
            -0.08568952984916124,
            -0.44134163487597305,
            1.713388012858676,
            2.3415476382964706,
            3.502347919229525,
            -0.6807773229721661,
            1.1005953546146336,
            1.5602814330833927,
            0.46851273885037126,
            -0.4971210037058831,
            1.0397464128267193,
            1.1631462922455202,
            -0.17445276831348644,
            3.1505427182142998,
            0.636500125715033,
            1.3515148807641315,
            2.2637212300516585,
            0.7990981132042726,
            1.0148282016081314,
            -0.12130616615079029,
            0.5806155282854241,
            0.3597666349160358,
            -0.36991558736082325,
            -0.15717097501718727,
            -0.21975058535202435,
            0.13046975749513776,
            -0.017948411431118277,
            0.5168577676085606,
            1.9867461687256722,
            -0.7973405655869426,
            -0.17897696826605003,
            -0.33744902685082057,
            -0.33339714006385207,
            -0.7501378690662496,
            -0.34485997951634145,
            0.20866724062436479,
            -0.6146753324206993,
            -0.03492528930615112,
            2.757220882860264,
            1.3426236675624559,
            0.3416557083067884,
            -0.3867733887696576,
            -0.8701489027695791,
            -0.46482745363837585,
            -0.35157832068501726,
            -0.5884712891926113,
            0.242928719280349,
            -0.004498803650366942,
            -0.7280729510360874,
            -0.8477218819743808,
            0.05794067582450388,
            2.205658506127817,
            1.0180995604933447,
            -0.17153811994444626,
            1.5698915209732802,
            2.375680967004782,
            0.22226011575697024,
            0.05645756585876706,
            -0.09135787389063518,
            -0.21507607276908747,
            0.605900752194731,
            -0.25719041715182617,
            0.84378356366561,
            1.138223366310645,
            1.9362867150495129,
            0.6582376062808455,
            -0.5231648482883633,
            1.939808090892218,
            -0.18017317575949143,
            0.7091054248780188,
            0.2266087627748521,
            -0.7286009249834906,
            1.5785737596769946,
            0.447780743693702,
            0.4711835667722304,
            -0.05296110412260668,
            -0.749284892461977,
            -0.29195851391544664
        ],
        [
