{
    "pos": [
        [
            2.573024901184373,
            1.3033874612516525,
            0.3763821133339732,
            0.21721586345945698,
            0.6948389325288664,
            0.7217420912429355,
            2.4540806831195994,
            -0.08209198841585645,
            1.770752165427236,
            0.9438917002609621,
            -0.43844918620695084,
            0.27928999332549515,
            -1.4453690120807885,
            0.5704425956508846,
            -0.620477925591168,
            0.7085591286266498,
            0.5383124388802262,
            0.756536525847275,
            -0.6457695687368011,
            -0.04577955546272769,
            0.1882893545437314,
            0.5309595668594949,
            1.2558992813377667,
            0.06991389131966906,
            0.9468391648228306,
            -1.5763749622493695,
            0.04845444355979347,
            -0.03376166270156646,
            1.9319723320918598,
            0.3905466995095458,
            1.0991858388853515,
            0.7664184287336608,
            -0.44033610592631095,
            -0.11351539748895781,
            0.5476535326312878,
            0.08056629005705722,
            0.9925673675361587,
            0.631989922220332,
            -0.23104738348005946,
            -0.08529747302843578,
            -0.581567620835024,
            0.08749252019860958,
            -0.283128442760044,
            -0.35177105099752826,
            0.1721957678237353,
            0.19902078559007608,
            1.400480700106252,
            1.835223226563451,
            0.3510739760830218,
            -0.2890175378745194,
            0.5118496626068865,
            0.7870574960216375,
            0.21065373668735632,
            0.24329208110567843,
            0.8162429549532906,
            -0.0302958056402992,
            1.9740664403138526,
            0.38484928367988464,
            0.22126971801186757,
            0.15015655802064826,
            0.5031700229840906,
            -0.42148113402992116,
            -0.27492542393771807,
            0.2599753013286968,
            -1.5211325834324625,
            0.23446742490797817,
            0.7003938449678864,
            0.3272983849265161,
            -0.17118317903412383,
            0.95838329109957,
            0.1647541225552082,
            0.3213687871630891,
            -0.7512084171359142,
            0.8887451291911015,
            0.8485857738385802,
            2.073971098468122,
            0.026996394571792412,
            0.05924036929496462,
            0.4273705483854546,
            2.0494880966267126,
            0.019979937223232824,
            0.2526849469694992,
            1.3121408497504354,
            0.503683129500436,
            1.242378042462364,
            1.4660735181186386,
            0.2957128581482298,
            -0.3372364470720567,
            0.3809621441209156,
            0.17287549727515916,
            0.301654122642694,
            -0.22612193594273813,
            -0.21011035892157667,
            -0.4580271079285354,
            1.4735019388827242,
            0.598269357068676,
            0.7442983172010895,
            1.5289599154598958,
            0.349992310073074,
            0.4959801290177662
        ],
        [
            1.3033874612516525,
            2.4890651778951085,
            0.7653787557030767,
            0.7243713261294014,
            -0.29133371896417487,
            1.075315437460349,
            2.501912399558438,
            1.0269824678224002,
            1.9204982644792428,
            0.5231580421450979,
            0.046205032511200464,
            0.9203489498427295,
            0.5378804863293,
            0.14260315215718025,
            0.194518978616395,
            1.544731939708842,
            0.8519634606739287,
            1.70120226319041,
            -0.15231442613700885,
            1.0991132327186217,
            -0.19057896391423573,
            1.565919399159615,
            2.4128360702429803,
            -0.10130875913789839,
            1.5139229480343692,
            -0.7579152103432989,
            0.3748228048270036,
            0.1543557508936097,
            3.2170667843631224,
            0.845464492423889,
            -1.0390956961985203,
            -0.17034674146510642,
            0.1344518746482824,
            0.06518355571458179,
            0.8369844777016111,
            0.5934875111057977,
            1.2833919886641854,
            1.0207432154778486,
            -0.5504363089327471,
            0.3459440920532838,
            0.0746396333161534,
            -0.08108298112618198,
            0.5456292580653305,
            -0.4957515045988987,
            -0.026092225041744688,
            -0.36163853490774134,
            0.07102647328633623,
            2.9582158540883015,
            0.38111599004107727,
            -0.8948134869802717,
            0.5280504325499589,
            1.1355587713056925,
            0.23092788914829915,
            0.19267738149222713,
            -0.24761047020642987,
            0.24795629115046097,
            2.098340281390647,
            0.9349174001909266,
            0.38733236072378247,
            0.1538282400004842,
            1.064375000150091,
            0.49978219022625137,
            -0.8177336414010533,
            0.20915967645483083,
            -0.8187317569024712,
            -0.05830768588600791,
            0.425089095556349,
            -0.41663449178039225,
            0.5551222643494241,
            0.9409783203609838,
            -0.05557422155518413,
            -0.18214504318413152,
            -0.5335639332902112,
            1.4476109029738218,
            1.8446469482625536,
            1.9315517514172247,
            0.89045930153254,
            0.6158631007247221,
            1.7826674461526815,
            2.506833301077217,
            0.7012997681030556,
            0.13303750587784666,
            2.963672188297292,
            0.9004312556207357,
            1.890308227853131,
            0.8846290630395096,
            1.0947901590711455,
            0.9448419084211557,
            0.29705863566932217,
            0.5454529865989476,
            -0.08941845575571844,
            -0.23528732151221057,
            0.308315721375367,
            -0.0374671275206316,
            1.8687096880007588,
            0.9139124695424405,
            0.9697738363511672,
            1.033049089041472,
            0.25938927366655434,
            0.2839880737236353
        ],
        [
            0.3763821133339732,
            0.7653787557030767,
            0.8669791397777609,
            0.8066423639682043,
            0.23106916461533478,
            0.434591237443559,
            1.0724370977476547,
            0.6728568948560874,
            0.6801098873150391,
            0.5412835952686832,
            0.871941924231368,
            0.6606209802413613,
            0.5176150765554184,
            0.9501431603931391,
            0.13362706264248922,
            1.1751363078190753,
            0.7629033313101181,
            1.0120612116451568,
            -0.7391633350562231,
            0.6466331392542657,
            0.6354042342504863,
            0.7453905637814917,
            0.8973867113681865,
            -0.7891204608388571,
            0.4026586007825148,
            0.41834706313498726,
            0.6026516831440694,
            0.06287181597291738,
            1.3867656961356318,
            -0.019965313804491597,
            0.003794846952384598,
            -0.2685403557466625,
            0.9092511410189348,
            0.2000665485378999,
            0.49999850401450097,
            0.5831011268000514,
            0.4654917339233866,
            0.7694202703177667,
            0.33081227692201104,
            0.6756319211213099,
            0.27163806482528025,
            0.20387977385836462,
            0.6483162713792358,
            -0.8967821423282527,
            -0.6757709611497842,
            -0.4508238373185507,
            0.24701609433539004,
            1.4779223072125827,
            0.21452630548946103,
            -0.3560736367928796,
            1.1121832576101391,
            0.08170778912525176,
            -0.3027714693386037,
            -0.40795900818707775,
            -0.07954688939621771,
            0.5533993320508663,
            0.8487562621885338,
            0.28798400030014154,
            0.4085769831799744,
            -0.27590532376878224,
            0.7713060293914706,
            0.5881851789314764,
            0.613856896786492,
            -0.37715396580769767,
            0.18453849994938254,
            -0.2736619234081966,
            0.1407148336106305,
            -0.300354080448981,
            0.7943006211536026,
            -0.16209574578795885,
            0.16860008861239056,
            -0.5671075756564232,
            0.01399929326236853,
            1.0787748473743182,
            1.0667529172544157,
            0.16614483600858898,
            1.014258212378644,
            0.5671149845557636,
            0.8607564096644449,
            0.8874434012480544,
            0.3062417384329672,
            -0.45423710837615394,
            1.5368169447862203,
            0.09759945865571035,
            0.6600255826811382,
            0.40176278393354536,
            1.0169761501243595,
            0.08790745300467101,
            -0.012067601288941465,
            0.3150959070337801,
            0.15480633982974193,
            -0.5109780234176269,
            0.7068599697982747,
            0.7990644179678,
            0.763255996501369,
            0.17002230563611093,
            0.28649510131771433,
            0.61616366231126,
            -0.11806961072771215,
            -0.2286839921328332
        ],
        [
            0.21721586345945698,
            0.7243713261294014,
            0.8066423639682043,
            0.7626598354786146,
            0.19071159006407035,
            0.3806042977979057,
            0.9301133533972904,
            0.6567004690302883,
            0.5847131955365859,
            0.435004706818201,
            0.8321724186601757,
            0.6259121523617779,
            0.5651338330614671,
            0.814824017915655,
            0.1737683536413529,
            1.0814291003018888,
            0.6987119170214394,
            0.9499599382619215,
            -0.6471035675394701,
            0.660167405321785,
            0.5598481697824835,
            0.726681920718446,
            0.8453736635541063,
            -0.7356028404036694,
            0.3657629223670816,
            0.4339501287555738,
            0.558723866641895,
            0.07985449812656537,
            1.28553770000212,
            -0.009133597052499389,
            -0.1301502294520532,
            -0.3170111782793241,
            0.8477025681838743,
            0.1756829762978556,
            0.4494975461386851,
            0.5513143433813789,
            0.4093023187973341,
            0.7022393822621122,
            0.29062096347199895,
            0.624366817192219,
            0.2704014425898176,
            0.17350670122229056,
            0.6295203037383121,
            -0.8369501434968605,
            -0.634579427492792,
            -0.4509629878092152,
            0.11139716057436831,
            1.3845471002833223,
            0.18921752287551988,
            -0.3704951796041161,
            0.9830895972407911,
            0.08618435280150616,
            -0.27965299653879877,
            -0.38829961937743146,
            -0.1448686452757287,
            0.5592607030147739,
            0.7426647184893773,
            0.26224831139069615,
            0.3835945675950656,
            -0.2618416082142223,
            0.7128168895885799,
            0.5748801743294087,
            0.5569771294774447,
            -0.3605148736565411,
            0.234444044998937,
            -0.27380683352282403,
            0.10005184224065805,
            -0.32499086742814015,
            0.8175799743677526,
            -0.18823220186016879,
            0.1503186037469625,
            -0.5596264878802308,
            0.07201378156108182,
            0.9831343656874383,
            0.9965148252718912,
            0.08548634618583585,
            0.9788120323967983,
            0.538593267979892,
            0.8291330800996888,
            0.785489539446812,
            0.31929559720601686,
            -0.4347671365896919,
            1.443619899389291,
            0.09353150249246318,
            0.6019096774955579,
            0.3122808177789099,
            0.9645159198063091,
            0.1982741705297663,
            -0.03606401555354828,
            0.32217343028081413,
            0.11462838858536957,
            -0.5034671487505599,
            0.673713185890762,
            0.7238692838135917,
            0.663465830759971,
            0.17699532617192418,
            0.2302320477014413,
            0.4990899576763062,
            -0.11131834056791941,
            -0.24264404793487257
        ],
        [
            0.6948389325288664,
            -0.29133371896417487,
            0.23106916461533478,
            0.19071159006407035,
            1.7839886539372096,
            -0.011999880823243434,
            0.5952375991211912,
            0.06828828121898932,
            0.06366104063275169,
            0.09382173338815904,
            0.4048292388801207,
            0.5553330096790311,
            -1.999412392921952,
            0.15559536040019994,
            -0.20632025728669282,
            -0.4359020883966663,
            0.7989989885699368,
            0.28759676541307805,
            -0.821048508936062,
            -0.20829702911716216,
            1.0273290297717512,
            -0.16898084239478195,
            -0.2176266959062348,
            -0.40066293820058096,
            0.22683739663220748,
            -0.2698002539548981,
            0.677564819717685,
            0.19396851995680228,
            0.3323149153474901,
            0.1237639367401062,
            0.947388565920342,
            0.04181092510316772,
            -0.3193492681139321,
            -0.16914737623773804,
            -0.12012438045937274,
            0.660775546357673,
            0.24390782943864206,
            0.21641180415652994,
            0.6065330460834852,
            -0.26897955988081507,
            -0.7991254290180406,
            0.045907331949064545,
            -0.28173534743116346,
            -0.656506110788286,
            -0.31222831147882446,
            -0.06370226459812162,
            0.2101221764788444,
            0.7742191028801427,
            0.07372022999386045,
            -0.3889808008707851,
            0.16598787328497738,
            0.10424572701084048,
            -0.1185104131689549,
            -0.31167170858699367,
            0.3642422149613788,
            0.9255305117328492,
            0.3840387565217793,
            -0.697689047701681,
            0.02217718767556688,
            -0.26526096506506824,
            0.3585665874750219,
            -0.570125628966285,
            0.8153789999938819,
            -0.30040271369762106,
            -0.577072120564211,
            -0.13182709471182558,
            0.13551411518515002,
            -0.03651237274241905,
            1.4943771422967904,
            -0.37896854062719787,
            0.2857306659203571,
            -0.3836751968875705,
            1.0345104237493692,
            0.4275080084945865,
            0.067348717827692,
            -0.13940840139304286,
            0.7834579324871469,
            0.12128104192826004,
            -0.6180740179718335,
            0.25292014519427203,
            0.044338773906056506,
            -0.3387318859199065,
            -0.2616487431942433,
            -0.24324250396109695,
            -0.10139220999433128,
            0.9088732380983329,
            0.4638071601511633,
            0.8782578985017511,
            -0.3593704889889929,
            0.8186305548499272,
            0.16587119769222392,
            -1.0883954374232507,
            -0.005810102898200485,
            -1.1454566728273798,
            0.09768411945852414,
            0.47557040251097843,
            -0.5429836333215742,
            0.4167623342954997,
            0.19834435002264084,
            -0.24958605634763817
        ],
        [
            0.7217420912429355,
            1.075315437460349,
            0.434591237443559,
            0.3806042977979057,
            -0.011999880823243434,
            1.5000802997540195,
            1.2452733209412368,
            2.153107336428855,
            0.6872526820132842,
            0.7238601618307419,
            0.8763332484632544,
            1.9946099038003635,
            -0.09486199625162434,
            0.6685728403827171,
            0.5365166089220427,
            0.7964965855254398,
            2.040687988072757,
            1.8105183611010742,
            -0.30472233096544066,
            -0.06305603915648382,
            1.3844743953893575,
            0.3064939139187894,
            1.077640705754092,
            -0.41138931784433874,
            1.8221300842297048,
            1.3870797204390384,
            2.0775728592817853,
            -0.14224464874012405,
            2.265943149068213,
            1.257396798138922,
            -0.18328084561818464,
            -0.28501413161441186,
            0.8100275966686665,
            0.8900380886764563,
            0.5722110556110497,
            2.1756107961452487,
            1.4313760213750648,
            1.1112666242162248,
            0.7832598645743771,
            0.6134868576051266,
            0.2548327545790002,
            -0.04156099371408996,
            0.6858282357675032,
            -0.1244468848126928,
            -0.3507942276324816,
            -0.1577180803126147,
            0.04063888278547842,
            1.6151172391042303,
            0.20335344991281953,
            -0.17214317233239396,
            1.361483294930308,
            0.07513294982042923,
            -0.07943843736278942,
            -0.017996614111917147,
            -0.2458778123194652,
            -0.3318998809438243,
            0.7222039050315818,
            0.32371491095081684,
            -0.3336965452375507,
            0.0017926539065140712,
            1.7807812049159386,
            0.6240394472876594,
            -0.3143763539428036,
            -0.006186490914869862,
            -0.6456178052540537,
            -0.22384177237453465,
            -0.008627681345651355,
            -0.40636835671886723,
            0.5476513529732262,
            0.5610351918254909,
            -0.37723051205189573,
            -0.55252380271138,
            0.4122598275325837,
            1.9838448690827235,
            1.6248420614149652,
            0.7170400559006145,
            1.7245410710942481,
            1.0789604954330843,
            0.9652322211453737,
            1.317673717404044,
            0.43443436378258754,
            -0.10653250962998213,
            1.8858906846350376,
            0.2892162364367767,
            0.9057088287066288,
            0.9917498899426497,
            1.4674721973117535,
            0.5292504006017668,
            -0.03592249273930137,
            0.9459382206109661,
            -0.0965143959935224,
            0.3608730302560345,
            0.4045609432086827,
            -0.1771663972826779,
            1.9763412231393909,
            0.2985879081514123,
            0.7482071603055018,
            0.6604536824707737,
            -0.09150189420676522,
            0.16478701195162682
        ],
        [
            2.4540806831195994,
            2.501912399558438,
            1.0724370977476547,
            0.9301133533972904,
            0.5952375991211912,
            1.2452733209412368,
            3.40370078396033,
            0.9116256009500723,
            2.420986331106725,
            1.0726535240958386,
            0.23800667556985977,
            1.1151271870051207,
            -0.575294432919036,
            0.8176671668707467,
            -0.18190334446763584,
            1.7435541528268836,
            1.2957157410593698,
            1.942097200804209,
            -0.8871151188410092,
            0.8781021094910222,
            0.44573981074556035,
            1.5246502317701505,
            2.49675844693463,
            -0.42486493136052544,
            1.668379388686331,
            -1.1544410859259668,
            0.6564544691761095,
            0.1340173241450509,
            3.6662768380640545,
            0.7618348680354398,
            0.10858919592826531,
            0.1946725110180172,
            0.17904481102890712,
            0.04745364943226305,
            0.9983562989748793,
            0.7986157352411537,
            1.5729554866742463,
            1.3341990782093953,
            -0.20626205347032203,
            0.40728205810432555,
            -0.28669690679355847,
            0.08730039934801787,
            0.41282005879014616,
            -0.9747563629872684,
            -0.2615326659697693,
            -0.3147885509693942,
            0.9253539857136076,
            3.5590305303498777,
            0.5246121380857768,
            -0.9196472223993122,
            1.1034171970803113,
            1.1683624277110383,
            0.10782173023701024,
            0.025988507184173244,
            0.3078542502315363,
            0.5183266806273402,
            2.7636278839864468,
            0.7803912123041266,
            0.5206711120092823,
            0.015132449965580736,
            1.3297239669607712,
            0.23526148770444683,
            -0.2604883924327593,
            0.059739237309436435,
            -1.3467037273221578,
            -0.050155860690229176,
            0.7139763936119556,
            -0.2184873361345761,
            0.8451652020827727,
            0.9641102736662405,
            0.16559952561203073,
            -0.24972783800302867,
            -0.533309047520106,
            1.911127687678307,
            2.0598519442832464,
            2.3435918490974776,
            1.1426337716073618,
            0.681536069398808,
            1.5830480570544645,
            3.057857199430698,
            0.5819753834629083,
            -0.030842876292574675,
            3.1328365128485203,
            0.8230682199116188,
            2.0887514987493967,
            1.661604913513373,
            1.351744689454889,
            0.5997846211604346,
            0.3164945040181085,
            0.7148386767153351,
            0.19575359066472273,
            -0.6571958056867163,
            0.3729894430405025,
            -0.14211839906618653,
            2.293528983924078,
            1.0367035087342855,
            1.0262730038244796,
            1.7823408661559694,
            0.32986615531332897,
            0.3035135183483871
        ],
        [
            -0.08209198841585645,
            1.0269824678224002,
            0.6728568948560874,
            0.6567004690302883,
            0.06828828121898932,
            2.153107336428855,
            0.9116256009500723,
            3.7846843048577044,
            0.18993180471215187,
            0.7613799411963127,
            1.9628464272162576,
            3.4302275988712063,
            0.22629021429203686,
            0.966025619876294,
            1.23306413411417,
            0.9438631224842239,
            3.435169651645676,
            2.7967566830043458,
            -0.44524768336750653,
            -0.07696190654947127,
            2.594138944010617,
            0.22504561297418502,
            1.0971553421916946,
            -0.9445657767608542,
            2.6135970081511806,
            3.2830354189337436,
            3.7440108807414854,
            -0.16827230973996798,
            2.905300720876541,
            1.9140221909783568,
            -0.6817570953660936,
            -0.9515968323519726,
            1.6692419143975135,
            1.559901740841143,
            0.6661597272144232,
            3.8789640382610773,
            1.9422287666664713,
            1.6495136730193263,
            1.6791147427171051,
            1.1042167874685913,
            0.6024707941233886,
            -0.08040835720276865,
            1.330086191090355,
            -0.2802016060368021,
            -0.8655994127408555,
            -0.4506518571129915,
            -0.6627638944513232,
            1.9881212188500876,
            0.1778635035814043,
            -0.24635835084585242,
            2.191022184476751,
            -0.3246709305991241,
            -0.33477914406321496,
            -0.3117281288217142,
            -0.8045520952407262,
            -0.24281634213126627,
            0.23018246232661804,
            0.16065368787461948,
            -0.6460621896207815,
            -0.19325038059781385,
            2.8971958650034235,
            1.2254548945647363,
            -0.06138211527168416,
            -0.2948469418732578,
            -0.3099831926805326,
            -0.585570119118668,
            -0.3811920478843328,
            -0.9192401202952603,
            1.5022844250142562,
            0.25028089634330675,
            -0.6398978848813103,
            -1.294660295304137,
            1.418455073414386,
            3.0656132737117763,
            2.374939901871861,
            -0.057108185477410235,
            3.224873308164341,
            1.8882610638465012,
            1.2994143470195247,
            1.1583111696413932,
            0.7594729106317217,
            -0.479062652433466,
            2.4966214223089427,
            0.12411713264263927,
            0.8251055540970974,
            1.091305325086549,
            2.544825833817887,
            1.3055840630170252,
            -0.3844728768679872,
            1.7420695907039805,
            -0.2743621351957086,
            0.40532681544286664,
            0.8944044298578998,
            -0.21804790941142801,
            2.574147359198544,
            0.2775094263211411,
            0.7104527038160868,
            0.39104624054659676,
            -0.33176987295594895,
            -0.11123092079942819
        ],
        [
            1.770752165427236,
            1.9204982644792428,
            0.6801098873150391,
            0.5847131955365859,
            0.06366104063275169,
            0.6872526820132842,
            2.420986331106725,
            0.18993180471215187,
            1.86680848919658,
            0.6839898000155813,
            -0.20116363713095475,
            0.28941571146502165,
            -0.05639563710188267,
            0.41081896508502896,
            -0.25410992094749235,
            1.309725320524388,
            0.36602235443649694,
            1.0836649348997247,
            -0.4203016338468681,
            0.7600604018013789,
            -0.26354045746846433,
            1.2186172505658013,
            1.882123948830455,
            -0.0849970648166758,
            0.9267370283862001,
            -1.3283980637328878,
            -0.15573761117572474,
            0.09651970187617114,
            2.433754805772418,
            0.3400219356960581,
            -0.08963210278092323,
            0.26141352896912506,
            -0.06432099062076581,
            -0.15283362151895621,
            0.7109000577528033,
            -0.04826545252327943,
            0.925219848725941,
            0.7633325946372903,
            -0.5542772710221608,
            0.1979565276564399,
            -0.14951274880452797,
            0.051980000224836446,
            0.19116797674701755,
            -0.5611911030556658,
            0.009199141367403544,
            -0.16992593372478051,
            0.7249030203960808,
            2.3764571122392177,
            0.3690878305005397,
            -0.6288010810408143,
            0.4742500067097476,
            0.9722466106552423,
            0.17768875841115492,
            0.15077538043945543,
            0.25082621405093003,
            0.24310095396870324,
            2.0613613824116577,
            0.7443486324473917,
            0.4836852971712953,
            0.10976238469322937,
            0.5643186586236494,
            0.12743131166999314,
            -0.42348779333894254,
            0.17125940266969203,
            -0.9095857459333244,
            0.0738717609641166,
            0.5798763182798943,
            -0.049825042208033514,
            0.15221973645409534,
            0.8241270459759602,
            0.14630279239644298,
            0.07311653049322973,
            -0.8218162457005598,
            0.9737868715627388,
            1.2788427706392298,
            1.9015304645326911,
            0.28080704396973216,
            0.24449147783789466,
            1.2086925367369168,
            2.204616073526797,
            0.3597574885865782,
            0.1341146305632789,
            2.1834953289046193,
            0.7011403879800011,
            1.5648741913941007,
            0.9540649492736928,
            0.6037806824194657,
            0.17292918177392014,
            0.3759440400441447,
            0.1643048740358237,
            0.1370121173805213,
            -0.3374433360793606,
            0.14952340392695826,
            0.10455213886161215,
            1.4288887197346525,
            0.7022579960479769,
            0.8217710570981022,
            1.2345869801334646,
            0.27673036185730215,
            0.3151025869399396
        ],
        [
            0.9438917002609621,
            0.5231580421450979,
            0.5412835952686832,
            0.435004706818201,
            0.09382173338815904,
            0.7238601618307419,
            1.0726535240958386,
            0.7613799411963127,
            0.6839898000155813,
            0.8275184676797211,
            0.6006298691065574,
            0.7675173519520584,
            0.0012871293047232151,
            1.0736214397279402,
            -0.01969516461879721,
            0.8937234851123516,
            0.9363269045520806,
            0.8991480850532177,
            -0.6284313810266575,
            -0.014598882092331384,
            0.836834744098003,
            0.24049218554584817,
            0.6077004245842322,
            -0.5166662697222637,
            0.6617772707036405,
            0.4951435104579955,
            0.8569708396589782,
            -0.14821408265120253,
            1.1913998871067855,
            0.22285568956056073,
            0.6286438799362862,
            0.12191465627820658,
            0.7712316156920502,
            0.4388201759287871,
            0.48207972273330707,
            0.8024621323421055,
            0.6793365721627128,
            0.732695817321886,
            0.4859279937873079,
            0.5893056040822493,
            0.21509009760165157,
            0.19143138633991297,
            0.4208843958518233,
            -0.43253533168796854,
            -0.4257925912782116,
            -0.1062985955242159,
            0.7437573226386287,
            0.9567460398047166,
            0.1989403856175001,
            0.059604089478243444,
            1.244381805522542,
            -0.08367384477513073,
            -0.2138237457290317,
            -0.17755512168083504,
            0.23397560035867723,
            -0.12326316199319509,
            0.7387152655906359,
            0.28838334788832637,
            0.08881130742004029,
            -0.11624071942173847,
            0.8626272185672863,
            0.39511702872255994,
            0.3162340064031519,
            -0.15428400767570297,
            -0.2828116557839484,
            -0.10405300546713042,
            0.19220541070986852,
            -0.01668294626275815,
            0.00799962652761002,
            0.22907004176822113,
            -0.0027395370875414665,
            -0.26546850000264904,
            -0.24613871070989646,
            1.1433902914382756,
            0.9113778647641976,
            0.5260862054981578,
            0.7478047717292897,
            0.5201916088804269,
            0.5519986166495493,
            0.8787749245630098,
            0.06333993150180435,
            -0.2045186618713434,
            1.1535338829618662,
            0.08036643358451569,
            0.5679141837544399,
            0.6745729079950359,
            0.7801547265253356,
            -0.5685806469270606,
            0.12618814620601163,
            0.17561016200356935,
            0.2043816458312173,
            0.08693020721738277,
            0.4169962650016301,
            0.6333876720722351,
            1.0967222975153736,
            -0.03461887045461464,
            0.55068419552942,
            0.8081713928804487,
            -0.12763391976877,
            0.07505072102282599
        ],
        [
            -0.43844918620695084,
            0.046205032511200464,
            0.871941924231368,
            0.8321724186601757,
            0.4048292388801207,
            0.8763332484632544,
            0.23800667556985977,
            1.9628464272162576,
            -0.20116363713095475,
            0.6006298691065574,
            1.8536581715110416,
            1.8210013549273834,
            0.4983342692921515,
            1.3425264652015,
            0.6605143381537228,
            0.9244593831790691,
            1.9467917594285595,
            1.5201954202695627,
            -0.8965429336517978,
            0.181623083750791,
            1.9391999770906203,
            0.15947707981626535,
            0.26158911901705467,
            -1.251490442805948,
            0.838476075574612,
            2.3896741196198255,
            2.1647419313041643,
            -0.06317584333126723,
            1.1898578642970103,
            0.41757245132783266,
            0.08205113348098106,
            -0.7142923156298505,
            1.6984564753382765,
            0.8832137461244882,
            0.40852168835054636,
            2.1032042733704173,
            0.7070969020121142,
            1.0588235688558962,
            1.389516624721518,
            1.0677781676898552,
            0.557801461199712,
            0.2140229148808535,
            1.0701066094895864,
            -0.8677331168026049,
            -1.1338098546588606,
            -0.5523241333864449,
            -0.192047578047283,
            1.0236631346117278,
            0.11069874552806402,
            -0.08718599395964545,
            1.8969123188825947,
            -0.6305393553110963,
            -0.6040160823865428,
            -0.7017940604332762,
            -0.40325346009073404,
            0.4222250426630598,
            -0.08729925824515272,
            -0.0930465250524871,
            -0.03429798758919994,
            -0.47776971132120005,
            1.611799272074639,
            0.9820787207523621,
            1.0570756236687306,
            -0.6694375004372645,
            0.5572596628929287,
            -0.5591922330388415,
            -0.2693552192580272,
            -0.5841857276226274,
            1.3559836977175315,
            -0.591286198638031,
            -0.0816462082179704,
            -1.155039146519469,
            0.9927331265408587,
            1.814507413678905,
            1.3123097251834253,
            -0.9116564332606762,
            2.1615662034585306,
            1.177930416430207,
            0.6580194341357584,
            0.17280399465054141,
            0.3595468165403911,
            -0.8017591681196706,
            1.3245536296217608,
            -0.295660730155765,
            0.11909962894686624,
            0.4134510968609754,
            1.7345082687648086,
            0.3252428840778101,
            -0.36620701497352837,
            0.8854569129494243,
            0.06124330795055325,
            -0.28974429974899374,
            1.0481984730387568,
            0.7908386533393359,
            0.9974747081736872,
            -0.13778556951608725,
            0.10197263392016971,
            0.2463160107716044,
            -0.41714216834130957,
            -0.4823782413904121
        ],
        [
            0.27928999332549515,
            0.9203489498427295,
            0.6606209802413613,
            0.6259121523617779,
            0.5553330096790311,
            1.9946099038003635,
            1.1151271870051207,
            3.4302275988712063,
            0.28941571146502165,
            0.7675173519520584,
            1.8210013549273834,
            3.2582852546827428,
            -0.43290747776396066,
            0.9253519299265172,
            1.0177173367606278,
            0.7499722562606984,
            3.3404260482880077,
            2.631494509764991,
            -0.6309361370830995,
            -0.1600350726181609,
            2.613973904150644,
            0.16421938411691372,
            0.9939933455358201,
            -0.9229753734589187,
            2.490990856679966,
            2.7911035036907585,
            3.5627752724931385,
            -0.11146888235435803,
            2.809877203672126,
            1.8044097110939743,
            -0.2916537415767479,
            -0.784779712273763,
            1.36990441470756,
            1.3637393129375734,
            0.5953379283070661,
            3.683726430439216,
            1.8849601837056071,
            1.571190872551517,
            1.6553830253772455,
            0.9034301604409589,
            0.2922157605369034,
            -0.06296826210603389,
            1.0905118152108422,
            -0.4069894048703451,
            -0.8258985659393572,
            -0.39020680648855155,
            -0.45175552604141456,
            2.073218420177774,
            0.19727585714598508,
            -0.3243436388829059,
            2.03213670451826,
            -0.2183863732563349,
            -0.30721555056565175,
            -0.3271639828801439,
            -0.5734921252553531,
            -0.017679687721878688,
            0.414141304503144,
            -0.01500879711680153,
            -0.5861247329745797,
            -0.22012246962800966,
            2.7348939590294137,
            0.9147926793778716,
            0.10528332138247412,
            -0.3090081474072742,
            -0.5505850987766567,
            -0.5369075338393803,
            -0.2669564931411471,
            -0.8068474925351868,
            1.693932464873777,
            0.21083358471661917,
            -0.5062956767089966,
            -1.2270268417025807,
            1.4960605295930258,
            2.921200507636904,
            2.195600866115837,
            0.05879000813758735,
            3.0931258390916,
            1.7308233231415604,
            1.0182405947683468,
            1.2303046493861733,
            0.6885426066133841,
            -0.4835878546185426,
            2.2345476739934456,
            0.08276567917824808,
            0.7869231993089825,
            1.3172586385575984,
            2.4125580219696827,
            1.374359224598381,
            -0.4117424360903441,
            1.7915593142984705,
            -0.19088696283333137,
            0.10307187986503748,
            0.7666369527987125,
            -0.5546945119779059,
            2.44729614184284,
            0.406679207032561,
            0.5539075855471075,
            0.5502976546460284,
            -0.22216400651406454,
            -0.11662518888194442
        ],
        [
            -1.4453690120807885,
            0.5378804863293,
            0.5176150765554184,
            0.5651338330614671,
            -1.999412392921952,
            -0.09486199625162434,
            -0.575294432919036,
            0.22629021429203686,
            -0.05639563710188267,
            0.0012871293047232151,
            0.4983342692921515,
            -0.43290747776396066,
            3.421326185430198,
            0.5440365325947626,
            0.4904481391666046,
            1.431797751923549,
            -0.6991389801749789,
            0.1668150371390551,
            0.38080969467252923,
            1.0510020517728693,
            -0.842805341946256,
            0.8280590567077903,
            0.6220692849578999,
