{
    "pos": [
        [
            1.1267854930854333,
            1.018064831463749,
            0.7773254143337477,
            0.7036579112304003,
            0.25187990063759175,
            1.3349451815046927,
            1.092801600215891,
            0.2801441027178166,
            0.2343870644280902,
            0.6693231392115961,
            1.2230576875300185,
            0.7630832491683479,
            0.7534974708217778,
            0.00873952999498098,
            1.479960565470275,
            0.6494539250152989,
            0.9271409368807837,
            0.07401443420347333,
            -0.09404016755000294,
            0.7737292565095056,
            -0.1155047871308967,
            1.0722569581754697,
            0.4307420736327132,
            -0.5101863552652622,
            0.45507816417203845,
            0.703841193218536,
            0.3021493292257247,
            -0.12643217508442545,
            1.1212372618036446,
            0.7173423778545802,
            1.4648343651231512,
            -0.682475170711672,
            0.6543401325429454,
            0.030750599601236245,
            -0.4619923923882736,
            0.2185104518645049,
            0.4246956425971238,
            1.4693554173041425,
            1.2527446002964664,
            0.14569161487631851,
            1.2753535844508035,
            0.08044442363186324,
            0.02618856373075031,
            -0.142395343807227,
            -0.3106790461987319,
            -0.6412993752862671,
            0.06416638748429203,
            -0.251611964942487,
            -0.05851616516244528,
            0.80006663058915,
            1.7526049490078741,
            0.2737796595733624,
            -0.11806142405857563,
            -0.32207197390495934,
            -0.2787118727199853,
            0.13497647095148857,
            0.5575736297689375,
            -0.04218819385806272,
            -0.009812763558224386,
            -0.13384621557490847,
            0.14658653707525512,
            0.6415251637257207,
            0.618270656953658,
            -0.3426005714024857,
            0.12161487810381635,
            -0.2790348254709383,
            -0.186043534440321,
            -0.5048481357596678,
            0.40050181295324117,
            0.04984108931232711,
            -0.13190028573740592,
            -0.4919077864789867,
            0.01051862786059267,
            -0.3579271712110864,
            0.9462520323391059,
            0.5395698457214466,
            -0.029379940270898006,
            1.574495773428845,
            0.6739881014582801,
            0.5313459871803323,
            0.31632115991352777,
            -0.3716962508826481,
            0.23897973345788898,
            -0.11293061702067086,
            0.986419796776297,
            0.3920982736820691,
            1.1436339691291844,
            1.1019578954855722,
            -0.3808783369800232,
            0.49795882251046203,
            0.17429617097825684,
            0.34911540540459485,
            1.3335650075262961,
            0.9704556176977992,
            0.11657781405643688,
            0.9850380306416207,
            0.396372243180271,
            1.10248894847639,
            -0.24025575865333876,
            -0.21146571487752555
        ],
        [
            1.018064831463749,
            1.0641598724334953,
            0.8543099438560644,
            0.8024546168576565,
            0.4169656450807262,
            1.2916109340717083,
            0.9126394902609821,
            0.07215666936889438,
            0.38768009022667577,
            0.6895450187764848,
            0.9422920117015057,
            0.6161724318541142,
            0.8306773749530578,
            -0.1146305477632766,
            1.3359011552094513,
            0.6790527115414592,
            0.7456683694219319,
            0.02320982297264496,
            0.16076869874062777,
            0.3099271948199025,
            -0.21072509257478306,
            0.8846057483419829,
            0.7006866485416214,
            -0.18093698067522734,
            0.4030485930324044,
            0.461030899504139,
            0.2226122587564624,
            -0.11718535103296512,
            0.6582572571541423,
            0.7651630117054922,
            1.502407203051151,
            -0.4482949191226322,
            0.21838005097885094,
            -0.03123617481394832,
            -0.7216030867986684,
            0.12403235891497069,
            0.3394934536051632,
            1.098158946717735,
            0.9408753962298384,
            -0.3238730727653303,
            0.6206990912063644,
            0.057390520828724624,
            -0.40017379614334675,
            0.041730653308075905,
            -0.030958679282251433,
            -0.47617970909012003,
            0.14622780431257873,
            -0.49634603926744636,
            -0.0646183340761725,
            0.7609462738378714,
            1.5166494523926972,
            0.3522935025642534,
            -0.043202282046874346,
            -0.14042531147591905,
            -0.2506781646635103,
            0.15003787215907866,
            0.6492071302101445,
            -0.12981589238528,
            -0.05549114675753217,
            -0.04565359257459769,
            -0.19749628456867901,
            0.1726709671582487,
            0.7276341011043801,
            -0.1551930994760204,
            0.036396045495459876,
            -0.11693825794058257,
            -0.10584965050481335,
            -0.4089801940877461,
            0.10121525629958,
            0.23039440357204755,
            -0.04535468009576019,
            -0.34764102165578303,
            -0.2400108967565096,
            -0.4392031128075135,
            0.6671986885758623,
            0.5851121130172092,
            -0.08754565129841356,
            1.291445541557049,
            0.47333219531889537,
            0.4052771106633401,
            0.41858069127151387,
            -0.18737939492807823,
            0.17125249322752856,
            -0.09091264724662378,
            0.919171859968556,
            0.1733126684552576,
            0.8908265136399383,
            1.0582702922185279,
            -0.38645668983302217,
            0.3682322735921241,
            0.15169700078354126,
            0.3402160974318925,
            0.9519512653403656,
            1.0423173354499402,
            0.05567929938417963,
            0.8387919267954254,
            0.6987751358814162,
            1.0209631812158617,
            -0.24193630713878134,
            -0.18718894911991668
        ],
        [
            0.7773254143337477,
            0.8543099438560644,
            1.9186673908501146,
            1.822392133952787,
            0.8110691158337847,
            1.0966534248073192,
            0.33201590077238774,
            0.007552210899596902,
            0.49010672505749214,
            0.42222484834133917,
            1.3987790087651613,
            0.3700551080226091,
            0.8992469816090115,
            0.7731738179882286,
            0.8179658825144186,
            0.9270657947610504,
            0.6739427910045646,
            0.05749855865115871,
            -0.35128116508877905,
            0.4387416014273109,
            0.14586286465162224,
            0.7978185108484377,
            1.12876497432123,
            -0.5334972672275442,
            -0.19227511100821595,
            0.38972292713534884,
            0.18769129436330884,
            -0.005678583388896562,
            0.676163982431139,
            0.7749479516805435,
            1.2287286768447943,
            -0.35782740635231736,
            0.8716790351856561,
            -0.19768111099568042,
            -0.920175164948009,
            -0.09878329864327647,
            0.1399140096677209,
            0.9376212870415893,
            0.2767230861710811,
            0.23578066462096997,
            0.4203965930772139,
            0.06997199125755833,
            0.18746415052508367,
            -0.637953589730898,
            -0.4049694307673535,
            -0.8637627845004433,
            0.22036582976555016,
            0.5345456829116357,
            -0.01944576420802556,
            -0.14304790813640053,
            1.6325387124126163,
            -0.013241176921834208,
            -0.39166016918557095,
            -0.4844626316201412,
            -0.2314537185357066,
            0.8647719503362012,
            0.8065651104573341,
            -0.34185698067326203,
            0.03737500192198114,
            -0.3414540543120929,
            0.12079937069344016,
            0.2884385104244542,
            1.1223139674802343,
            -0.4645408228431429,
            0.07015926589826264,
            -0.2408845397529681,
            -0.1255987157612091,
            -0.6343708567390227,
            0.5082652162533056,
            0.2599480727331862,
            0.07616578132402854,
            -0.853875945171854,
            0.07550887498604308,
            0.0456580873914635,
            0.5663648867167116,
            -0.8874265014565195,
            0.4679189002886376,
            0.9853435253468501,
            0.3795560156135811,
            -0.0533244228116371,
            0.5326120843274217,
            -0.5691994464156894,
            0.12978088888256598,
            -0.33451911642367826,
            0.4940852738488622,
            0.02642926282230598,
            0.6994217967905747,
            0.11300134847704212,
            -0.5908836602199159,
            0.03934301593518463,
            0.14792663300221212,
            0.006276784609473654,
            0.7295213618871272,
            1.3933302171925555,
            -0.6778759903306568,
            0.04003134681020218,
            1.111183786845731,
            0.7811406022742373,
            -0.24285238794597644,
            -0.543530586390375
        ],
        [
            0.7036579112304003,
            0.8024546168576565,
            1.822392133952787,
            1.7404771527315095,
            0.777920554106085,
            1.0029045062159159,
            0.2704255917002146,
            -0.007369592269027787,
            0.48702203811025246,
            0.38603240531881977,
            1.2561209353359672,
            0.2901711425553887,
            0.8643609267872265,
            0.6786070847256451,
            0.7011241691699532,
            0.8932501011083014,
            0.5830527934046998,
            0.04190878744364732,
            -0.31715277061860614,
            0.32936031931412063,
            0.13530965804326398,
            0.6731418366145919,
            1.1559197537684562,
            -0.4443981821716849,
            -0.2094972415694918,
            0.35340796924956475,
            0.1581887778627783,
            0.005110208955135389,
            0.5619794732268951,
            0.7229371612917485,
            1.1205646998682066,
            -0.2939069693625157,
            0.7447441775299772,
            -0.1875194364392278,
            -0.9707214769062751,
            -0.11262254381046509,
            0.14195913964636692,
            0.7923996552599387,
            0.17485897110032092,
            0.14338615579123457,
            0.2769536608844395,
            0.08077002026709734,
            0.12106008142680909,
            -0.5819733002114414,
            -0.33957661903374986,
            -0.7661531227593231,
            0.24715367692259851,
            0.47059370036511483,
            -0.016422131566444217,
            -0.16174786071572625,
            1.4559040594387238,
            0.0020770307434309627,
            -0.35686867149664564,
            -0.40483465562982013,
            -0.21416559173578,
            0.8957169494183012,
            0.7614150054138713,
            -0.3267598221057355,
            0.05375173083171286,
            -0.29426488922490884,
            0.04870630020570692,
            0.20257993378835126,
            1.0555074894611243,
            -0.38486997590243743,
            0.04213900077187984,
            -0.18786753265144285,
            -0.11900204538270653,
            -0.5945978609649001,
            0.44358257062199624,
            0.2868356276271682,
            0.11258397763025184,
            -0.7914258766200017,
            0.052240161976011806,
            0.07178418444761016,
            0.4649662072153442,
            -0.834905641055399,
            0.4262743490702306,
            0.8327875186088195,
            0.332921587320635,
            -0.06400837229844651,
            0.5337352500745968,
            -0.495501769630798,
            0.10746441285739211,
            -0.3102380024933227,
            0.42586481126375725,
            0.0011805491954717912,
            0.5765206752069211,
            0.12877393354622066,
            -0.5215552572255066,
            0.004017475164701186,
            0.15143085817610435,
            -0.003832353074557956,
            0.6565303566389336,
            1.302319932325554,
            -0.6320869790793442,
            0.0017362005648684652,
            1.1278250130408984,
            0.7120844337456184,
            -0.22157795046051057,
            -0.5113993113839524
        ],
        [
            0.25187990063759175,
            0.4169656450807262,
            0.8110691158337847,
            0.777920554106085,
            0.5151543664371615,
            0.5019619937897692,
            0.08887483812141356,
            -0.18302494337434788,
            0.32924180338532005,
            0.23679928822715698,
            0.41886534575236745,
            0.19225065112339912,
            0.41448278316266585,
            0.30733617502606714,
            0.4035154433149498,
            0.41779306262682764,
            0.2332099201552814,
            0.018393932731416093,
            0.1203637266702238,
            -0.22448993901146386,
            -0.00239897164712849,
            0.35259966063321135,
            0.5809387307461269,
            0.046516730927699985,
            -0.06917496978987844,
            -0.07026493580028885,
            0.04730470402080303,
            -0.01615531410458433,
            -0.11553782824433292,
            0.35220853699470234,
            0.674051705379183,
            0.05651673139683632,
            -0.019104158999196073,
            -0.16321846444973842,
            -0.3429697914482441,
            -0.07727353577086161,
            -0.07179904866658365,
            0.2079528304513917,
            0.04059505269159202,
            -0.3735705536656292,
            -0.4386649398259847,
            -0.01882591413140451,
            -0.420656922662751,
            -0.08424068240650788,
            0.06305353969228346,
            -0.23520079962736778,
            0.07491329124308722,
            0.0019623181738923625,
            -0.015760742663860794,
            -0.0068813861701792186,
            0.675394286910175,
            0.04821784762234742,
            -0.10830663089625242,
            -0.11101288660460668,
            -0.0816356836396548,
            0.17618901977184795,
            0.42778060018053055,
            -0.2746946718499186,
            -0.08380381217301927,
            -0.10816066790577993,
            -0.25224655745606117,
            -0.32318837416532875,
            0.6408221407454522,
            -0.09523758557815717,
            0.08324174411607704,
            0.010908986790624086,
            0.0884911352948609,
            -0.1284723067570097,
            -0.08722709320424105,
            0.19619103396887147,
            0.06832885752969928,
            -0.20323744744270045,
            -0.28300314423239675,
            -0.1533354591425133,
            0.11714668166828789,
            -0.3527712329897038,
            0.16128039742246267,
            0.3982786277132702,
            0.0037586199587105818,
            -0.13058818350973764,
            0.2621975212540877,
            -0.09999542167016306,
            0.010247390808220451,
            -0.1424351109835113,
            0.2408809382209539,
            -0.17319408216582147,
            0.254546445634297,
            -0.029488903490937697,
            -0.3592485101305835,
            -0.04347428279459425,
            0.017681414317645434,
            -0.04861476825334949,
            -0.08160686755226111,
            0.7092614725044752,
            -0.3198731538836925,
            -0.02238453257404608,
            0.6096584876867004,
            0.3602854667942405,
            -0.1275904517687502,
            -0.19737872561406386
        ],
        [
            1.3349451815046927,
            1.2916109340717083,
            1.0966534248073192,
            1.0029045062159159,
            0.5019619937897692,
            1.7279904838688218,
            1.3727981881035618,
            0.2929021643560299,
            0.3861685382792328,
            0.8524052212625413,
            1.5817706822733362,
            1.0706358183893976,
            0.9719448631474574,
            0.17170229461513176,
            1.9404787212770747,
            0.9578341282726047,
            1.2151281977148785,
            0.1397463281620469,
            -0.07127153935333899,
            0.6952124522288805,
            -0.04424197734588178,
            1.4510808542203928,
            0.6970993512801295,
            -0.5380294101969222,
            0.49269761886805097,
            0.800590616154101,
            0.3940150915681844,
            -0.14865651335718466,
            1.1753517261713096,
            0.8530999962242443,
            1.9486126951578475,
            -0.6928676807688985,
            0.6607056139278218,
            -0.04801760720906683,
            -0.4314149846020276,
            0.2711393623635487,
            0.4315032680621019,
            1.8132871577564473,
            1.5942893885780312,
            -0.1410622409001012,
            1.0621615123827242,
            0.1050171093635462,
            -0.3403960962405728,
            -0.18548876249854557,
            -0.33643979957069187,
            -0.742367472800987,
            0.05245155333439773,
            -0.27842018505253235,
            -0.06380043985014627,
            0.9517949495196737,
            2.376722001658861,
            0.30726685453063673,
            -0.18799289165131183,
            -0.42120933956521284,
            -0.3588881114731184,
            0.1828498635976924,
            0.7598390535259568,
            -0.2243114471532923,
            -0.049467764460904964,
            -0.20975746334238152,
            -0.0027329741705581054,
            0.5156788762331911,
            1.007309282811372,
            -0.4317121822169555,
            0.3534647138929602,
            -0.2962392198968162,
            -0.09238615101064976,
            -0.5592749480752846,
            0.3740713211840498,
            0.07022246376373253,
            -0.07440525435384324,
            -0.609455341920857,
            -0.20255253476614798,
            -0.4748371564382254,
            1.2051402299596519,
            0.391140558481635,
            0.038466381988769456,
            2.103716259007787,
            0.8028127860395602,
            0.5568015610213073,
            0.43458290137401107,
            -0.4376153424087303,
            0.27589763919876836,
            -0.21516628481051348,
            1.234485497286569,
            0.4099908029268874,
            1.5132598101184924,
            1.2525179766110868,
            -0.6140838407775738,
            0.5721509258620856,
            0.21826842092328247,
            0.2531124722258119,
            1.4476344906509968,
            1.3901186068378009,
            0.09222707964543739,
            1.1802767814587942,
            0.6183389237664816,
            1.50535538397081,
            -0.3311998848086819,
            -0.309971089294817
        ],
        [
            1.092801600215891,
            0.9126394902609821,
            0.33201590077238774,
            0.2704255917002146,
            0.08887483812141356,
            1.3727981881035618,
            1.5230208952710635,
            0.6239302909230799,
            0.09043978127765011,
            0.645141417415366,
            1.414937998540254,
            1.1502158530327395,
            0.5851363333810838,
            0.020143982837143512,
            1.7950064374830177,
            0.8034053777059186,
            1.200319094191313,
            0.22697143712099194,
            -0.3344326401921155,
            0.8173320210402324,
            0.18940855900898096,
            1.3427923101193953,
            0.2813562152105719,
            -0.6360989423171657,
            0.513827611852248,
            1.0485050271516247,
            0.43704971186230157,
            -0.11696734027509026,
            1.3221465266124894,
            0.37390000819492486,
            1.4104410342958582,
            -0.6904734395961732,
            0.6814162129547361,
            0.06964934211576902,
            0.17802944374240595,
            0.4461391780796138,
            0.5228981744791245,
            1.849496740960438,
            1.8828845468642834,
            -0.01810705087199124,
            1.1651901002270477,
            0.20868698751219866,
            -0.24743398442100664,
            -0.20655364333309778,
            -0.5061645465071262,
            -0.4489193539988587,
            -0.06007074744713903,
            -0.15669002207014215,
            -0.027274562798408397,
            1.0018992704569811,
            2.1253450910637723,
            0.20542587976420343,
            -0.16468859878068054,
            -0.3838730935623318,
            -0.33378525478048193,
            0.17015511964566632,
            0.32744705288399817,
            -0.11276505713594501,
            0.07488160058434119,
            -0.16778463664447565,
            0.1426874581683086,
            0.7607462311601172,
            0.5876184048893223,
            -0.39399116656176,
            0.6455092947205285,
            -0.3024972156987533,
            -0.05609620664380414,
            -0.4157646765912095,
            0.48778112019710185,
            -0.2177356737353045,
            0.0016337849065545093,
            -0.4957608741843582,
            -0.05989530821341085,
            -0.25532409311170007,
            1.3283159241263334,
            0.43529832366017224,
            -0.04283780848761726,
            2.113500910610003,
            0.9569244314989188,
            0.712079872400203,
            0.20345989255568264,
            -0.368526170976402,
            0.2849047053970241,
            -0.18229992138994855,
            1.0610167949326919,
            0.6942028863068432,
            1.546703496578754,
            1.3731599882828736,
            -0.36017329065372095,
            0.6624891521180056,
            0.2757375055336148,
            0.0354132566238208,
            1.6456553970737637,
            0.8487732590632788,
            0.5252294281893234,
            1.345403197254737,
            0.03689524953094889,
            1.4710425335791366,
            -0.24144497607488025,
            -0.17953946795911768
        ],
        [
            0.2801441027178166,
            0.07215666936889438,
            0.007552210899596902,
            -0.007369592269027787,
            -0.18302494337434788,
            0.2929021643560299,
            0.6239302909230799,
            0.5972188116642271,
            -0.15980344325969514,
            0.029905641054977252,
            0.7422949904072471,
            0.44162253254284,
            0.03988431579558288,
            0.1564212482178594,
            0.4762468226060883,
            0.3854918121312521,
            0.512522326558991,
            0.1732741313610958,
            -0.6509351129211605,
            0.6301570873058948,
            0.4161545001109615,
            0.44101491364599793,
            0.06123920285460376,
            -0.5671784562370664,
            0.015264525108627343,
            0.769841781175677,
            0.22533406627211253,
            0.025208320842678246,
            0.8653031179622119,
            -0.17886244295089582,
            0.0846762489138138,
            -0.35366891457683913,
            0.6733674562235139,
            0.09879956212739746,
            0.29472423095470857,
            0.2591987728657538,
            0.3326604942774732,
            0.8546140553064288,
            0.8260095324496799,
            0.40929724679847795,
            0.729165818070969,
            0.22597390231433698,
            0.32887432092736657,
            -0.4237514247180352,
            -0.5648949849227368,
            -0.14831667595209916,
            -0.022579278944356688,
            0.4413868447292375,
            0.035031417702363975,
            0.14909486619797882,
            0.8052839124824905,
            -0.10817313906151692,
            -0.19953925588955534,
            -0.2616726459768806,
            -0.14265152358650174,
            0.5292193029976234,
            -0.13591585565016626,
            0.009338539724089772,
            0.23380006800154593,
            -0.13812350189356254,
            0.3525741029774202,
            0.7235566410125454,
            0.04034107383454545,
            -0.25629213982349897,
            0.4811493386663179,
            -0.2017662240411079,
            -0.08060012759266955,
            -0.24711102244962016,
            0.5702018930065681,
            -0.2915291189573628,
            0.13446795449013857,
            -0.40247998303740273,
            0.3172069641246899,
            0.3276794531879675,
            0.677805534975907,
            -0.2810748260388575,
            0.11463719790238079,
            0.8228685923239996,
            0.59540832155779,
            0.3373875551938637,
            -0.0019087668218354783,
            -0.28255713707753705,
            0.1350132420724126,
            -0.14476935531909957,
            0.17978126171251776,
            0.5560144823944794,
            0.6298407520037682,
            0.49981538748423715,
            0.03513797141203444,
            0.2620264187088372,
            0.21454583472048375,
            -0.24371925655969373,
            1.0304074052216636,
            0.07804605872540465,
            0.33789590350760584,
            0.4728336432830538,
            -0.21747964202752415,
            0.569079739431465,
            -0.03259864941579582,
            -0.13533658811061652
        ],
        [
            0.2343870644280902,
            0.38768009022667577,
            0.49010672505749214,
            0.48702203811025246,
            0.32924180338532005,
            0.3861685382792328,
            0.09043978127765011,
            -0.15980344325969514,
            0.2804485100969552,
            0.22524986644817657,
            0.13216346428296316,
            0.046315527845536344,
            0.3684376678432473,
            -0.05678681979039646,
            0.2686705682141521,
            0.29188350958433834,
            0.08683160633385041,
            -0.035325151352364456,
            0.21371282437612482,
            -0.276694179495908,
            -0.11728714163538834,
            0.12109949670266602,
            0.5395580809781747,
            0.18265125568354484,
            0.02438167922081104,
            -0.05233136098782361,
            0.0021370380458007607,
            -0.018414581285455953,
            -0.1664448617022507,
            0.3113273489529518,
            0.5161752033989895,
            0.05465965146071571,
            -0.2261665690987778,
            -0.08026584171322537,
            -0.5251743957559906,
            -0.06694446100062862,
            0.02941541301399402,
            0.03416190123285875,
            -0.031244611231496557,
            -0.45066982873097317,
            -0.36558726516163437,
            0.00497193485530316,
            -0.4307757281055887,
            0.09508914351708188,
            0.1893045182763899,
            -0.06553524683132138,
            0.13920573822776744,
            -0.2690876167591145,
            -0.02256290331029035,
            0.12403602344563514,
            0.32277011670003103,
            0.15188336825936868,
            0.011311125006997743,
            0.07567244578182399,
            -0.060914730931727036,
            0.16621400817986287,
            0.3228581611505191,
            -0.13954337754361237,
            -0.04212232823236428,
            0.03123645009988667,
            -0.33056772225359393,
            -0.3272320951448379,
            0.3862220903753822,
            0.07912966250854195,
            -0.06839867941154197,
            0.08799256629968932,
            0.023000771566300683,
            -0.0912445017866213,
            -0.1730292162910398,
            0.2463912438905761,
            0.07686304808877151,
            -0.05707697086674201,
            -0.2556638390473707,
            -0.1593737579528174,
            -0.029307612162341835,
            0.0818433093878762,
            -0.02052341014913797,
            0.15279964542818425,
            -0.018604302536341003,
            -0.017398688246663168,
            0.25278333184525775,
            0.052948440828140264,
            -0.004364059823188468,
            -0.038185724689970495,
            0.20788156370120242,
            -0.1441191594472326,
            0.055779164295634225,
            0.2330442046973904,
            -0.15232682233690087,
            -0.02440093796385574,
            0.03620224364198425,
            0.07781665959069042,
            -0.013466803025532168,
            0.46041135720435555,
            -0.11544626559465486,
            0.07106000747134933,
            0.5636414589050425,
            0.25183075265970845,
            -0.08400146766031254,
            -0.08545075475435202
        ],
        [
            0.6693231392115961,
            0.6895450187764848,
            0.42222484834133917,
            0.38603240531881977,
            0.23679928822715698,
            0.8524052212625413,
            0.645141417415366,
            0.029905641054977252,
            0.22524986644817657,
            0.4722639291484357,
            0.5736930697907372,
            0.46278464469921393,
            0.49701873461157675,
            -0.10347572604468569,
            0.9485143244942533,
            0.3766570891502648,
            0.5081246016457278,
            0.020232096771218632,
            0.17876859275910137,
            0.2023481477603093,
            -0.17655002418396692,
            0.6338435588688434,
            0.3150901276001909,
            -0.09519473981830469,
            0.33421700078030603,
            0.26211569651462585,
            0.15262763690702544,
            -0.09594299661361325,
            0.41657560088333234,
            0.48931921186657945,
            1.0169361832039767,
            -0.2976100441872636,
            0.09347782246242792,
            -0.015879485543848968,
            -0.32294100154022176,
            0.10774455055921449,
            0.1948284653623399,
            0.7514073359512549,
            0.708244963133526,
            -0.24012671161454985,
            0.43181975171952036,
            0.008625978466204822,
            -0.31629575992992015,
            0.09873970658157094,
            0.011820105602866005,
            -0.2914614903091614,
            0.04136775251671079,
            -0.40370893255745655,
            -0.04782103746849611,
            0.585962529839147,
            1.0025047100978888,
            0.24561081793874334,
            0.002581693172754133,
            -0.09327145638555606,
            -0.15701234529578725,
            -0.08878539905768214,
            0.40266654031052423,
            -0.07483600893733033,
            -0.0795654245765367,
            -0.023418008752118566,
            -0.13049685743606385,
            0.09628356834612146,
            0.4415286456597258,
            -0.10587842872329162,
            0.04306697808466989,
            -0.08363775253616988,
            -0.04298518440321467,
            -0.21461160536879742,
            0.012845128524563855,
            0.11408200198872415,
            -0.07892196442790943,
            -0.15676476707446346,
            -0.20560127648780138,
            -0.37511643517283644,
            0.4667819415219392,
            0.5010910904976442,
            -0.09539643517450071,
            0.9127145614355423,
            0.29673350298585555,
            0.2864640411256981,
            0.22228181456201007,
            -0.10124773048685509,
            0.11719943825233568,
            -0.03770298683689099,
            0.6518199222938611,
            0.11070885224100283,
            0.6400469120097216,
            0.6996059395032115,
            -0.2742621277958197,
            0.2797565082956106,
            0.0723361965527756,
            0.24887034457927126,
            0.573172616887173,
            0.6432140462070438,
            0.08208226040047784,
            0.6161622593672323,
            0.33712876917095336,
            0.6751541494724743,
            -0.1607490469654568,
            -0.07894372819624469
        ],
        [
            1.2230576875300185,
            0.9422920117015057,
            1.3987790087651613,
            1.2561209353359672,
            0.41886534575236745,
            1.5817706822733362,
            1.414937998540254,
            0.7422949904072471,
            0.13216346428296316,
            0.5736930697907372,
            2.3339239264113285,
            1.290631889046435,
            0.753502815484262,
            0.9685146834630765,
            1.8713920590721118,
            1.1398867023484907,
            1.526561291626682,
            0.32504957755858777,
            -0.939751103943474,
            1.4237248532459434,
            0.5385572736849001,
            1.7452097470200802,
            0.4924911416147586,
            -1.2982252136922714,
            0.15484575634465067,
            1.2675689114153763,
            0.545294116097784,
            -0.06838228717942585,
            1.8996293485922182,
            0.5276666349871187,
            1.562352394965632,
            -0.9235315581739475,
            1.712628861972215,
            -0.051469349323672656,
            0.2200927032425571,
            0.37629851720418267,
            0.44996130295074255,
            2.3627470836625193,
            1.8762343342640435,
            0.8123376429794391,
            1.706137844626798,
            0.22319994612343513,
            0.5135700590097765,
            -0.9544802212828796,
            -1.0982679594649858,
            -1.0833540832541226,
            -0.09079229735210997,
            0.8676816215103106,
            0.0001418435336431931,
            0.444665191787108,
            2.8977156525419083,
            -0.1207267069807399,
            -0.5585967258779639,
            -0.9340447367261361,
            -0.4005082995741052,
            0.6830553490003793,
            0.5551244933871835,
            -0.2848085078687454,
            0.13772142592673806,
            -0.5519370051137032,
            0.699573246901247,
            1.3005461384639079,
            1.05977563774631,
            -0.9208281978793492,
            0.8119397234802138,
            -0.6086954715860997,
            -0.13073882197378098,
            -0.7660936883474525,
            1.1157502622653588,
            -0.3350611687865715,
            -0.018802423620688475,
            -1.1390307506500708,
            0.33663633319482356,
            0.0739337028287702,
            1.7022213849818049,
            -0.8013639209883264,
            0.5015072057851031,
            2.512648839544256,
            1.154820294661329,
            0.4945235746561578,
            0.27785187582053766,
            -0.9389179664486971,
            0.3555531764528439,
            -0.45096239941551536,
            1.0084833395228745,
            0.7830818250501755,
            1.9059873951616084,
            0.7528652315472348,
            -0.703465347891018,
            0.5947804311674175,
            0.30096992845824133,
            -0.18499207182642552,
            1.9462723550230603,
            1.3853163078726962,
            -0.08450064723778254,
            0.9864984915997935,
            0.22658448513124252,
            1.6044917971653168,
            -0.31231634881788617,
            -0.5589932645243587
        ],
        [
            0.7630832491683479,
            0.6161724318541142,
            0.3700551080226091,
            0.2901711425553887,
            0.19225065112339912,
            1.0706358183893976,
            1.1502158530327395,
            0.44162253254284,
            0.046315527845536344,
            0.46278464469921393,
            1.290631889046435,
            1.0764450622464101,
            0.3591135947474881,
            0.42195039700827675,
            1.5012389735519507,
            0.6224663744373422,
            1.0544776407014136,
            0.24664987474115768,
            -0.3116858281813526,
            0.6702253388541679,
            0.2684594915012082,
            1.2891162762359367,
            0.018062922993068813,
            -0.6149012627616521,
            0.3293671261069086,
            0.7103700074811571,
            0.3804206272754991,
            -0.09748292775143891,
            1.0109966880017547,
            0.2327467020033457,
            1.152885914990203,
            -0.49439162223249106,
            0.6980019640025866,
            -0.03193115909055251,
            0.6197686262347932,
            0.35852828594535785,
            0.2238032456193118,
            1.572526314859154,
            1.5703212046123447,
            0.08254806188466006,
            0.7901218902689202,
            0.09844073894153162,
            -0.19873790120966067,
            -0.2965972797902831,
            -0.5094450287119331,
            -0.46959702731962927,
            -0.20406490651372025,
            0.1638963180209644,
            -0.011729677300410767,
            0.6493710574129223,
            1.921075437090513,
            0.01483729647831435,
            -0.22955990747814314,
            -0.5064522383827932,
            -0.24988114826460883,
            -0.08624319089852744,
            0.2735092076138806,
            -0.2195397642345578,
            -0.0311354816703496,
            -0.28261831675716104,
            0.22774106403373354,
            0.568376562855586,
            0.6316266213801278,
            -0.5015772787632999,
            0.7101372290146375,
            -0.32346061379081936,
            0.07612615355109748,
            -0.2605277523896894,
            0.4137144387401578,
            -0.3041364520159127,
            -0.058422056083866095,
            -0.4389615851408499,
            -0.10542212139278435,
            -0.24024918808329432,
            1.1782320641856536,
            -0.09951975300789871,
            0.14497787280357396,
            1.8823364393679398,
            0.7131028546036039,
            0.4080048356092837,
            0.059892739791978206,
            -0.42253203317633337,
            0.22781623311720903,
            -0.23020410334167143,
            0.8232388160091342,
            0.4943137454961984,
            1.4154136530056347,
            0.6610991769262049,
            -0.5026735077959933,
            0.5029105180353576,
            0.1480533266260931,
            -0.1340608360811873,
            1.0521959073048506,
            0.7871467550557929,
            0.2269480639659409,
            0.9331907767745937,
            -0.14510360819214452,
            1.1762390771500268,
            -0.2147940723174389,
            -0.199198305098149
        ],
        [
            0.7534974708217778,
            0.8306773749530578,
            0.8992469816090115,
            0.8643609267872265,
            0.41448278316266585,
            0.9719448631474574,
            0.5851363333810838,
            0.03988431579558288,
            0.3684376678432473,
            0.49701873461157675,
            0.753502815484262,
            0.3591135947474881,
