{
    "pos": [
        [
            1.2510820587379528,
            1.058339543912075,
            0.4457312724709456,
            0.41481139742642137,
            0.7948867957640666,
            1.6653338405631861,
            1.4460722344745658,
            0.4636884364997023,
            0.6975540088103527,
            1.2386542171711592,
            1.3146767750596002,
            0.619205960652585,
            1.372795192174271,
            -0.32264495210125155,
            1.0713307825132645,
            1.1830257974237661,
            0.830843849887049,
            0.8008928578320726,
            -0.07892272496192677,
            1.263804344000899,
            0.15596990842950942,
            1.3890678921972721,
            1.1295255482179167,
            -0.5226080948696954,
            1.1144703762447516,
            1.043725293270057,
            1.080397796529372,
            -0.22707043488836673,
            1.7131591525128742,
            1.196543641141586,
            1.2552180483865856,
            -0.8422468896797913,
            0.5521220634812699,
            0.37078357714559523,
            -0.6296671496807084,
            0.41049908199027946,
            1.0103903357578363,
            1.875479965713909,
            1.223296006505516,
            0.7028574790089598,
            1.2624247707373488,
            0.11079662101122204,
            0.7740180442355827,
            -0.18620341499737236,
            -0.35142035718568776,
            -0.5318405750801452,
            0.4809329911352951,
            -0.2535428193073566,
            -0.05598465373782661,
            0.6969881366404449,
            1.620231642335747,
            0.6622571985576848,
            -0.15305273342212808,
            -0.2364427507540731,
            -0.3593897001225488,
            0.6062116818636543,
            0.39038347245140953,
            0.07470184162392629,
            0.5342770107639959,
            -0.08697419923527651,
            0.22925189506588317,
            1.2506145653627114,
            0.9566371055731742,
            -0.25275446944686986,
            -0.3257617866773839,
            -0.2649911295946683,
            -0.17806656857803427,
            -0.7406698241072761,
            0.23587751979442256,
            0.549110450088213,
            -0.09442412128791738,
            -0.6216402168890638,
            -0.3653826952188074,
            0.4346098099311979,
            1.2102215124996034,
            0.5873434767893582,
            0.41296182468527354,
            1.322304392835386,
            1.411800493757684,
            1.147039488173427,
            0.8287231231917946,
            -0.35169329482160355,
            0.8194936922096627,
            -0.25860570821665746,
            1.3930220807235587,
            1.0084808854379148,
            1.3076081230049208,
            1.3737531179291904,
            -0.20523739745900335,
            1.0263273302466887,
            0.18948383875079197,
            0.6241340820269103,
            1.3615304176621787,
            1.1436203925400032,
            0.5652110680387288,
            1.1406400423447616,
            0.8520857296892936,
            1.1752617519905957,
            -0.3692892611338762,
            -0.46698702467264186
        ],
        [
            1.058339543912075,
            1.0850931364451697,
            0.7399699864222267,
            0.7650073100788213,
            1.025047421894082,
            1.542593335239318,
            1.2285187610222048,
            0.4195647267262526,
            0.8437071064048338,
            1.2537398185444308,
            1.0751754800380964,
            0.41221371367566806,
            1.4625911179367859,
            -0.2941036477198118,
            0.7354677109254728,
            1.1803930958121558,
            0.6277782623170614,
            1.1213983027308652,
            -0.1347216905907744,
            1.1682928727227502,
            0.21200961152239609,
            1.1308360463041347,
            1.3323627090343075,
            -0.6151912396049317,
            1.3460579507821704,
            0.8636710427025254,
            1.3961084233280685,
            -0.07311514810202957,
            1.6300757935939894,
            1.387361423102356,
            0.9327398175400161,
            -0.8153210068506536,
            0.519422556276582,
            0.8488265992312982,
            -0.9494597027326889,
            0.342433934067354,
            1.2550795604227236,
            1.5904123188331996,
            0.6461861296701188,
            0.8426474247296117,
            0.7855963609514157,
            0.04028109194911028,
            1.0293100827850779,
            -0.2934977079496351,
            -0.4308089884444967,
            -0.6536710941176974,
            0.6425495472233559,
            -0.10547329742590801,
            -0.06208500886632049,
            0.25207776933975296,
            1.0875756218575197,
            0.7891773584531877,
            -0.18440861502595002,
            -0.28960744585230447,
            -0.34019091130272483,
            0.7930523907988772,
            0.21200234663502646,
            0.12025631111125866,
            0.7158715524709169,
            -0.11938864064319586,
            0.2432678205132226,
            1.2643797467877416,
            1.00013768668503,
            -0.3080510003438621,
            -0.20973819287328124,
            -0.3060025716975447,
            -0.27470497096143087,
            -0.8343586063343639,
            0.40204157892488174,
            0.8914992396976951,
            -0.09969333464391171,
            -0.7544385361877555,
            -0.07511489857000798,
            0.7055967215727962,
            1.1087076696707372,
            0.4174256150174001,
            0.72012464847495,
            0.7464557003378222,
            1.3691001716926126,
            1.1081899412253244,
            1.1277318519633037,
            -0.42941873910197015,
            1.040386114251947,
            -0.18812244431367608,
            1.1972810129428948,
            0.9269188602122065,
            1.120551921437024,
            1.1822703129071561,
            -0.19050348072243117,
            1.069653880689233,
            0.10247018393634731,
            0.7414699190137546,
            0.9843853799777431,
            0.9803444505322596,
            0.46979698536280445,
            0.8738009914850124,
            1.0923952328699682,
            0.8671675555453027,
            -0.2367736351423667,
            -0.35793116577942186
        ],
        [
            0.4457312724709456,
            0.7399699864222267,
            2.215273272058297,
            2.1844923280778867,
            0.4453618194864857,
            0.633704166235136,
            0.07707194275959939,
            0.21623909466932123,
            0.19740688444499765,
            -0.06551597047203075,
            1.1664127311366266,
            0.28954075094589954,
            0.48330342662244885,
            0.8690841527983301,
            0.6852553848994516,
            0.7174193295563658,
            0.5932120014532746,
            -0.026773832344222925,
            -0.80922957067193,
            0.12290477220634953,
            0.2864757324102688,
            0.19790266487544036,
            0.9974953939010359,
            -0.7779567812676526,
            -0.4575404981582324,
            0.39653110348449644,
            0.056463940390046034,
            0.2932273428881245,
            0.4510535479180366,
            0.3622880484463318,
            0.7216935610376738,
            -0.2806058663193569,
            1.0300810829163385,
            0.2014183469930242,
            -1.1328135360665168,
            -0.17490968471673798,
            0.24962109655306208,
            0.4892465240676649,
            -0.09620046314039306,
            0.046330482593192154,
            0.011219851138254997,
            0.16822390212023855,
            0.021857156385938395,
            -0.8794806174554829,
            -0.6840915530101275,
            -0.896431407571371,
            0.18108552004033693,
            0.8488447019958753,
            0.007367976459367955,
            -0.5436504086416017,
            1.147207059657475,
            -0.18432876802290565,
            -0.44494201554458557,
            -0.5519288194680327,
            -0.20088012951456205,
            1.2483147767287939,
            0.48748148171449873,
            -0.31198274448836544,
            0.08274285005746765,
            -0.3677410383773785,
            0.1303733161409308,
            0.1531367425305374,
            0.7450441702376984,
            -0.5335350654654459,
            0.75951612194177,
            -0.2837055456390147,
            -0.29095535315590443,
            -0.6416127644003643,
            1.0448287178002573,
            0.16551968459798413,
            0.25347612091010946,
            -1.0242630083640085,
            0.8522469356394415,
            0.12508637552122778,
            0.43126598119846177,
            -1.1724566159796763,
            0.461044421810895,
            0.6136203489393712,
            0.09400289728515202,
            -0.32791109242454713,
            0.5094161135176221,
            -0.6575740197524469,
            -0.006737262392841662,
            -0.18258219968863487,
            -0.11088891696968849,
            -0.1770123532394002,
            0.4286360579532503,
            0.1017456589700146,
            -0.44971107045402303,
            -0.21530774349302978,
            0.2072984208992763,
            -0.2598642105105302,
            0.81918722351537,
            0.8576581801664329,
            -0.7340009687426918,
            -0.16822928583243868,
            0.9614367473438516,
            0.5628278126335827,
            0.04244662726805448,
            -0.2460598558713195
        ],
        [
            0.41481139742642137,
            0.7650073100788213,
            2.1844923280778867,
            2.179666273077862,
            0.5907960053118928,
            0.6637233755948213,
            0.10629467774274858,
            0.23162294567377484,
            0.3070965181503401,
            0.05554364417435486,
            1.082955718577426,
            0.23804363405047205,
            0.5961089718646815,
            0.8009044234590393,
            0.5616412855840242,
            0.7662199530768294,
            0.5294407493657917,
            0.21878013286942433,
            -0.7895282946059605,
            0.1925156075526122,
            0.326605694377587,
            0.20238139511346184,
            1.093852982315213,
            -0.8157216300974492,
            -0.20544379282278524,
            0.37914081917870013,
            0.31444387794724227,
            0.32092116719092784,
            0.5390999317552704,
            0.5129454668510554,
            0.601856307083626,
            -0.3176044698432131,
            0.9882553797773842,
            0.44702147594303665,
            -1.189533647672949,
            -0.14511951380464225,
            0.43396087227617813,
            0.4985333117228195,
            -0.23290810876370724,
            0.1882576736579684,
            -0.11237733754804365,
            0.13121683598056041,
            0.22079904774734618,
            -0.8854659557127426,
            -0.7116566633220351,
            -0.9217137538648121,
            0.27618750032185096,
            0.8515160232209923,
            0.0011712723077720731,
            -0.6561179659300453,
            0.953978465697041,
            -0.05857328467128691,
            -0.44389092085569043,
            -0.5645177348641112,
            -0.20701727206492584,
            1.2797168072653884,
            0.37965345264391454,
            -0.26279286632427595,
            0.21641588998349037,
            -0.36915639712888143,
            0.1600208100284187,
            0.2734086034034607,
            0.7926243440585315,
            -0.5489644539250701,
            0.7442536129848437,
            -0.30896446688428547,
            -0.3170556435267262,
            -0.6918436576170999,
            1.0613646436415363,
            0.349555116880271,
            0.22219823383347084,
            -1.0592077170283178,
            0.8800148229350268,
            0.29984613177164493,
            0.4752826574914133,
            -1.134889287600478,
            0.6220096125659739,
            0.4234579504669393,
            0.20734292823077882,
            -0.21224031955215972,
            0.674973586923445,
            -0.6775759848283137,
            0.18103648601794597,
            -0.1652488098446251,
            -0.0707251692763964,
            -0.09378225377299798,
            0.44127705017264324,
            0.10489374221133344,
            -0.427960752864124,
            -0.07493051202925184,
            0.16395834701139966,
            -0.14511095512799507,
            0.685156351830837,
            0.8034247028355769,
            -0.656773412331958,
            -0.17799386802906633,
            1.0446357638488315,
            0.4791207943168611,
            0.06801515749311272,
            -0.21930584921481447
        ],
        [
            0.7948867957640666,
            1.025047421894082,
            0.4453618194864857,
            0.5907960053118928,
            2.8796973736523155,
            2.0491915090870974,
            1.4947974447241241,
            0.4162850328852427,
            2.1149895533652634,
            2.5219987018919885,
            0.9517505817661189,
            0.06760846462942341,
            2.7597600775927926,
            -0.3484481083003557,
            -0.518017425155711,
            2.1976410298870603,
            0.18699757609925416,
            3.28022849708012,
            0.1133387572800117,
            1.8466293948109063,
            0.9320354886291725,
            1.8602180253327223,
            2.6975289521910746,
            -0.6768157863174576,
            3.093348406018419,
            0.8183297494553277,
            3.58401389894522,
            -0.13552294906007445,
            2.374522668789118,
            2.6736830849950266,
            0.1776953360075936,
            -0.8687932060275476,
            0.13213777574643268,
            2.0533013991509685,
            -0.8023538352496615,
            0.6362898443367628,
            2.393489138223678,
            2.048117740762161,
            -0.2158619123133897,
            2.127530878891087,
            -0.5598845554935249,
            -0.22288510734255979,
            2.703974305181968,
            -0.5085841553406968,
            -0.5391312412098469,
            -0.6677813895058352,
            1.463134843665427,
            0.3105820529769585,
            -0.06623499953000456,
            -0.7668808016815318,
            0.2923338104527411,
            1.6444971227914538,
            -0.3749321044116942,
            -0.4279651982222847,
            -0.4187573786151191,
            1.2854904249043873,
            -0.32545397665781345,
            0.1621189085568701,
            1.8762907579143246,
            -0.2703957974436523,
            0.43093689499525106,
            2.1968898212449104,
            2.15799008150962,
            -0.41799571705768096,
            -0.7955328919992181,
            -0.3884837099236217,
            -0.059647393349501754,
            -1.1909142872511376,
            -0.03681757651848554,
            2.328768745328494,
            -0.20715286384427203,
            -1.063027106899797,
            -0.9125037730055241,
            2.537828525821574,
            1.5970671255470226,
            -0.2955024224918437,
            2.377427530139149,
            -0.38011677927335374,
            2.6595901720416673,
            2.0528732631649755,
            2.475410158286204,
            -0.5697862222223933,
            2.61062729583105,
            -0.5165279564674834,
            1.847783428858392,
            1.8772756564916921,
            1.461667894992181,
            0.6051720182999973,
            -0.25182758761002594,
            2.232569151173824,
            -0.21597244634070534,
            1.3074089213089477,
            -0.4179791982782861,
            1.3585409358158966,
            0.9514774301678726,
            0.5532890883533631,
            2.131813156764848,
            0.5043631815872901,
            -0.398557680210496,
            -0.7969551065049721
        ],
        [
            1.6653338405631861,
            1.542593335239318,
            0.633704166235136,
            0.6637233755948213,
            2.0491915090870974,
            2.6675429752668447,
            2.2939845261067706,
            0.7896395093623343,
            1.5938689404807205,
            2.3842267147663647,
            1.9247039902558283,
            0.8200312637851547,
            2.5888252521222244,
            -0.3953654284264433,
            1.0224920412552245,
            2.2302997916345473,
            1.073296626738758,
            2.3509924818777077,
            -0.17122020574985644,
            2.244821489716972,
            0.6757544106737968,
            2.3827708665024163,
            2.262435712174846,
            -0.9936770480546437,
            2.557898968662394,
            1.5617446007087423,
            2.779689055502435,
            -0.2739299152665022,
            2.986608838775181,
            2.353724768588744,
            1.378073964841602,
            -1.324326909051094,
            0.7844323239653153,
            1.3592421300335844,
            -0.8034774453160468,
            0.7740529700670353,
            2.1556845397315985,
            3.0369969596684707,
            1.3712755489893063,
            1.7538983725967645,
            1.159366675692688,
            0.039600266127873894,
            2.040091630724185,
            -0.5125881211270251,
            -0.7500997636250992,
            -0.8971370235257524,
            1.0891035846173198,
            0.00023826157732209424,
            -0.08012094580092773,
            0.39563111838912685,
            1.9759446405160483,
            1.3730909672942326,
            -0.37226867033391303,
            -0.535901876252781,
            -0.5807126210945497,
            1.1990301238013217,
            0.18899759066330193,
            0.1391861573824557,
            1.4087837047801073,
            -0.26580082030919466,
            0.5252024066225502,
            2.4055374092589896,
            1.9443123681462962,
            -0.5470605730708001,
            -0.483633547845906,
            -0.5155677161544848,
            -0.2085044781129961,
            -1.3127081446203699,
            0.3713149790559811,
            1.5063755819868512,
            -0.18866745706128088,
            -1.1887814109439845,
            -0.6858355925845103,
            1.6070106231165813,
            2.1403947793944424,
            0.3860100783376772,
            1.5314612703552566,
            1.4082086299126932,
            2.7388589258394473,
            2.141283097359012,
            1.9243228054322996,
            -0.699318918669029,
            2.0447463263418935,
            -0.5163455617358629,
            2.282530024000262,
            1.9719353757209175,
            2.1851795495483937,
            1.7269244296120807,
            -0.35799042349933635,
            2.118917238888,
            0.11902929171963171,
            1.150678064616923,
            1.3671705642866172,
            1.758597123653875,
            1.070385296038197,
            1.5253675816396401,
            1.682471582979832,
            1.5457366569740387,
            -0.5461915276917064,
            -0.8241861976235193
        ],
        [
            1.4460722344745658,
            1.2285187610222048,
            0.07707194275959939,
            0.10629467774274858,
            1.4947974447241241,
            2.2939845261067706,
            2.339474003709046,
            0.9731692244725327,
            1.1439403163618695,
            2.0270524328168498,
            1.7884645239226413,
            1.041272926415521,
            1.9955275318563517,
            -0.3323279874127952,
            1.184950817535652,
            1.834573744222716,
            1.1638447989794747,
            2.170674656855101,
            -0.34732606056031057,
            2.225625073569587,
            0.7349532325593103,
            2.294040997975651,
            1.4717569458622457,
            -1.1166094316999122,
            2.4044345560847473,
            1.5927975164646884,
            2.551007484542133,
            -0.22650845275259512,
            2.9275710745791397,
            1.7992338790720828,
            1.0928967761714756,
            -1.3019564458519783,
            0.8861224496238175,
            1.3424602853270315,
            -0.043779594151667295,
            0.8715574016208699,
            1.9712834139899138,
            3.0147425988500034,
            1.738904178826298,
            1.6965479532158683,
            1.3472511761533275,
            0.06623346238646831,
            1.8426341444979757,
            -0.49096102723404844,
            -0.8944037568203195,
            -0.7566190731132324,
            0.7597829158076771,
            0.09195704779377178,
            -0.05846170088829716,
            0.5381724527294526,
            1.911976285422788,
            1.1379779635257465,
            -0.3370444668256765,
            -0.6061731794402492,
            -0.5275859081573228,
            0.7872718623027267,
            -0.10674073863944245,
            0.18624133810904986,
            1.247131304329382,
            -0.28366180691858334,
            0.6739318080349413,
            2.4115218766080417,
            1.4757659557128742,
            -0.6213972470898719,
            -0.023411150174411526,
            -0.5762460793949324,
            -0.16158262917415012,
            -1.0748215915798414,
            0.53035077222018,
            1.0294091004832646,
            -0.2227711687347605,
            -1.021084030888301,
            -0.43395390657896266,
            1.3855724321949836,
            2.2272142221273548,
            0.45526537231321396,
            1.306478815285499,
            1.645631394612094,
            2.581963513103965,
            2.0410764294250834,
            1.4860358918094447,
            -0.6891284783265353,
            1.854677449291134,
            -0.4241246844368183,
            2.0558659223248488,
            1.9667858072653968,
            2.2745805288511733,
            1.6695620615818325,
            -0.2917630437783975,
            2.0455306108445863,
            0.11899011609642374,
            0.8988926231177115,
            1.4747702823274005,
            1.2523010474343046,
            1.2450938697139324,
            1.6605394812592147,
            0.8890752797533947,
            1.5090024578272256,
            -0.4297257331331375,
            -0.5890724282273211
        ],
        [
            0.4636884364997023,
            0.4195647267262526,
            0.21623909466932123,
            0.23162294567377484,
            0.4162850328852427,
            0.7896395093623343,
            0.9731692244725327,
            0.5976297030531118,
            0.23543776563214092,
            0.5656539078053802,
            0.9032067802241571,
            0.6382283878831789,
            0.5238017220468063,
            0.19503602121726343,
            0.6694206324767609,
            0.6766431434079206,
            0.6557127899044151,
            0.8897962289338137,
            -0.5175244599563532,
            0.9334988005773049,
            0.4951947677225153,
            0.9191454797414069,
            0.32280703542229916,
            -0.7871341451101892,
            0.823861060298702,
            0.7460139333080107,
            1.0211879223935416,
            0.047693599260523925,
            1.2759448282873427,
            0.4489892134382523,
            0.3024238254311676,
            -0.5690249583755075,
            0.7089032371441956,
            0.7019648929027289,
            0.29600343291870507,
            0.3895286957163889,
            0.7923932531174849,
            1.3155465544464588,
            0.8444259409208974,
            0.7449114195002903,
            0.5280104711406219,
            0.0718415034083708,
            0.7139723202332404,
            -0.46869988532161094,
            -0.6957184212195839,
            -0.4521450902300541,
            0.14596905125134949,
            0.42785907496775144,
            -0.0017366742390745216,
            0.039952216466948756,
            0.9277897590256876,
            0.2610246699561573,
            -0.25659315687842216,
            -0.4811970756042059,
            -0.22425378199310098,
            0.3855160134190121,
            -0.20972885250010848,
            0.021573246735903287,
            0.4828875620430399,
            -0.2549086068244677,
            0.44758701041863375,
            1.0662084335688855,
            0.5003156419125772,
            -0.4821675539020415,
            0.5794645024112522,
            -0.37175992632830257,
            -0.09473010682964204,
            -0.4411482478992893,
            0.6324368319761654,
            0.18377916132929933,
            -0.04687405928911041,
            -0.5985358106403325,
            0.2524737975678441,
            0.5666989253087874,
            1.1042154644059596,
            -0.2085475169145434,
            0.6225832397578037,
            0.8897251458495599,
            1.0023905755911031,
            0.6804039848169905,
            0.4883467268644087,
            -0.47657529401646415,
            0.7042512265949799,
            -0.1667666979302629,
            0.6062791634725565,
            0.7809052560325068,
            1.105189948407897,
            0.5532764198779608,
            -0.19869016137341203,
            0.766062510177367,
            0.07454562699991406,
            0.10270922060508936,
            0.7571146748899951,
            0.3304772636594227,
            0.4429446458687323,
            0.656197968944984,
            0.056481727194900404,
            0.6690145693791767,
            -0.05823179453218247,
            -0.13317029835413044
        ],
        [
            0.6975540088103527,
            0.8437071064048338,
            0.19740688444499765,
            0.3070965181503401,
            2.1149895533652634,
            1.5938689404807205,
            1.1439403163618695,
            0.23543776563214092,
            1.6193703154157006,
            1.976062791533165,
            0.5898717471921143,
            -0.030999631967412924,
            2.1429058250073374,
            -0.5049585419821547,
            -0.38353675672296617,
            1.5933492176564141,
            0.0746608996143374,
            2.3683609330149142,
            0.27286579086699575,
            1.3692839178242027,
            0.5304352513587565,
            1.3475039544270517,
            2.041688227298147,
            -0.35652852333348684,
            2.393388078284475,
            0.5827633963027564,
            2.619210713317481,
            -0.15913349314300407,
            1.7459871690900517,
            2.1028896182289443,
            0.23614886692572515,
            -0.6715653924609364,
            -0.06371072213304972,
            1.4833350356315096,
            -0.793735186207313,
            0.4627876048814405,
            1.8036123980665293,
            1.4859807508277265,
            -0.16140886833725113,
            1.5193576992475724,
            -0.2711914283622658,
            -0.18169493421661254,
            1.9862968950409372,
            -0.20148465252953912,
            -0.23742508272186208,
            -0.43364151460655587,
            1.1423953437216443,
            -0.04958593552060407,
            -0.06640527508406387,
            -0.3863539728111115,
            0.131855372469489,
            1.3342867655605193,
            -0.18610993791742694,
            -0.1866203673290749,
            -0.3084709053487094,
            0.8635919483426981,
            -0.17273370842296007,
            0.191464316793802,
            1.3726443365369865,
            -0.1057789397895596,
            0.23905670841893364,
            1.6047882039568286,
            1.5490427857441813,
            -0.18883237904010156,
            -0.8497644450032875,
            -0.23133684788130418,
            -0.07456619167490336,
            -0.8813773922674731,
            -0.1858578434438703,
            1.8089235055063453,
            -0.19691211874227546,
            -0.6766705191874238,
            -0.8002352239093726,
            1.7883553403124184,
            1.094758083419967,
            0.15579490881933167,
            1.6265949276584069,
            -0.34960351944184664,
            1.9697045190277849,
            1.6186618586982882,
            1.8580622300366603,
            -0.3166418594396883,
            1.93218591879892,
            -0.33526189505233184,
            1.4897910150252391,
            1.3896331536184712,
            1.0030469292415953,
            0.6403299254272876,
            -0.11713131741016741,
            1.692765747125716,
            -0.16317687618754229,
            1.1437889612339813,
            -0.27584084029647155,
            1.022937969110083,
            0.781094775390141,
            0.5076484141337728,
            1.6579481436889347,
            0.3619887918049852,
            -0.32899800820162994,
            -0.5770401850053236
        ],
        [
            1.2386542171711592,
            1.2537398185444308,
            -0.06551597047203075,
            0.05554364417435486,
            2.5219987018919885,
            2.3842267147663647,
            2.0270524328168498,
            0.5656539078053802,
            1.976062791533165,
            2.720302342549361,
            1.0962846785299774,
            0.32702372635765287,
            2.801449373547794,
            -0.8115623827096172,
            0.05385828696434761,
            2.135610959010069,
            0.45138811180798977,
            3.0768226321115133,
            0.2746572442357699,
            2.1716140571224742,
            0.6911450444067329,
            2.1440274523826233,
            2.41402077806462,
            -0.6528100953289234,
            3.3173374849756487,
            1.1386638664862045,
            3.4699665725350304,
            -0.2884658325558375,
            2.7716086396562445,
            2.714393357095038,
            0.626439825912378,
            -1.1457937902514765,
            0.1270270336824504,
            1.919532431946939,
            -0.7424038917631691,
            0.8005921741558897,
            2.4871520166384036,
            2.542602792337961,
            0.5546690880578019,
            2.082535585508722,
            0.35549562530079754,
            -0.1690397656640862,
            2.600974278458705,
            -0.22130593137107654,
            -0.45065227996704427,
            -0.6003626182333902,
            1.3846676994080938,
            -0.22086731030474002,
            -0.09498967172784206,
            -0.012548826863367533,
            0.7249164197357433,
            1.7843509620437918,
            -0.22292059281857016,
            -0.30925805657239996,
            -0.4809812589716746,
            0.9587367860297002,
            -0.23620767026430808,
            0.3252594294382984,
            1.776669733890314,
            -0.1340986400237735,
            0.45219422726711783,
            2.4589764517033372,
            1.9363249315874544,
            -0.32455486288967883,
            -0.9816605076017864,
            -0.4009442191483582,
            -0.12801357521083984,
            -1.1972948175660176,
            -0.11917507358002849,
            2.1344969397833253,
            -0.3226023695569947,
            -0.8969091299958953,
            -1.0405976747710939,
            2.180402101943827,
            1.845369941237262,
            0.6292426324758762,
            1.9456622904004217,
            0.2354320566523546,
            2.875937274933529,
            2.4200026800138787,
            2.3039674095961984,
            -0.4656387227625445,
            2.5644195910490986,
            -0.43695347576878496,
            2.284114571810647,
            2.112259519175941,
            1.7795116362400867,
            1.3590879289622781,
            -0.1474216625443423,
            2.4552912419430433,
            -0.12879414072208545,
            1.545486646491722,
            0.27363050533599703,
            1.3657694362570862,
            1.3479484819028935,
            1.2115016114772825,
            1.841284016179056,
            0.879583821784204,
            -0.49212103601296725,
            -0.733635340726652
        ],
        [
            1.3146767750596002,
            1.0751754800380964,
            1.1664127311366266,
            1.082955718577426,
            0.9517505817661189,
            1.9247039902558283,
            1.7884645239226413,
            0.9032067802241571,
            0.5898717471921143,
            1.0962846785299774,
            2.351833447960309,
            1.2345980881315004,
            1.3234009531456747,
            0.6222934505439106,
            1.6272439607171703,
            1.6756892569274702,
            1.4698691164183262,
            1.0071663704849192,
            -0.8829214885955596,
            1.6245859408142576,
            0.7892512211135286,
            2.0017319273689806,
            1.2274564046144116,
            -1.2384428566532046,
            0.7842155713576177,
            1.5382030877961335,
            1.269878790326631,
            -0.11112721457550004,
            2.269843827234654,
            0.9422825569253558,
            1.451858043394272,
            -0.9906539663132063,
            1.4482591432517693,
            0.336217787515018,
            0.007643458450359086,
            0.5547570709564374,
            1.0140010752691628,
            2.6647274912635357,
            1.856537552204779,
            0.9928353149298179,
            1.322232893331676,
            0.265533395788002,
            0.855760753841776,
            -0.9369967922937289,
            -1.0852948140297798,
            -0.9329899011983356,
            0.29459259163319834,
            0.7537288851435642,
            0.0002426827612522952,
            0.3832233355964705,
            2.792142429592044,
            0.2766906734812431,
            -0.5701522537491297,
            -0.8215812836912915,
            -0.48792165163392104,
            1.128944378292537,
            0.39862581763674926,
            -0.2417474441623919,
            0.6175310895013726,
            -0.4893112621847331,
            0.5922878432886585,
            1.635901637194149,
            1.4255982807748138,
            -0.8026122386059793,
            0.6142996736340951,
            -0.552662015741839,
            -0.09127231411885431,
            -0.9445160497498645,
            0.9330476349436385,
            0.16927709952534564,
            0.08277143979994958,
            -1.2371956018482164,
            -0.032053162446497016,
            0.7176215251429778,
            1.940721425800798,
            -0.7204343496950607,
            0.8765416585939936,
            2.322262860335751,
            1.7719962356743537,
            1.0227237623213081,
            0.8099750521361317,
            -0.8698624576564478,
            0.8732943225040574,
            -0.5577765161417709,
            1.3627737918503096,
            1.2665550044321214,
            2.0801697464139854,
            1.1143444808958034,
            -0.5802140211730314,
            1.058835797243219,
            0.32798483866001515,
            0.006754476961143298,
            1.9038733942638726,
            1.5530934853697742,
            0.37022899684308386,
            1.1851383609942185,
            0.7287703409917154,
            1.755988518838635,
            -0.39952492467751305,
            -0.7166632345116549
        ],
        [
            0.619205960652585,
            0.41221371367566806,
            0.28954075094589954,
            0.23804363405047205,
            0.06760846462942341,
            0.8200312637851547,
            1.041272926415521,
            0.6382283878831789,
            -0.030999631967412924,
            0.32702372635765287,
            1.2345980881315004,
            0.8634203243055666,
            0.29134869388717133,
            0.3734568339656959,
            1.099183880883823,
            0.6256723759807257,
            0.913617371199292,
            0.3486754776532219,
            -0.6235932798285727,
            0.8813785608526582,
            0.4400464300864795,
            1.0329321461829541,
            0.09093609690559683,
            -0.7825428349526519,
            0.27847805222322414,
            0.8969317036354774,
            0.46737372603203736,
            -0.026515743110124397,
            1.219916847989933,
            0.10897987552601135,
            0.6691248582709894,
            -0.5541812421022253,
            0.902338085779403,
            0.14048044215061425,
            0.4912755116762215,
            0.3684652836813802,
            0.4114403051953051,
            1.4745759491933095,
            1.3428958941778832,
            0.46396848073714025,
            0.9583374277911129,
            0.17932763916060654,
            0.2770970341751961,
            -0.49477569805787447,
            -0.703993947885973,
            -0.4350579008474645,
            -0.09010553782264842,
            0.44716785979075174,
            0.013011724265821062,
            0.37537277735135155,
            1.562356316053485,
            -0.029232290521490796,
            -0.2824407727794604,
            -0.5008170539658358,
            -0.23780449949934815,
            0.3299401011151817,
            0.04679832086541312,
            -0.09551277906317995,
            0.1879744089724326,
            -0.27534607789159166,
            0.4267317243584603,
            0.8953560316819312,
            0.42306236294497324,
            -0.49571378072002903,
            0.6819830219752769,
            -0.35160008505414475,
            -0.04005571584673373,
            -0.3613625113175518,
            0.660673315648544,
            -0.28576351220279206,
            0.022715429477824442,
            -0.5692896002030451,
            0.20339419911124135,
            0.16279090093660264,
            1.1359727546156104,
            -0.28613136725770766,
            0.2570048745811246,
            1.5231970199106486,
            0.8391550583754516,
            0.4798347345695326,
            0.10471263040352766,
            -0.47614813588672117,
            0.2980455674399151,
            -0.22800842222752477,
            0.5954930445061931,
            0.6714433658116329,
            1.2221833466988865,
            0.6469047403943025,
            -0.2734214387220821,
            0.504758580070154,
            0.20014260938531617,
            -0.1737847605609623,
            1.2295907892630022,
            0.5078642174157528,
            0.3174936159690515,
            0.7938913930317462,
            -0.17419776316240693,
            0.9851669679875088,
            -0.1360760394854978,
            -0.2146977596680365
        ],
        [
            1.372795192174271,
            1.4625911179367859,
            0.48330342662244885,
            0.5961089718646815,
            2.7597600775927926,
            2.5888252521222244,
            1.9955275318563517,
            0.5238017220468063,
            2.1429058250073374,
            2.801449373547794,
            1.3234009531456747,
            0.29134869388717133,
            3.053949217319566,
            -0.6795717681643431,
            0.10460429729681847,
            2.3674746577118246,
            0.5093411245504839,
            3.0885216229070296,
            0.20831463894390378,
            2.167774978842464,
            0.7080088604294046,
            2.186618178619928,
            2.8260262329742982,
            -0.7171717771632524,
            3.243648091997907,
