{
    "pos": [
        [
            2.671319362956976,
            1.5056875745923355,
            0.16760107437510888,
            -0.05926631907684519,
            1.6909749102957428,
            0.8454155116678996,
            2.13047463973111,
            0.1141221647967628,
            2.1606525469089175,
            0.9726393534921256,
            -0.6198171828325192,
            0.03802447453329551,
            -1.8609434636868707,
            0.5519550708008499,
            -0.9127485797151023,
            0.914249890108819,
            0.417389528309956,
            0.634995611952615,
            -0.46695337532407166,
            0.07477718528056118,
            0.9365322442669912,
            -0.28864004489287887,
            1.2505890937635038,
            0.17776068700763015,
            1.304072606809232,
            -1.0011703572183992,
            0.15357024971893402,
            -0.08686135479520259,
            2.2518517551732122,
            0.9907649916771443,
            1.5700370172882097,
            0.7872390161787539,
            -0.5185675353431148,
            -0.37459061051578113,
            0.6079339333256808,
            0.5887951581202568,
            1.2990406887536186,
            0.4965082921206918,
            -0.20072315718813336,
            -0.8028474153814135,
            -1.1608191023127763,
            0.01700108384927145,
            -0.9642400551855821,
            -0.35097551176975794,
            0.21900283375244378,
            0.20345339045729782,
            1.6821034533900883,
            2.2234679225385956,
            0.2522486656658322,
            -0.1039584038416872,
            0.415172080802946,
            1.4334162096540395,
            0.11368713263462155,
            0.04388217879049461,
            0.7116098129897797,
            0.28831638844433377,
            2.2607382721762086,
            -0.11773869849059944,
            0.21832102987481888,
            0.10921847434128595,
            0.08642430061423798,
            -1.5360574165557777,
            0.5086394992724228,
            0.03828868326508214,
            -1.42260841790198,
            0.3810154966011969,
            0.47111971425435767,
            0.39245331328050304,
            1.1236151650020063,
            1.1571027915237087,
            0.2505692112202058,
            0.5210190442426939,
            -0.17225360208702634,
            1.128763708826973,
            1.1014235286407512,
            2.4017403947322506,
            0.4030599717653422,
            -0.7220874190579355,
            0.0686297236601678,
            2.2284078381728754,
            0.6393304178371975,
            0.29004724187273895,
            1.5491343995431854,
            0.09804723297263229,
            0.5667044632146445,
            1.6390034327965566,
            0.1011687578128864,
            0.4671148385595646,
            -0.07970525224439969,
            0.3788732307727038,
            0.20098847860892471,
            -0.4400652413812958,
            0.15601431802707896,
            -0.17019821531212412,
            1.6931340865792146,
            0.407286330015838,
            0.6055376753904143,
            1.939011602621774,
            0.10768119903684721,
            0.4153953814787871
        ],
        [
            1.5056875745923355,
            2.7337660913283552,
            0.6144901018436505,
            0.5079539385912952,
            0.48115709569135556,
            1.4050390009288418,
            2.307308351502486,
            1.3497849163853248,
            2.3597975046455955,
            0.7073324701314465,
            -0.01781267814693326,
            0.8655111703995895,
            0.33123692356742357,
            0.28111918765537114,
            -0.01013431626927,
            1.9111431135345158,
            0.9174604467895785,
            1.758955497619767,
            -0.04798417770478398,
            1.1329676467391927,
            0.6062537344766632,
            0.8788891898114883,
            2.4852192351725546,
            -0.05512631827890805,
            1.9495857852811942,
            -0.09272347717102643,
            0.6612979018695458,
            0.0221976107124339,
            3.6495744018808107,
            1.4599786917415978,
            -0.536129616145192,
            -0.12235891313671608,
            0.26471299139628734,
            -0.029528765632736705,
            0.9523921700429631,
            1.1985899447983186,
            1.6272910981571191,
            1.042211367759271,
            -0.40736684194791484,
            -0.16841538747391124,
            -0.27745499237002796,
            -0.12811411799912156,
            -0.010878193926707724,
            -0.47607930268478493,
            -0.027375831153112713,
            -0.38062487831866915,
            0.4548853206699023,
            3.334673626171048,
            0.30680835735205486,
            -0.6372381818361313,
            0.7123603390951967,
            1.6465998152444887,
            0.11033634520081573,
            -0.02111450246680663,
            -0.3366604100498048,
            0.3740958556561519,
            2.4205593778593744,
            0.6239819971569927,
            0.3820390896192154,
            0.1281257904195878,
            0.9039363563383207,
            -0.33751960761505784,
            -0.11277975810326904,
            -0.028912224055033076,
            -0.7252556223207985,
            0.04877348377352569,
            0.21195117300605368,
            -0.36455159940840537,
            1.539184021030223,
            1.2064999661528713,
            -0.04332928149129681,
            -0.025423134409851514,
            -0.23443587154377166,
            1.8642912642475027,
            2.2234873468130583,
            2.3333905453355333,
            1.2559839130082617,
            0.10322037594946945,
            1.5710900236983978,
            2.7490802519955957,
            1.2412583709836356,
            0.1676955279323996,
            3.35427605742165,
            0.5436940615640266,
            1.4020189641504368,
            1.1053174286860814,
            1.0506551578986936,
            1.4660816165189867,
            -0.10436426830508272,
            0.7489636172512748,
            -0.1716069195927876,
            -0.2572110706198762,
            0.6999591890193527,
            0.40782457761380225,
            2.264634627110648,
            0.6936950354432139,
            1.014341432698939,
            1.4986054741683636,
            -0.047981639936527015,
            0.25413473678598275
        ],
        [
            0.16760107437510888,
            0.6144901018436505,
            0.844124642408181,
            0.8073571337809172,
            0.3064236659219158,
            0.2651289583460196,
            0.9413286924819595,
            0.6240210524648186,
            0.4601394116931734,
            0.3603147158658121,
            0.8914800918652898,
            0.6727946240193963,
            0.35362089361938787,
            0.775942521352999,
            0.18364825671704024,
            0.9204417095070838,
            0.7480984062170752,
            0.9310171901266767,
            -0.7263999927797374,
            0.6575681097328845,
            0.5576493115093138,
            0.7650162917061776,
            0.7648447235542708,
            -0.7881669174488679,
            0.30113368429954057,
            0.35517566011081064,
            0.5755716147894684,
            0.14630497322358635,
            1.2014337016151364,
            -0.09559562522346138,
            -0.14497786614381558,
            -0.35686290157133016,
            0.7657479659226314,
            0.14728139699788598,
            0.3998881227305507,
            0.5405767057016424,
            0.3715229288252985,
            0.6795644469690719,
            0.32777787728877467,
            0.6419064244764922,
            0.192115159290452,
            0.1807847482107455,
            0.6851205961784596,
            -0.9170160029271961,
            -0.67441301947943,
            -0.45486167007036626,
            0.00520166227109388,
            1.3874239144124298,
            0.19751015732020782,
            -0.47044523989500747,
            0.9075678540636511,
            0.02382345006539617,
            -0.27817764688872354,
            -0.3913851037505154,
            -0.1189146547165614,
            0.6944727449414221,
            0.6719899797184031,
            0.16780564571555284,
            0.372852225145383,
            -0.30012224064468607,
            0.7208620540164943,
            0.5928719033522527,
            0.5636695140881092,
            -0.3568867657684125,
            0.19078059966812605,
            -0.30602240683412196,
            0.1266254649206728,
            -0.34920110864469733,
            0.9301324018488059,
            -0.31820096562724154,
            0.1931825827855905,
            -0.639578478128874,
            0.26425811728579235,
            0.9254070360589174,
            0.910964385398664,
            -0.07698489246159913,
            1.0533989780812236,
            0.5706780125566366,
            0.7577844687022534,
            0.7173525067907485,
            0.2640245122733213,
            -0.4926381773163237,
            1.3017144380906271,
            0.0993428724768662,
            0.5895940508578683,
            0.33847654789674203,
            1.0008850138361522,
            0.30207996813597116,
            -0.03500487550864284,
            0.3872657908523559,
            0.1350165841161262,
            -0.666495005824661,
            0.6198677680755056,
            0.4966359126452334,
            0.5526825394999256,
            0.25571534025205817,
            0.09826573551917761,
            0.42198939215770415,
            -0.02945247487231739,
            -0.294352582026651
        ],
        [
            -0.05926631907684519,
            0.5079539385912952,
            0.8073571337809172,
            0.8198707820752891,
            0.18085234416073806,
            0.35075677477609396,
            0.7993749529105277,
            0.6596545210225457,
            0.27961698331075385,
            0.26659902932049845,
            0.9982854951772687,
            0.8430109909085888,
            0.5232185072812351,
            0.6148544849680145,
            0.37851482004495685,
            0.8411779888572015,
            0.8714747220364153,
            1.0108958091141103,
            -0.7188336107960295,
            0.5911621149919312,
            0.5122991325500575,
            0.925739978941428,
            0.6943890936504871,
            -0.7976093034380615,
            0.25362866485291896,
            0.394508373111608,
            0.7167140553049447,
            0.12350737279550494,
            1.0783831196664362,
            -0.0900679016888628,
            -0.3438741099993008,
            -0.4549427831187132,
            0.8315003394608763,
            0.23406805461957353,
            0.2990281049806159,
            0.582509434071555,
            0.22459579681130176,
            0.7264936468528491,
            0.4348152822360747,
            0.72807537543621,
            0.39670047028875843,
            0.13919606125657866,
            0.7377607821422165,
            -0.8667175411396729,
            -0.6840340535141712,
            -0.5305817594774069,
            -0.20698434482598219,
            1.2281298692922245,
            0.16812466061172915,
            -0.4904535490931463,
            0.9348443568932855,
            -0.12025665802806225,
            -0.27216451495424204,
            -0.4380904648031996,
            -0.2310866113788214,
            0.647819823340571,
            0.5019176734808893,
            0.26957233226810273,
            0.3593137220589901,
            -0.2921393408793262,
            0.9206612984969547,
            0.8600887870636749,
            0.47413497643594005,
            -0.4151085853352209,
            0.29433111060659345,
            -0.3909138756353441,
            0.056085681358578415,
            -0.4480958850500365,
            0.8209675988243236,
            -0.395912674446135,
            0.10960828969015,
            -0.7392088232921625,
            0.1385970144463427,
            0.9086875020431482,
            0.8680840611284971,
            -0.2402411511695045,
            0.9927137149027264,
            0.879050929580028,
            0.7744187875314948,
            0.5311562616274322,
            0.19732074857891274,
            -0.5091263634842659,
            1.1971081182218464,
            0.10789066642532759,
            0.6751626467090845,
            0.25518067309044795,
            1.1125004835207668,
            0.3645943514120115,
            -0.09213643810390412,
            0.5159148102434129,
            0.07664830510226776,
            -0.603382043636784,
            0.5760101403392445,
            0.36823275390647664,
            0.4488933749576647,
            0.32079611495591676,
            0.08476572812501783,
            0.2225091907613599,
            -0.08265401087525501,
            -0.32772291083090627
        ],
        [
            1.6909749102957428,
            0.48115709569135556,
            0.3064236659219158,
            0.18085234416073806,
            1.501068368368432,
            0.6232036528284466,
            1.2293735423801286,
            -0.18848484710719357,
            1.2260334330687837,
            0.8256095393018262,
            0.09875792094356714,
            0.12813998270706448,
            -1.1339852285509981,
            0.7467752613846331,
            -0.5215313639914362,
            0.7999047980452826,
            0.48330656971607866,
            0.46379015450050975,
            -0.8624486875586913,
            -0.11763189657418822,
            1.043553751675015,
            -0.06796604702564067,
            0.45935577547106254,
            -0.3073346402814255,
            0.42261680564083354,
            -0.5158034461007055,
            0.34671673688087035,
            -0.1689191061099216,
            1.0608910699282779,
            0.3081229422696268,
            1.5899619797008298,
            0.5124877787227716,
            0.1715836976659283,
            -0.16179222812756372,
            0.2722128062568396,
            0.3744152448356263,
            0.41618476229516654,
            0.5257993076069168,
            0.3897038504716592,
            -0.2705184875579077,
            -0.43848146479286154,
            0.13176067060521104,
            -0.6638114582400122,
            -0.6107990444624567,
            -0.22581210814228544,
            -0.10589141943903775,
            1.3630277463648968,
            1.2019631309087826,
            0.1380934164610611,
            0.07306355831131721,
            0.8785768385211891,
            0.5428092224820859,
            -0.1868090538100303,
            -0.4288756246352306,
            0.560401827669823,
            0.4168016773479069,
            1.3696498794830048,
            -0.04799837559070527,
            0.37773471146050586,
            -0.12932594537435307,
            0.3449784072890042,
            -0.6768372078909621,
            1.100300048998842,
            -0.4474130704919014,
            -0.5215330643647221,
            0.045589309813016315,
            0.2336145678481185,
            0.21850240874529248,
            0.8497127188645136,
            0.34442886768318415,
            0.2470849585083062,
            0.06721058781566948,
            -0.45864764095062416,
            0.8479354021899363,
            0.6405583534606586,
            1.134383959543292,
            0.19628947146039344,
            0.012553949725342446,
            -0.17703916757148183,
            1.041492697567081,
            0.24150243559580004,
            -0.11085644049005153,
            0.7539401954664514,
            -0.23701354203570452,
            0.29286472996813584,
            1.102967770841049,
            0.3405914085199613,
            -0.06094360211125482,
            -0.2840352635350369,
            0.40262449350552415,
            0.2507447822029559,
            -0.509645839779042,
            0.34880936169236554,
            0.28878385537231044,
            0.8065923313588583,
            0.16941783066858865,
            0.285436799885456,
            1.3162726432284115,
            -0.22118231887676532,
            0.04018637450379291
        ],
        [
            0.8454155116678996,
            1.4050390009288418,
            0.2651289583460196,
            0.35075677477609396,
            0.6232036528284466,
            1.6866773609273888,
            1.2182027492078293,
            0.6922936414601963,
            1.4171943354884702,
            0.5466680426664825,
            0.43502870839263275,
            1.135391509637559,
            0.5856340925198765,
            -0.10895361653490197,
            0.517473625642379,
            1.448196765264457,
            1.1824822837804114,
            1.550313647322669,
            -0.42184689619876664,
            0.265658198276984,
            0.8239838883767061,
            1.0535528141091512,
            1.364781694550257,
            -0.18756583811555314,
            1.098762120489579,
            -0.08630785185437204,
            1.1191564018392757,
            -0.31334132587310415,
            2.099809253989722,
            1.131032565274175,
            -0.10647911306117791,
            -0.13741317711975604,
            0.6818653013811539,
            0.23969471433763118,
            0.2499888395711082,
            1.027308869750183,
            0.4119889764960214,
            1.098721139113245,
            0.46808759413470274,
            -0.0036793979208256896,
            0.6087329747030589,
            -0.19683759923379818,
            -0.4143836389733405,
            -0.32422939600794043,
            -0.148700120838933,
            -0.6609410331218268,
            0.31593172451079937,
            1.7836235451977815,
            0.07268947630987212,
            -0.20770529930551943,
            1.1458514919179323,
            0.7270380254589245,
            -0.06419035394279198,
            -0.5836868589750076,
            -0.4102653727425268,
            0.1462496848202415,
            1.5014907307398926,
            0.8696281253587727,
            0.46396723860248756,
            0.060454800445632575,
            1.510968698501653,
            0.47209536131736735,
            0.41078818356125846,
            -0.6719420781421381,
            -0.05610252906514118,
            -0.28894510539180795,
            -0.155953669594624,
            -0.47587082169438394,
            0.8724354838015167,
            0.6641043004211045,
            -0.28594363081672686,
            -0.28846482192037076,
            -1.3177386767924624,
            1.4866283011860557,
            1.4909451881116922,
            1.4451677911470695,
            0.334639376163813,
            1.3626999411647347,
            0.8223100223875879,
            1.2995544482964132,
            0.6595342348094367,
            0.015210864879359673,
            1.954613221168922,
            0.07801803082263128,
            1.238665690256001,
            0.8249726417357297,
            1.1801861507719724,
            0.9803958261609479,
            -0.6080247807355618,
            1.1737988751548638,
            -0.24872615230484701,
            -0.0009989326991755323,
            0.5385175971310806,
            0.24488414725796082,
            1.2996920510885157,
            0.6361493577643333,
            0.800791978471218,
            0.8451815438006067,
            -0.6108335679089558,
            0.03528604738814105
        ],
        [
            2.13047463973111,
            2.307308351502486,
            0.9413286924819595,
            0.7993749529105277,
            1.2293735423801286,
            1.2182027492078293,
            2.986511495067521,
            1.2648678998110292,
            2.179163092285025,
            0.8745874689553713,
            0.3665680831690508,
            1.3191445145068883,
            -1.0787567725232767,
            0.6445662257054598,
            -0.14520843166811123,
            1.4421237310862467,
            1.5282357885265148,
            1.9363878868653996,
            -0.8161533414592645,
            0.8411097602177151,
            0.9933611555781616,
            1.0474163939060097,
            2.2378699458130726,
            -0.45032172679117627,
            1.8792796472288158,
            -0.5778537251127337,
            1.0469447383793502,
            0.19743778394917352,
            3.6318335735688354,
            1.099522594873297,
            0.15014989575972265,
            0.004780320229450369,
            0.0781948291060043,
            0.007170544049199392,
            0.8912210175164725,
            1.3624911135147362,
            1.7140778742342855,
            1.2366777060433645,
            0.02392430720460478,
            0.08939306908306789,
            -0.6432734492421184,
            0.01458130188675497,
            0.22297920384084075,
            -0.9832471952420578,
            -0.3135393512834453,
            -0.3245574387393387,
            0.6533520647508272,
            3.609591292191839,
            0.4443844915511229,
            -0.9512818296161291,
            0.9473253450721268,
            1.2855459007325205,
            0.05179197517567235,
            -0.08131112845087227,
            0.14875667288454955,
            0.8188351518682006,
            2.5254590265486083,
            0.30382370618917653,
            0.35762880303455474,
            -0.06497146178009768,
            1.2863645720187014,
            -0.22543791899598903,
            0.08483302459119829,
            -0.052453191021328296,
            -1.2972354049919719,
            -0.075559446772993,
            0.517632116011561,
            -0.31389757204503466,
            1.776491402132324,
            0.809772048348428,
            0.17592902495552631,
            -0.36991735059381914,
            0.3041670154240027,
            2.028244166090391,
            2.0694505489368207,
            2.0267853533994615,
            1.6551303814940952,
            0.45565036115246377,
            1.252164755651838,
            2.851274773194401,
            0.8444512809911112,
            -0.11787858028983472,
            2.9427041425641822,
            0.5795032031278444,
            1.60955466958269,
            1.7278869562648844,
            1.4155206509929144,
            1.3649823308226186,
            0.0020791397332742064,
            1.0678319233729083,
            0.097766395142583,
            -0.9173581000564023,
            0.47955439098224073,
            -0.4931709237557524,
            2.2487282398789947,
            1.0351565491421033,
            0.6954263788814816,
            1.678784168716521,
            0.29517739043334595,
            0.1492480396492431
        ],
        [
            0.1141221647967628,
            1.3497849163853248,
            0.6240210524648186,
            0.6596545210225457,
            -0.18848484710719357,
            0.6922936414601963,
            1.2648678998110292,
            1.173003197677178,
            0.6917599063359138,
            0.09848576169331685,
            0.5724150938855229,
            1.1517803058302494,
            0.509245123102577,
            0.013623673956009528,
            0.529794005249983,
            0.7991799146225125,
            1.0369857847793835,
            1.3854096036728754,
            -0.18300529629302814,
            0.7805164829774415,
            0.1591269605836615,
            1.1516005007253975,
            1.3878384508787853,
            -0.34716783783030725,
            1.0175062326280429,
            0.16582229598474502,
            0.8083307280913199,
            0.19838844370074848,
            1.9976032481459272,
            0.5713627034688463,
            -1.1589894044776847,
            -0.5402780577427981,
            0.35639803787296964,
            0.2510337468999643,
            0.4345815222413408,
            0.8833726153792605,
            0.7775652079811989,
            0.778294825024156,
            0.002804542347637315,
            0.4920424417556548,
            0.23325048251245734,
            -0.07637354138034692,
            0.7487050743558892,
            -0.470875685218097,
            -0.2823481412412026,
            -0.42446628891595206,
            -0.6062266842587483,
            1.8757066859893996,
            0.21335993044192963,
            -0.7706784976274919,
            0.4645157034295406,
            0.4061062944984424,
            0.04755295172768,
            -0.02520559992691725,
            -0.4737943729396151,
            0.4036872578325663,
            0.8740182889974117,
            0.4710843169987318,
            0.15029546129485752,
            -0.03568822252843397,
            1.0916653141493293,
            0.7578215714923643,
            -0.4635360345496682,
            -0.007897374478691604,
            -0.2365948375254491,
            -0.27279769002459975,
            0.0991878316103373,
            -0.5756785638227566,
            0.8192221878006557,
            0.18499211868836324,
            -0.1006462131829155,
            -0.5668968971612445,
            0.24757610693085794,
            1.1161951183657346,
            1.2631810556991054,
            0.49909779107583346,
            1.1554235877267096,
            0.8407384541149092,
            1.2224407268681012,
            1.2389642176573161,
            0.4798516037249191,
            -0.163250647359288,
            1.8526780135501142,
            0.5237592182918926,
            1.1489104782981059,
            0.4175993901321845,
            1.1560268063659078,
            1.0970546625439197,
            0.03544552414568618,
            0.721349495409348,
            -0.14646701864621267,
            -0.3472703937310083,
            0.3222673209189211,
            -0.29441694044066463,
            1.0563933800329883,
            0.6813260894624578,
            0.36458727647501343,
            0.22820791534607776,
            0.15217915195672108,
            -0.05785645013469294
        ],
        [
            2.1606525469089175,
            2.3597975046455955,
            0.4601394116931734,
            0.27961698331075385,
            1.2260334330687837,
            1.4171943354884702,
            2.179163092285025,
            0.6917599063359138,
            2.6599188634986675,
            1.0739663916239637,
            -0.22797188048237071,
            0.3024149616102474,
            -0.17171794731918671,
            0.6639350992095618,
            -0.49295520072682897,
            2.075029618108855,
            0.5724427794679711,
            1.3107915021165892,
            -0.3298141561126775,
            0.7661814606656464,
            1.04152982246738,
            0.2856167349673356,
            2.0696057877232428,
            -0.046830962068066986,
            1.6293231693720207,
            -0.29437631534187164,
            0.40250166942453425,
            -0.19737119509393852,
            3.1971410245172223,
            1.3497748915165126,
            0.7474829837662305,
            0.35584187978231485,
            0.30776909633222893,
            -0.22759562506964276,
            0.8936212648923605,
            0.9334187435897698,
            1.4020300752596022,
            0.9296740875524961,
            -0.23157567303849647,
            -0.5349857299695536,
            -0.49676613394039965,
            -0.027351386111020354,
            -0.7213228549370833,
            -0.5367607988787283,
            -0.020670109990145638,
            -0.28107148622722716,
            1.4234241701091763,
            2.9849364741397633,
            0.24963836235320558,
            -0.16316349286306842,
            0.9820579397711944,
            1.7421912049714277,
            -0.03967057837424082,
            -0.27851593089673776,
            0.08611143130098113,
            0.3555540569645481,
            2.6631058863454444,
            0.4362564805256275,
            0.5451400268740548,
            0.08023623937228877,
            0.5132324117041552,
            -1.009798674018889,
            0.7418558274985301,
            -0.3103663145587271,
            -0.6925470562870286,
            0.1953256835877511,
            0.21733234370907772,
            0.00024977651631297897,
            1.5682307248181477,
            1.297761018833984,
            0.10898980671004826,
            0.2959195300702645,
            -0.7064803608540703,
            1.7523503445479713,
            1.979243283870387,
            2.6489949541443796,
            0.7503913492865957,
            -0.30917294035918225,
            0.9543315139239944,
            2.6178037841767394,
            1.196048269992261,
            0.18951629874980372,
            2.9267478631958843,
            0.1293724704166064,
            0.9481668834291439,
            1.3354867181971204,
            0.6488521783718598,
            0.8787399935702926,
            -0.30720877617755565,
            0.5531506332575394,
            -0.005185895096542839,
            -0.26750734915632446,
            0.8196321078504405,
            0.9584947736868324,
            2.1335030456362905,
            0.36661341885564014,
            1.0276222179588375,
            2.028918939690205,
            -0.3329110682813592,
            0.281085268055962
        ],
        [
            0.9726393534921256,
            0.7073324701314465,
            0.3603147158658121,
            0.26659902932049845,
            0.8256095393018262,
            0.5466680426664825,
            0.8745874689553713,
            0.09848576169331685,
            1.0739663916239637,
            0.6224849906186933,
            0.1823063780256637,
            0.0729423784691311,
            -0.10189504232229525,
            0.6524334801077813,
            -0.28148596598172154,
            1.0431620112137294,
            0.28265355649218576,
            0.5141430298007191,
            -0.5069899737794246,
            0.2721513471504936,
            0.7324572905962184,
            0.09372939220879066,
            0.662829299532945,
            -0.3070408989927302,
            0.40652845557759626,
            -0.03228623361016259,
            0.22374089363015834,
            -0.12966924903944338,
            1.1202583198761513,
            0.30595679972690837,
            0.7867602535691627,
            0.1954112739768642,
            0.432345587382029,
            -0.09581500679668177,
            0.36029638518992374,
            0.3429091503996923,
            0.39089133440059265,
            0.47895955579521354,
            0.16916877249431606,
            -0.08989700918834516,
            -0.12751543707769697,
            0.10286052590586708,
            -0.3206298434807602,
            -0.5187968749418567,
            -0.25921288904809814,
            -0.22480831049143638,
            0.8815743469445044,
            1.1695535782833097,
            0.10721531660802026,
            0.030364753083851392,
            0.784021616012882,
            0.5413984347391224,
            -0.19797889521974008,
            -0.38216112532687185,
            0.16612771404388027,
            0.339369028293702,
            1.120477596876604,
            0.12415732146696966,
            0.38900397857559876,
            -0.1120964867874496,
            0.2553334285671127,
            -0.3639726592085891,
            0.8698899620864133,
            -0.39482316854579924,
            -0.06673381297514024,
            -0.0002817117055681823,
            0.08920884545384365,
            0.03603224517871608,
            0.7992208312468658,
            0.29409760468617885,
            0.1626967952970167,
            -0.0036597468912756732,
            -0.4034022902051261,
            0.7989112843763101,
            0.7903436916641257,
            0.8776707417349869,
            0.3278965095846811,
            -0.026022552614756885,
            0.2512790349563734,
            0.9188154775466855,
            0.42037336797596886,
            -0.1209631987886207,
            1.1104926210440655,
            -0.14709922046139887,
            0.2734222512462477,
            0.6050481150992572,
            0.3769293924718453,
            0.07240456613446267,
            -0.22941092326973594,
            0.22700547669471757,
            0.11922052905991787,
            -0.3082839033933021,
            0.5396892420124006,
            0.7646677030596178,
            0.7378184272096174,
            0.034563125729763895,
            0.3492403301888291,
            0.9857917317311866,
            -0.28510790058131275,
            -0.023738462218688916
        ],
        [
            -0.6198171828325192,
            -0.01781267814693326,
            0.8914800918652898,
            0.9982854951772687,
            0.09875792094356714,
            0.43502870839263275,
            0.3665680831690508,
            0.5724150938855229,
            -0.22797188048237071,
            0.1823063780256637,
            1.5108985261160366,
            1.135823038068543,
            0.9862551972742184,
            0.6124419253116974,
            0.7588550459591747,
            0.8201377950736597,
            1.1333994455302587,
            1.1196148053678419,
            -1.0070261884914014,
            0.4388121169336655,
            0.6356918194976638,
            1.2541149772303506,
            0.3242727368575882,
            -1.097216579674129,
            -0.15622350862695616,
            0.6362241714197061,
            1.0406816855705148,
            0.04318881804259371,
            0.5369718615784008,
            -0.36719155805928844,
            -0.43015097928508816,
            -0.6684257554104116,
            1.2887647493012757,
            0.43052931139404615,
            0.06404426933023762,
            0.5970625224679851,
            -0.3100271742221461,
            0.8822876210495724,
            0.8935815185476632,
            1.0797116321488225,
            0.9550544422679533,
            0.16056009898366602,
            0.9001716568659298,
            -1.023338621083893,
            -0.952844761827643,
            -0.8011584795700307,
            -0.4786965001507169,
            0.7395277423453859,
            0.09994898332255897,
            -0.44243492875210555,
            1.3146067627480973,
            -0.6512520155724508,
            -0.4355577263897609,
            -0.7782063626472387,
            -0.39373006190740895,
            0.7183807945384606,
            0.04867331719201058,
            0.43580335300622447,
            0.47323323596808065,
            -0.41748608675650933,
            1.354783426911939,
            1.5469510005606155,
            0.7758738600945009,
            -0.7765668716475091,
            0.8027838597564646,
            -0.6601964546573391,
            -0.11604028023768637,
            -0.6456853566449381,
            0.6852575422995495,
            -0.8432629645116239,
            0.03527489915568787,
            -1.0916340172781547,
            -0.1955751600120231,
            0.8861242964551675,
            0.7104597314217054,
            -0.9125991217937716,
            0.8830339578701065,
            1.6287915139694815,
            0.6998581530346328,
            -0.11244999781580595,
            -0.028775781784669874,
            -0.7459298656748199,
            0.8393823107522519,
            -0.05820049299189929,
            0.7097534427914525,
            0.026071532610528775,
            1.4393601632525304,
            0.2058494306941405,
            -0.29162771403723614,
            0.7440048834984723,
            0.05581833029870395,
            -0.631887059563882,
            0.677730281461041,
            0.4843033485956625,
            0.017321297745815405,
            0.3168969804216058,
            -0.04219944870550049,
            -0.1606160767674997,
            -0.33109381281424466,
            -0.5512184457898512
        ],
        [
            0.03802447453329551,
            0.8655111703995895,
            0.6727946240193963,
            0.8430109909085888,
            0.12813998270706448,
            1.135391509637559,
            1.3191445145068883,
            1.1517803058302494,
            0.3024149616102474,
            0.0729423784691311,
            1.135823038068543,
            1.9703222521720276,
            0.22359013982136036,
            -0.2264458371779577,
            1.0335732865137295,
            0.5432970972861945,
            1.8595431228936854,
            1.84904181474557,
            -0.7275888524355109,
            0.32673306483390263,
            0.4769525963671101,
            1.757684178215428,
            1.1020745095505846,
            -0.6175865590142225,
            0.8966852519050175,
            -0.050782018900331106,
            1.5812681435794511,
            0.10571966310314217,
            1.7663818539051346,
            0.534460058318838,
            -1.0696120285631634,
            -0.669913517189083,
            0.5813301433653908,
            0.5351067850243644,
            0.08634743660416455,
            1.1902313755723202,
            0.3365012890815554,
            1.1734213068852541,
            0.7172402389130008,
            0.804711602969171,
            0.732459170740916,
            -0.1368132457020282,
            0.7716707714808106,
            -0.6472876407700916,
            -0.48815719494366444,
            -0.712486374713973,
            -0.8601334118554069,
            1.6669318449464492,
            0.18577849827264825,
            -0.8997524754441907,
            0.9352124770191934,
            -0.1276710303950018,
            -0.016794760647833376,
            -0.375965145587405,
            -0.511784613807918,
            0.5083028844072881,
            0.6721874777787399,
            0.707377470242893,
            0.2092174560984873,
            -0.11862606450768619,
            2.077113405780917,
            1.5706593932674395,
            -0.33790313700166896,
            -0.39741669229463317,
            -0.2146954806862681,
            -0.6207574260224571,
            0.012889458823760115,
            -0.8369792651668327,
            0.7279342453857995,
            -0.15790463479058084,
            -0.25566427711419304,
            -1.0311908157353427,
            -0.21438299308747136,
            1.343237714269728,
            1.1889851717014355,
            0.11056422824057265,
            1.0711080829423214,
            2.1389632726689967,
            1.0396706362102488,
            0.8404089399161623,
            0.12675286060103494,
            -0.36297386573991725,
            1.4467582971539992,
            0.46109941419405687,
            1.6008263820779032,
            0.6832721876185165,
            1.7835525558637575,
            1.2243175807215234,
            -0.24806223574772657,
            1.4448620021872243,
            -0.18004885395703002,
            -0.5035428646104657,
            0.16881267830444222,
            -1.0228813491751325,
            0.8651959473316597,
            1.0864810439212123,
            0.2709717260700607,
            -0.04419826178280414,
            -0.0113456785123362,
            -0.20988522475715377
        ],
        [
            -1.8609434636868707,
            0.33123692356742357,
            0.35362089361938787,
            0.5232185072812351,
            -1.1339852285509981,
            0.5856340925198765,
            -1.0787567725232767,
            0.509245123102577,
            -0.17171794731918671,
            -0.10189504232229525,
            0.9862551972742184,
            0.22359013982136036,
            3.4512789353277187,
            0.143108044551363,
            0.9644610729484996,
            1.5526597846160721,
            -0.016515059669668115,
            0.6193280255154884,
            0.17089215790378737,
            0.8402499189985033,
            0.03175151478868731,
