{
    "pos": [
        [
            0.9731062945148102,
            0.25446611142900705,
            -0.17940387432931237,
            -0.2713948200535294,
            0.8995872227977885,
            0.047238585496229384,
            1.0079699852800186,
            0.21897549558724633,
            0.7699082518885265,
            0.9221478282199334,
            0.3487649457733828,
            0.20911996059280905,
            0.3476033122432725,
            -0.04347032434953637,
            -0.18970311387467997,
            0.8633397706642003,
            0.41961195745737173,
            0.0640813610142232,
            -0.13596200237070374,
            0.45281131103932026,
            1.0979430031723443,
            -0.2998662097274331,
            0.39312009181298263,
            0.049672131793852686,
            -0.05446872334605064,
            -0.24274978325337832,
            -0.46125410812793,
            0.09229601705759465,
            0.03190348947400023,
            0.17306004648270024,
            0.6882301224958302,
            0.24024889724016069,
            0.03420501947966895,
            -0.4678960862357082,
            -1.5220126135191216,
            -0.7036174468454653,
            0.8153171084735485,
            0.4441355489754304,
            0.7889430208860312,
            -0.9504384259201827,
            0.47600912330791467,
            0.128523707190142,
            -1.12791797185892,
            0.01691655343319438,
            0.051067975221474715,
            0.12088859159934662,
            0.9989792786061538,
            -0.5436297984627181,
            0.040162352124714334,
            0.3442749892447324,
            -0.2648570673404104,
            1.143026420539165,
            0.059960214819904746,
            0.00839616745484737,
            0.4303904615535767,
            -0.8058053993373697,
            0.3256980702983033,
            -0.07722090757011046,
            0.4975485974172236,
            0.0230147436728457,
            -0.11711022106589174,
            0.0874678536114541,
            0.6506761036213935,
            0.008826678658556587,
            0.5754128342424429,
            0.14328444358887127,
            0.006683724821651531,
            0.20926250867811744,
            0.29425688411059536,
            0.1673591562644262,
            0.24406552552012295,
            0.27578332561810437,
            0.26447778890257734,
            0.8397670399802396,
            -0.9278329352254764,
            1.1925499185367947,
            -0.3347008631165302,
            -0.11710585310846007,
            -0.007104832194451508,
            0.02454983648017861,
            0.8546709683124633,
            0.07932043051396176,
            -0.7246932304746827,
            0.03202957314494389,
            0.12782803753516872,
            0.47019119775803225,
            -0.9898940015055985,
            0.349107373768608,
            -0.19144238998981575,
            -1.0847499491901766,
            0.1590654318407884,
            -0.7640014720536306,
            0.8194958765398314,
            0.4376932402319866,
            0.8223224447872268,
            0.28488040213809457,
            1.037994463534532,
            0.67948306597489,
            -0.18822416705952066,
            0.16498815901039526
        ],
        [
            0.25446611142900705,
            2.488983027733325,
            0.39683155590126695,
            0.42190310390362984,
            1.9019304872910074,
            -1.2397099766707012,
            1.340193134263853,
            1.2450819230961463,
            0.8337531224449611,
            1.7677754309382216,
            -0.9389160620129561,
            0.5353101585325007,
            0.6127847291024087,
            0.5354081879178779,
            0.09718314424572913,
            1.4077412505719535,
            0.21266599452097307,
            1.861302829337885,
            0.13088355158577414,
            0.8261602351135061,
            2.117189838961014,
            -0.29984488317882024,
            0.6101710998994677,
            -0.11212448606849229,
            1.6304032870261123,
            1.4942619427285007,
            0.05705198333775972,
            0.16337595608905636,
            0.9046995398503862,
            0.4613494139906605,
            -0.001703541747859627,
            -0.2151868088284874,
            0.14818220699647963,
            2.172065166465404,
            0.08844200279950903,
            1.016662539685974,
            2.645502777609121,
            -1.0720343879272136,
            -0.19278197559577076,
            -0.3590397358361575,
            -1.067923917761044,
            -0.42369766156315736,
            -0.4886951116653018,
            -0.166362898752594,
            -0.11487863868778642,
            -0.11987984938537287,
            1.29064074565366,
            1.3252849506327515,
            -0.013151822816591708,
            -0.427645970171921,
            0.6892913830439861,
            1.802678117663663,
            -0.11437980928729925,
            -0.013138728060695659,
            -0.5640204744964757,
            0.03280895929687398,
            -0.5397974231707765,
            0.08643607151270177,
            0.7880242541170848,
            -0.0059127617910025125,
            0.8948769022426171,
            1.1982870601830284,
            0.7652533390677752,
            -0.01546451951879328,
            -0.7400253014820629,
            -0.4661722564991808,
            0.18614977175273006,
            -0.3729033486953719,
            0.33500999759079503,
            1.7295223808271534,
            -0.6670855571045792,
            -0.40464604183835845,
            0.7921091557059302,
            1.1714998807619184,
            1.233562510127582,
            0.2870643101422681,
            -0.14996770861594963,
            -0.8062256916409061,
            0.41736261485126136,
            1.1048088045100724,
            1.583297083726481,
            -0.05291403963355165,
            0.42102386259972574,
            -0.08274850574715387,
            0.6965482438205596,
            2.015762803227369,
            -0.7968075107206816,
            0.4784518695236424,
            -0.0609292232969203,
            -0.16815569031085006,
            -0.6077327123968367,
            0.8673430879334136,
            0.09426153556891326,
            -1.288586629406904,
            2.3278832318186207,
            0.9061735658329932,
            1.3459820539414131,
            0.08793780189392132,
            0.13119489220499,
            -0.030686408048306458
        ],
        [
            -0.17940387432931237,
            0.39683155590126695,
            0.835134785076787,
            0.8766578300526388,
            -0.029350289467137483,
            -0.5364183539942775,
            -0.26631546713307336,
            1.1834576479814714,
            0.5357903111561955,
            0.6908327668326084,
            -0.06233532876537981,
            0.9495747846184376,
            1.173097018828167,
            0.6334621310134657,
            -0.7526924607238525,
            0.5273426425358876,
            0.9665979998999499,
            0.26275251896104884,
            -0.09577135681147458,
            1.143407790794971,
            0.47886220771311605,
            -0.19251111593417672,
            0.7575137217115535,
            -0.008736046929908333,
            -0.0746255344873245,
            -0.10663168692083445,
            0.9986281805946258,
            -0.1842105171778292,
            1.2577787693824045,
            0.0658617718069808,
            -0.44582221371090996,
            -0.09343221825933912,
            -0.017447718963669073,
            0.5966036257174929,
            0.857318176758475,
            0.09642291781300241,
            0.5955156140465457,
            -0.6558803211236711,
            -0.49767933155526767,
            0.3954826542046036,
            -0.6815600844823089,
            -0.1961437294018352,
            0.5574733451612331,
            -0.23051440632788528,
            -0.01721706391387028,
            -0.0975616002072256,
            0.4061462234627734,
            0.23981201226937754,
            -0.030896924121851167,
            -0.6544020960706426,
            0.2064204371163462,
            0.7366515646054547,
            -0.05023164183802025,
            -0.008094855457370204,
            -0.1677175835112711,
            0.22742199835023072,
            -0.16726218814656135,
            0.19666850655015122,
            1.0264443452403922,
            0.006970305008281813,
            1.0410173676245666,
            0.8321257248851457,
            -0.14189488601575098,
            -0.0071985252025491865,
            -0.24461609356273029,
            -0.045447022812858714,
            0.15355010627659238,
            0.013254285303518255,
            0.08902601429858263,
            0.43177410923094667,
            -0.20293898976246535,
            -0.12929795344570316,
            0.02759090477437815,
            1.2463409929018479,
            0.28606491394666705,
            0.31839443027774794,
            0.61508332300605,
            -0.7655414864503334,
            0.12365773637213794,
            1.114464643952642,
            0.06849109708786416,
            -0.011190465827143854,
            1.354245027584881,
            0.02653661253137063,
            0.540793131547134,
            0.12260185148951647,
            -0.15312965544587176,
            0.35667656114759616,
            0.1478458904560516,
            0.9919721583641424,
            -0.26752659981910043,
            1.4352538095410898,
            -0.4217187246856508,
            0.05804109566665886,
            -0.17200324756118363,
            -0.0017518944213929658,
            0.8503518838293076,
            -0.4313327847569802,
            0.1520195837956876,
            -0.10821842188328122
        ],
        [
            -0.2713948200535294,
            0.42190310390362984,
            0.8766578300526388,
            0.941434948996541,
            -0.1378446376117935,
            -0.4624276204234864,
            -0.3090827340675899,
            1.293782734861212,
            0.5179823396392088,
            0.7043541205292527,
            -0.01361905562514254,
            1.0365304557347652,
            1.3099870386847186,
            0.6314479835580628,
            -0.6513152258466475,
            0.5189641346926498,
            1.031785400164468,
            0.3242550639479394,
            -0.08140091941668348,
            1.197653971112347,
            0.4747459609755872,
            -0.050448985710196875,
            0.7892767205715328,
            -0.030585082591896823,
            -0.05887789722903504,
            -0.0435416805384575,
            1.1045672625074598,
            -0.20067775475888092,
            1.3609141954752646,
            0.1278921069259141,
            -0.6168527093862113,
            -0.17600446656885765,
            0.025621188707298726,
            0.6844302915625771,
            0.9754015971308635,
            0.1786807016340537,
            0.6119788497651402,
            -0.5861937926785997,
            -0.5232624036626649,
            0.48738845189787006,
            -0.611973648179839,
            -0.22777214058695702,
            0.672272782284886,
            -0.20609379451642626,
            -0.03893160387770812,
            -0.16628903194519834,
            0.30112263047963217,
            0.26835713660075705,
            -0.040105820671322255,
            -0.735845478708993,
            0.26596852405559857,
            0.716317783143273,
            -0.05591263283233965,
            -0.01729873751174668,
            -0.330682933338433,
            0.2544796590377383,
            -0.23702793115422285,
            0.20091772969409166,
            1.063855749528942,
            0.006462792464625635,
            1.153638952222905,
            0.9791820714610404,
            -0.22530673746938035,
            -0.017022262579176117,
            -0.1718586677332209,
            -0.10472662144940087,
            0.0955214954104763,
            -0.0672040188885982,
            0.05470504796209513,
            0.44752764688084556,
            -0.2520894776300938,
            -0.23438883246285147,
            0.016590634972191248,
            1.317207205602147,
            0.39612785335768597,
            0.1698263341207437,
            0.6865614083479574,
            -0.642097356420284,
            0.14606713829358003,
            1.187680225380192,
            0.0525383347276796,
            -0.0255518031943837,
            1.5017312125035376,
            0.015877463316723878,
            0.656932916632507,
            0.11546296898825666,
            -0.02082944885709981,
            0.4671745890625354,
            0.12230423908268695,
            1.1551295622209712,
            -0.3120608190866281,
            1.5858521611560519,
            -0.44007669444717123,
            0.030794485624955445,
            -0.20254748780714654,
            0.06319062740936444,
            0.8506008325287491,
            -0.4619195897319133,
            0.1500786910932184,
            -0.13808809402815186
        ],
        [
            0.8995872227977885,
            1.9019304872910074,
            -0.029350289467137483,
            -0.1378446376117935,
            2.2691655731590195,
            -1.0943660580665264,
            1.6982000083755135,
            0.37375015122731964,
            0.9211606325939246,
            1.5730857424378508,
            -0.8182676481886659,
            -0.18757351210151255,
            -0.14169300344442856,
            0.25093265926134517,
            -0.17680519770466482,
            1.3827355238019896,
            -0.29231941287962615,
            1.0173468262936751,
            0.024419857066614634,
            0.3638632538074745,
            1.967594728140586,
            -0.8352186986823145,
            0.40020783177559616,
            0.00560643936639636,
            1.108058478950949,
            0.6233077916749935,
            -0.7198217017777548,
            0.24575242271135342,
            0.27071291207711196,
            0.18481460703124228,
            0.8942496209909687,
            0.2563326317835583,
            -0.10145355176479097,
            1.0867487453817943,
            -0.9931762634907104,
            0.3053197299328034,
            2.221548909332232,
            -0.816068003765339,
            0.3429320611374395,
            -1.0754193743024034,
            -0.8808005352176352,
            -0.12267270823924344,
            -1.3928902268065029,
            -0.14020872573371482,
            0.00686051354445957,
            0.2587371158126114,
            1.7338033997623261,
            0.7227428491580343,
            0.03283716585490092,
            0.18963261870673076,
            0.32822484371927746,
            1.801645982720434,
            -0.03765932019366806,
            0.02687613617356832,
            0.3951989261375606,
            -0.3515839573049805,
            0.03420302597614344,
            -0.057007774514760946,
            0.4340648541354275,
            0.0032892145812719684,
            -0.014724028584469412,
            0.319617292884954,
            1.268228155650988,
            0.028432050166305428,
            -0.5803251879500778,
            -0.043260769887184115,
            0.33196096921406765,
            0.05522543180257958,
            0.5352427121114739,
            1.3344164965302552,
            -0.15400549671524255,
            0.18792585029652623,
            0.6417630466695018,
            0.6366023922532692,
            0.09223596760895388,
            1.2639015741359816,
            -0.7708524183256252,
            -0.998256115941172,
            -0.020408126885685843,
            0.5026036350303593,
            1.5413317977157073,
            0.027600450301441856,
            -0.5905497146513378,
            -0.02298389030727036,
            0.07911946167333123,
            1.7680685568826804,
            -1.283380021381487,
            0.03149356865794169,
            -0.043984413197317884,
            -1.3308933369948468,
            -0.18802535190056532,
            -0.1974210968190271,
            0.36508615992221133,
            -0.6441143346545755,
            2.2084698113290036,
            0.5789544406235524,
            1.3175679211089613,
            0.4732912617944105,
            0.04938831060920338,
            0.1922830967076644
        ],
        [
            0.047238585496229384,
            -1.2397099766707012,
            -0.5364183539942775,
            -0.4624276204234864,
            -1.0943660580665264,
            1.9903591725852245,
            0.2367950262094647,
            -0.5012472855347327,
            -0.19022463069400164,
            -0.39505815132880484,
            1.3264782258542525,
            -0.5160132777666316,
            0.3682506524356917,
            -0.9705073046771141,
            1.378369631953233,
            -0.3189075297341653,
            -0.32967719107446264,
            -1.2472638075425548,
            -0.0008535273106578236,
            -0.44070861703255854,
            -0.582893613877914,
            1.3362355285221883,
            -0.09287776888806866,
            -0.09842698204051334,
            -1.174183519702106,
            -1.2361766315504195,
            -0.2909147271156081,
            -0.06026090953428435,
            0.040089644777426464,
            0.43862036303648494,
            -0.77348236001406,
            -0.28016730661539835,
            0.14237501625885204,
            -1.4582388860358169,
            -0.8942314229799045,
            -0.40541239351633496,
            -0.9751593287557191,
            2.242654191121843,
            1.1192428591788643,
            -0.2974501059927184,
            2.0402468756955314,
            0.26575710170885375,
            -0.4119299367331106,
            0.6065301798853215,
            -0.08257515202166171,
            -0.26750745415204097,
            -0.8856472071946201,
            -1.1956693778684668,
            -0.04759685569243926,
            0.2561504204886613,
            0.13246958282197527,
            -0.5227922669718775,
            0.11529328007189735,
            -0.06797599235224783,
            -0.47298240672700703,
            -0.6014991736913541,
            0.2854942155874624,
            -0.3654787867042376,
            -0.4458026811494209,
            0.015046151310534906,
            -0.5442286336460533,
            0.2825637598178289,
            -0.18448241278262123,
            -0.06930239405709464,
            1.9586724555570214,
            0.03869142945005987,
            -0.768893954233437,
            -0.38550302639993095,
            -0.11962130498430393,
            -0.8821247393776208,
            0.5293296581629716,
            -0.3794665440931779,
            -0.6616038360952419,
            -0.3363111457925777,
            -1.131773493548719,
            -0.20629789140477067,
            -0.47688476443845773,
            2.0487063264295684,
            -0.8496781666499594,
            -0.44648530405359876,
            -0.4453950954959831,
            -0.05531911187919745,
            -0.18201403942334002,
            -0.046913246586044434,
            0.4608180455536481,
            -0.8633313873114474,
            1.2826336623152734,
            0.8690513255710588,
            -0.4892099838915086,
            -0.25688005275745335,
            0.36085803456129306,
            -0.2776507909263256,
            0.47599765130381777,
            1.3021866662672597,
            -0.9146215461442134,
            0.36605160187859326,
            -0.21131459678326975,
            0.571371094161328,
            -0.2978100641951172,
            0.06465149010533133
        ],
        [
            1.0079699852800186,
            1.340193134263853,
            -0.26631546713307336,
            -0.3090827340675899,
            1.6982000083755135,
            0.2367950262094647,
            2.0827844093254457,
            0.3947537225440951,
            1.033949211546908,
            1.691073338563761,
            0.141063307134331,
            -0.3011030745307253,
            0.49473711785457514,
            -0.3337751867089333,
            0.789824191930342,
            1.475701979946412,
            -0.2830395840603221,
            0.3611356215183927,
            0.014230109422504526,
            0.3780699539638195,
            1.9630759557391617,
            0.14963307127372938,
            0.5749138712972872,
            -0.0874128130658385,
            0.3909587557223429,
            -0.15596112135515705,
            -0.783654798123786,
            0.19318000038422256,
            0.6437614446786495,
            0.6298210441566834,
            0.23927974426774262,
            -0.006638972283936555,
            0.047680345681032923,
            0.30029550244061115,
            -1.6566393282908818,
            0.07909525180856902,
            1.9710839842198724,
            0.7530698779036922,
            1.175376079834529,
            -1.3476019538974375,
            0.5375455147363748,
            0.001450947831781322,
            -1.7503501271514335,
            0.2792057024812755,
            -0.07555962343519777,
            0.007215515981847749,
            1.3336727275055456,
            -0.052426705913513366,
            -0.008856725918585284,
            0.238064436943882,
            0.5301845555895596,
            1.8432633194068417,
            0.0337976712449029,
            -0.03085835745774723,
            -0.0817748136707218,
            -0.8540002852945451,
            0.16849840220922205,
            -0.3003675882834472,
            0.4193403968205314,
            0.017644292889619564,
            -0.12568864189744655,
            0.8755493301939898,
            1.2252901867560881,
            -0.03071386958135676,
            0.8899465782652174,
            -0.08577043243196639,
            -0.23474314901897345,
            -0.2903205085443941,
            0.5119560234632968,
            0.9492109824041132,
            0.14573310081966484,
            -0.18301282689555357,
            0.26133564498781386,
            0.8401082478193157,
            -0.6402330134032099,
            1.2541411137353387,
            -1.0553871338274419,
            0.396024430440314,
            -0.5826072384221296,
            0.4929471452662954,
            1.4853409320381608,
            -0.019084233748383094,
            -0.49265085617727844,
            -0.0649594234800426,
            0.6605403737714416,
            1.407644563302646,
            -0.480190535154448,
            0.8942053754006403,
            -0.43476116029306966,
            -1.4413289283720554,
            -0.02598553143014657,
            -0.115803473838969,
            0.765288151313518,
            0.24522239675092844,
            1.8312941531914806,
            1.0225507180348277,
            1.5595517405319308,
            0.9175314875939744,
            -0.16316110189435978,
            0.22562825985602883
        ],
        [
            0.21897549558724633,
            1.2450819230961463,
            1.1834576479814714,
            1.293782734861212,
            0.37375015122731964,
            -0.5012472855347327,
            0.3947537225440951,
            2.709281568244648,
            1.4085561011378287,
            2.063044631987385,
            0.451349175477312,
            2.3947684078817764,
            2.8126004514905545,
            0.9561712146545546,
            -0.6751343149293882,
            1.6056079653329185,
            2.4469365703662653,
            1.4115444736329734,
            -0.16236671159465388,
            2.4478103980819146,
            1.9866219438011765,
            0.24279941741430688,
            1.577526374193708,
            -0.09581136038146362,
            0.39529668081114444,
            0.6990590057578778,
            1.561442731060074,
            -0.20890521698207634,
            2.1237229318061828,
            0.6725338948334615,
            -0.8119897759190693,
            -0.4407784538308988,
            0.4207473989114613,
            1.2247379854759135,
            0.2674697318842176,
            -0.05342630921435698,
            2.004786216726859,
            -0.22553918419712154,
            -0.15129184163956919,
            0.19183332184326876,
            -0.06866791374152807,
            -0.4083667700896918,
            0.42564317297945203,
            -0.23649929371334358,
            -0.10895622829626728,
            -0.5028203830601727,
            0.968010777689416,
            0.12739618475261544,
            -0.03777046084646628,
            -1.0456576928361645,
            0.20814171296912576,
            2.1298407599496088,
            -0.0617938286740444,
            -0.05542170238364446,
            -0.9430460206609,
            -0.3894663049273024,
            -0.5033282900777163,
            0.31338281834195697,
            2.2306528161925487,
            0.0286103674117573,
            2.187508777639904,
            2.1321187617417845,
            -0.13679088612098578,
            -0.05985755151059344,
            0.48251109953027344,
            -0.4231995353701352,
            -0.0904038121774598,
            -0.2658605791809529,
            0.1382318593573428,
            0.9800115290117845,
            -0.5476466123639546,
            -0.5714692449558035,
            0.5511936149433952,
            3.201559745249965,
            0.49839145335946705,
            0.4915225597980327,
            1.1914196565108301,
            -0.5224421213120978,
            0.8082700953921189,
            1.8982807443890568,
            1.1402123717083512,
            -0.004231797587802141,
            1.7836219909773936,
            -0.0012690227421352674,
            1.5834510743181438,
            0.8416654635841376,
            -0.7859051377166254,
            1.499236243678408,
            -0.1484341555213122,
            1.2681350444750952,
            -0.5911357936465195,
            1.7816762022456498,
            0.3944985495461308,
            -0.09871809700336442,
            0.8277031599112914,
            0.7654080640648913,
            2.2146231620207417,
            -0.04223888233147315,
            -0.030749390120055443,
            -0.218183590351964
        ],
        [
            0.7699082518885265,
            0.8337531224449611,
            0.5357903111561955,
            0.5179823396392088,
            0.9211606325939246,
            -0.19022463069400164,
            1.033949211546908,
            1.4085561011378287,
            1.302730295014842,
            1.7419389859825942,
            0.38867111119520387,
            1.0174009545793306,
            1.5987804965947514,
            0.38996523570365327,
            -0.4396874543002531,
            1.4792517916274999,
            1.1916928454962556,
            0.3938634748281906,
            -0.17412690218563062,
            1.4953870100073983,
            1.7394705924806502,
            -0.14325501206615623,
            1.1421696460585522,
            -0.017634782509772264,
            -0.04621357310846842,
            -0.29050694623370704,
            0.4191744697815254,
            -0.060622832796237425,
            1.3775432116471258,
            0.44052339403294544,
            -0.0033225922269328116,
            0.0006021854304928548,
            0.08828371293289433,
            0.24089955066458313,
            -0.7969476082635789,
            -0.4010157803596241,
            1.6140433402462102,
            0.16107387436509293,
            0.5094380655712942,
            -0.6505501143001052,
            0.1116692004815959,
            -0.09041957187596569,
            -0.7245141933463097,
            -0.06507369427802676,
            -0.020302820610377054,
            -0.08188126546700779,
            1.308326484047555,
            -0.2741920331039266,
            -0.008363211874670432,
            -0.3130491574434988,
            0.15206975825425595,
            1.9507946043529771,
            0.012103289128764759,
            -0.021482724123409232,
            -0.03380297749767993,
            -0.6621369613708299,
            0.08680641764063493,
            0.02833372517001433,
            1.4199410899820535,
            0.02916080916103822,
            0.890416676148539,
            1.1821593952606821,
            0.5787836059724886,
            -0.021214458913396142,
            0.6454025073999445,
            -0.014790367019734818,
            -0.022179786513858143,
            0.002041622352162689,
            0.38597789122248316,
            0.7047738435652142,
            0.019242381045807735,
            -0.07242651728307202,
            0.265500737014256,
            2.038301238433465,
            -0.5761029819609267,
            1.3465799307630189,
            0.08776536608437305,
            -0.4202964627520791,
            -0.029010612642130708,
            1.1581053904810117,
            1.0692281530244447,
            0.032088447941641424,
            0.6217181926888129,
            0.019348209133740524,
            0.8865897884269446,
            0.7686535097982952,
            -0.8477832857795904,
            0.9762534488482189,
            -0.1843455464613605,
            -0.17999138083486974,
            -0.14515010804767287,
            0.7401241752753518,
            0.49649958000293054,
            0.48513687348435375,
            0.8758591780037785,
            0.5649056258970488,
            1.9358000769128936,
            0.389704485066366,
            -0.07972684836690153,
            0.05910150514609067
        ],
        [
            0.9221478282199334,
            1.7677754309382216,
            0.6908327668326084,
            0.7043541205292527,
            1.5730857424378508,
            -0.39505815132880484,
            1.691073338563761,
            2.063044631987385,
            1.7419389859825942,
            2.5946911345804087,
            0.2740412390691254,
            1.35277661244492,
            2.1497657849641327,
            0.5161417274869612,
            -0.20303600272098832,
            2.1560626615545315,
            1.4310036250287,
            1.0860617167513398,
            -0.13328534332017986,
            1.9638886092617278,
            2.7085501972369213,
            -0.01199238670406317,
            1.5089133525963105,
            -0.08962028446224998,
            0.4743526057829594,
            0.1927250127834688,
            0.5026824804468177,
            -0.015120107837885102,
            1.9192225582885258,
            0.7723967432335948,
            -0.19074630994982278,
            -0.1739913197524811,
            0.2169019370040502,
            0.9889458606721875,
            -0.9354185476023089,
            -0.06312976861448376,
            2.7304863826573254,
            0.10486476634429519,
            0.6322723823004353,
            -0.8566588759250108,
            0.039826997486663955,
            -0.2526680294947228,
            -0.9891301597864539,
            -0.04511025824077646,
            -0.09168469293947906,
            -0.2218336610042997,
            1.7833391884905063,
            0.0714950944080796,
            -0.023982883123141625,
            -0.5207207684873483,
            0.4706058486048102,
            2.8032073316887107,
            -0.019372105744261958,
            -0.04356056416843784,
            -0.431121892871818,
            -0.8063107072383988,
            -0.1291460716669861,
            0.024504101173172366,
            1.8554519734952444,
            0.03202383431713623,
            1.342960577811392,
            1.9061515011085992,
            0.864076434707937,
            -0.0449584181391085,
            0.7334850650076333,
            -0.24083009508611078,
            -0.09050364178701875,
            -0.2433327672745621,
            0.5177467708902772,
            1.355092097412022,
            -0.21196633112488283,
            -0.3537653539266796,
            0.5387401229933012,
            2.7423345105681807,
            -0.22638221019779584,
            1.4777256990866896,
            0.034146228130811876,
            -0.42912085570161057,
            0.07555189771004599,
            1.6839882330181954,
            1.770415176274974,
            0.0015109243984625829,
            0.8797064502900176,
            -0.02393573250309951,
            1.3902615435107244,
            1.5431779267687653,
            -1.042617755897457,
            1.4598943159124582,
            -0.31535817344897865,
            -0.2190905296187789,
            -0.38267146416391845,
            1.1634676640090464,
            0.680976447849089,
            0.16215080810350394,
            1.78568858430769,
            1.0824954602536625,
            2.6538630193528996,
            0.5433798184437321,
            -0.08687414228596523,
            0.04169749835968083
        ],
        [
            0.3487649457733828,
            -0.9389160620129561,
            -0.06233532876537981,
            -0.01361905562514254,
            -0.8182676481886659,
            1.3264782258542525,
            0.141063307134331,
            0.451349175477312,
            0.38867111119520387,
            0.2740412390691254,
            1.3505906869559898,
            0.6211283734433923,
            1.2027574425778649,
            -0.3487619498335553,
            0.42035816469232856,
            0.23624498112452016,
            0.9140607638987227,
            -0.6123261271918465,
            -0.14699787717056406,
            0.5750227098371978,
            0.11618828558855364,
            0.8601626919846934,
            0.4497921088822914,
            -0.03887872842573591,
            -0.9707348373204872,
            -0.8191534773300827,
            0.27098815945451477,
            -0.12703398980493133,
            0.448766318916642,
            0.4168695679841178,
            -0.4927498515727365,
            -0.19707821184713814,
            0.25277216626857696,
            -1.1760470417786564,
            -0.9651239116642775,
            -0.8330550264225354,
            -0.3756827666721443,
            1.6691163641693092,
            0.8758744129085504,
            -0.2603479180862471,
            1.6742124409349928,
            0.16188415022282276,
            -0.23051026147716122,
            0.2960460249095937,
            -0.034583902294096,
            -0.2923973143592153,
            -0.26063407241904535,
            -1.229637709372625,
            -0.018016603928430623,
            0.0058690054326396394,
            -0.22748360398174686,
            0.2801309932900743,
            0.09640642234215618,
            -0.052444464242454886,
            -0.35280735642734545,
            -0.7871747816894633,
            0.20743736684959513,
            -0.11446655089357596,
            0.5161238970057678,
            0.02890829993572322,
            0.2400878163743465,
            0.5954929777554505,
            -0.25145810825213316,
            -0.05473743249930264,
            1.7007122792706575,
            0.021731704442020324,
            -0.5294346534135246,
            -0.12921510186269333,
            -0.0635638810068219,
            -0.6492921504736324,
            0.3377488677911302,
            -0.22033610613576485,
            -0.26195728983783156,
            0.9691859804872582,
            -1.0743027166983097,
            0.27119387939268497,
            0.21246863228419516,
            1.1983311506449075,
            -0.16163617992352017,
            0.05942785173731455,
            -0.009627214112419624,
            0.016553877714922602,
            0.12343870599707436,
            0.010140763943339681,
            0.6763867899476185,
            -0.656363277728119,
            0.27734693012619105,
            1.0218272531397152,
            -0.38185619728092435,
            0.05562457031072032,
            0.20892220565460412,
            -0.13359024639198072,
            0.7434663762390588,
            1.162760076394429,
            -0.6302080384769232,
            0.3076063341270967,
            0.59131027263893,
            0.51852324511186,
            -0.3037523830037465,
            -0.0010528748714594114
        ],
        [
            0.20911996059280905,
            0.5353101585325007,
            0.9495747846184376,
            1.0365304557347652,
            -0.18757351210151255,
            -0.5160132777666316,
            -0.3011030745307253,
            2.3947684078817764,
            1.0174009545793306,
            1.35277661244492,
            0.6211283734433923,
            2.7418043693349534,
            2.4445717097192134,
            1.0144569509891928,
            -1.025901103013834,
            1.0167382912054215,
            2.8735752565724875,
            1.57185802953935,
            -0.20911030377726758,
            2.203678339959652,
            1.3661487091629478,
            0.11577196952917863,
            1.1723105980211412,
            -0.018498528641635596,
            0.4172437925426081,
            1.207194165099777,
            1.5344648146923392,
            -0.19527514770865526,
            1.153326037547531,
            0.4155210621889398,
            -0.40524329919741525,
            -0.3522713625103884,
            0.5669863823940368,
            0.7567118343106327,
            0.07392963327400638,
            -0.5639856926870329,
            1.1573831708226436,
            -0.23185556015346448,
            -0.31960352026603195,
            0.4422698741221324,
            0.21980626406382575,
            -0.32547469781063054,
            0.8330467554912817,
            -0.3649178752023483,
            -0.03821902373329748,
            -0.5093804152374969,
            0.5018749215806987,
            -0.18850097488604634,
            0.012872929896851269,
            -0.8057651367839498,
            -0.49436785587701765,
            1.4094163207906367,
            -0.04098958829216276,
            -0.032549264575179156,
            -0.7919035306519387,
            -0.4675299054549508,
            -0.5157785854303412,
            0.4652125533802709,
            2.015301852948402,
            0.029198306317288748,
            2.052946055868724,
            1.4267591119728766,
            -0.6387839768721062,
            -0.03937101232675782,
            0.31781885172216273,
            -0.4012316581027561,
            -0.013728674690952819,
            -0.0027865687578507467,
            -0.13282812479483713,
            0.3530878211037271,
            -0.5920206907226765,
            -0.328795271136119,
            0.7425764329212237,
            2.974116328696605,
            0.5286207336209575,
            0.022983595312790612,
            1.7176771145426526,
            -0.5263951940367918,
            1.537559918652986,
            1.1556200238637702,
            0.8472337498065352,
            0.06856209036112403,
            1.0959261301010164,
            0.04368089388463313,
            1.1374981050088422,
            0.27990795784862504,
            -1.2174978115874246,
            1.1009587579577784,
            -0.06661056802288505,
            1.3163324804457508,
            -0.4777977775832778,
            0.7038357064612815,
            0.7657012026631809,
            -0.2982424770975113,
            0.4250662288757207,
            0.3736031001904638,
            1.5424868696387044,
            -0.033692103066082356,
            -0.13940023150260702,
            -0.2871979061056957
        ],
        [
            0.3476033122432725,
            0.6127847291024087,
            1.173097018828167,
            1.3099870386847186,
            -0.14169300344442856,
            0.3682506524356917,
            0.49473711785457514,
            2.8126004514905545,
            1.5987804965947514,
            2.1497657849641327,
            1.2027574425778649,
            2.4445717097192134,
