{
    "pos": [
        [
            2.947316501874687,
            1.1145759753922233,
            0.694689751086598,
            0.3084203753596283,
            1.521866314396231,
            -0.5121845193060667,
            1.465907411163108,
            2.583451329790039,
            1.7105853573286272,
            2.2287802997630703,
            0.8588428250269058,
            2.6573470589932136,
            -0.7022023457063885,
            3.021303827946113,
            0.27137415587345565,
            -0.05382562803126383,
            1.80789241459112,
            1.5966503618317083,
            -0.8389427293182483,
            -0.29143288178531734,
            2.782221289027524,
            -1.1026602597646198,
            -0.061335836257677606,
            -1.5636245957407038,
            2.360142553301659,
            3.3930743449068252,
            3.1052267177246144,
            -0.3072895890474113,
            0.8309049048231005,
            -0.7551641867885379,
            3.0370723981623016,
            -0.9853374096265638,
            2.95851444371376,
            2.4190157304942677,
            2.3518698832835616,
            2.482687400112436,
            2.562129255593876,
            1.5050969986089175,
            1.0168859225508002,
            0.7644517433412209,
            -0.6256345261932392,
            0.31883237044679613,
            0.5126406684319097,
            -0.15745382266231478,
            -1.4788442855062682,
            -0.16099755783406516,
            1.6214440728144706,
            1.672114526582062,
            0.18619114403017592,
            0.5277368459223648,
            2.141787232040121,
            0.3568878750656463,
            -1.2288813141407147,
            -0.7277824825820525,
            -0.2849883966125627,
            1.0065086513392547,
            1.999507268218746,
            0.04191238373798445,
            1.981355898271106,
            -0.903210679223307,
            2.790699031885896,
            0.7404676210153696,
            1.5253847293914147,
            -0.6454266719631855,
            -1.342365612470231,
            -0.4228992915703258,
            -0.2853174415107542,
            -1.0112335899278828,
            0.7347165095940928,
            3.0688590153063657,
            0.6176015517982238,
            -0.7136719214523457,
            -0.18080350981367915,
            2.7871219410627988,
            2.180910193752879,
            1.4177720032771053,
            0.26221090171491795,
            -0.20205691343006174,
            1.6655855908529948,
            1.2219368156404027,
            0.052985122785785245,
            -1.314715187179839,
            2.884271880059655,
            -1.3020877934666077,
            0.22450630446080827,
            2.1457733351631574,
            -0.16176913711958615,
            -1.1861949974784498,
            -0.618509876390009,
            1.4335324572264998,
            0.48565467698109144,
            2.2670734930120706,
            -0.5368057805005452,
            0.9139318500704463,
            0.990424938337249,
            0.4531331814012507,
            0.9093308438619894,
            1.2926273059539783,
            -1.137282923820908,
            -0.5444889853597659
        ],
        [
            1.1145759753922233,
            0.4732821476176115,
            0.17868299851189876,
            0.04074769245670798,
            0.7601099101811207,
            -0.155053140656468,
            0.6150081351288742,
            0.9297909943899877,
            0.6547316418887278,
            0.8337234819619527,
            0.28963833125861926,
            1.0680561362222742,
            -0.12766367695006056,
            1.1579504956037983,
            0.36105321923142925,
            -0.09457829298250886,
            0.6852545580651273,
            0.7204499262012767,
            -0.28701751937907627,
            -0.024948188612397046,
            0.9956993159561544,
            -0.21095516770640793,
            0.011217548608761025,
            -0.5933121006659073,
            1.0184176312404336,
            1.3194623437229471,
            1.1710426055299048,
            -0.11059690825260443,
            0.36899620089037133,
            -0.18235517289967088,
            1.1759843026293086,
            -0.5395283751929943,
            1.162296550056483,
            0.9173451888282034,
            0.90236152639753,
            0.9876527632115906,
            1.0485110156605242,
            0.7414453116858541,
            0.5078821473589804,
            -0.041599114781498046,
            -0.16703537289564727,
            0.09768290491707833,
            -0.10806627026959754,
            -0.06074584605361212,
            -0.5466954386639847,
            -0.07683296852717186,
            0.6004401700719484,
            0.6786007206411497,
            0.07535251089901414,
            0.16781910857343663,
            0.7852295403911412,
            0.2539110851815696,
            -0.4629229664873993,
            -0.36223856333997684,
            -0.18028980324856983,
            0.31536563787104843,
            0.7945631671206498,
            -0.06971225638788874,
            0.9056983488687383,
            -0.34338673687782373,
            1.1570334410331753,
            0.2795557840050828,
            0.7002391765728634,
            -0.32698449439168575,
            -0.5547373890949613,
            -0.21325736518318392,
            -0.09868041934106124,
            -0.5759769188901849,
            0.3741359274585463,
            1.2261091594856852,
            0.29316910690277215,
            -0.3970171304873194,
            -0.15506499607540092,
            1.126117200039236,
            0.8171668012334721,
            0.5611354847827392,
            -0.04929364796707159,
            0.10442798585757303,
            0.4877462147330951,
            0.5415123152676243,
            0.11048111524302713,
            -0.5176246688303804,
            1.0872115238103601,
            -0.5774568964527692,
            0.21528163916913298,
            0.8740099900227503,
            0.07366703754426056,
            -0.22806217511681892,
            -0.355116788508537,
            0.7608615694727052,
            0.18060408377426584,
            0.8101298844907611,
            -0.37990791138433355,
            0.370144241634654,
            0.14019529052294838,
            0.288270479248547,
            0.3969407827180548,
            0.5458451945427755,
            -0.6154589970860295,
            -0.22894471908037645
        ],
        [
            0.694689751086598,
            0.17868299851189876,
            0.7166528210095384,
            0.6264091753342435,
            0.43369129798049344,
            -0.03395951561296941,
            0.47537855685369124,
            0.7404371241470944,
            0.11975218208732724,
            0.6510709142003384,
            0.7889319042030476,
            0.3252905356509424,
            -0.4045832587956879,
            0.4898268283300866,
            -0.008524425284621565,
            0.0027644111843793313,
            0.3640427755475735,
            0.18422178266874842,
            -0.5415259656117669,
            -0.12800416241239093,
            0.30820018363333407,
            -0.453410203911341,
            -0.10377200948898624,
            -0.7878193248790453,
            0.18276632572681567,
            0.38888218886206655,
            0.36974733498517404,
            -0.08020323133375107,
            0.11840973508396978,
            -0.20741098692010385,
            0.3699295642010126,
            -0.1133646572459553,
            0.542692905958747,
            0.34977777647359487,
            0.8145404545909033,
            0.5951700257146041,
            0.4844202621124025,
            0.21518963434285532,
            0.2150681015147734,
            0.8877810080304933,
            -0.16350723138515197,
            0.08827491452542427,
            0.9846628346029651,
            -0.022235883489745745,
            -0.779186421847283,
            -0.015352083344675027,
            0.12387409091189956,
            0.20708323999572717,
            -0.10752377189695339,
            0.21766503899229359,
            0.25560158831739094,
            -0.08661709443362328,
            -0.7884403271465262,
            -0.21086605083435273,
            0.1307847353157564,
            -0.11096539563411278,
            0.41294617443588316,
            0.11490551103052359,
            0.23991087399991315,
            -0.7000039540102696,
            0.33107246460609896,
            -0.6029110716617082,
            0.4581385555446059,
            -0.17189337255526282,
            0.3225413578888687,
            -0.17142205232849272,
            -0.1525520593022897,
            -0.18700060382310021,
            0.056539557013157694,
            0.3989884839158189,
            0.07202330282311675,
            0.23079197713736385,
            0.46139476399048346,
            0.26721908961715146,
            0.20815979842262952,
            0.2332142612539134,
            0.0036725899773782525,
            -0.0882171600120882,
            0.4494078406112161,
            0.21377124856060203,
            -0.13653750397635736,
            -0.8971999005457478,
            0.40028809056098524,
            -0.5972246714744089,
            -0.23140240032110937,
            0.324822348385817,
            0.0423157834723583,
            -0.45936724323344325,
            -0.1195988699272438,
            0.14149361715167474,
            0.1126028594827834,
            0.4587294675616332,
            0.005026859990021499,
            0.07851919395643756,
            0.7030526133912882,
            0.2600839282590734,
            0.026245120990339207,
            -0.2307276376604196,
            0.10218995402869863,
            -0.37705970812163003
        ],
        [
            0.3084203753596283,
            0.04074769245670798,
            0.6264091753342435,
            0.6875113226837035,
            0.07068370331097397,
            0.2103237149655358,
            0.1159800819426104,
            0.13717616109059577,
            -0.03705589511994141,
            0.5279133299689357,
            0.6356869752877707,
            0.02625894105698372,
            -0.04791195049280631,
            -0.06890994375874908,
            0.21454092813281678,
            0.18587747732714963,
            0.026483803535155004,
            -0.05582947560244233,
            -0.4347244444759617,
            0.1470255906044388,
            -0.03151796900443446,
            0.0034097949759158844,
            0.028300911415359727,
            -0.6432748733916789,
            -0.2870790343864174,
            0.1404113706371876,
            0.19013069732042623,
            -0.08905495955093934,
            -0.17897326660534832,
            0.3076328620795665,
            -0.0026122854972636268,
            -0.023736185870464895,
            0.30458261701445205,
            -0.24505387232102283,
            0.2300007398581948,
            0.38793586054144963,
            0.42062356130204703,
            0.02266853938530146,
            -0.11508681267696451,
            0.6637042579870217,
            0.015035130945451372,
            -0.07936541233883776,
            0.7321107349722813,
            -0.041543033453474494,
            -0.6244369143859227,
            -0.011812242568396582,
            -0.09444638965512012,
            -0.15667465390504492,
            -0.16030657002586768,
            0.2525489112073424,
            -0.03673935854848417,
            -0.0020523415132963903,
            -0.674748260781172,
            -0.1440818935321227,
            0.15613158486901385,
            -0.5185533843763662,
            0.30496123980347084,
            0.1257664166007942,
            -0.4687545549481052,
            -0.6028470981600637,
            -0.2327567705181206,
            -0.734427096956986,
            0.037093686921669165,
            -0.11440095051061848,
            0.7944849342531961,
            -0.1889286998644536,
            -0.1438838689592049,
            -0.14722697433210197,
            -0.1509785844213702,
            0.2580303404672067,
            -0.17022062117453393,
            0.2875972784971496,
            0.35798601521054024,
            -0.28499295945364267,
            -0.1353345412755211,
            0.17233196864373335,
            -0.1270934553211697,
            0.2923980429601341,
            0.5098198559268369,
            0.05077951940832551,
            0.11374639620457408,
            -0.786096835533008,
            0.2739277922657254,
            -0.4532338223515351,
            -0.07103754254633943,
            0.3615302084645066,
            0.17074236899588874,
            -0.39858504119289634,
            -0.09677356054401438,
            -0.3394728515867013,
            -0.12437381328969006,
            0.3602943949721676,
            0.0634132143856077,
            -0.28211860775848463,
            0.6645798021269425,
            0.17924968719975654,
            -0.08489204513146947,
            -0.48933437495351956,
            0.2217723379068488,
            -0.233825614246671
        ],
        [
            1.521866314396231,
            0.7601099101811207,
            0.43369129798049344,
            0.07068370331097397,
            2.2778185994469085,
            -0.5655748930859061,
            1.4002187092488925,
            1.6183594831484172,
            0.5075219491522266,
            0.8055341973419644,
            0.6640989167172769,
            1.395174895743635,
            -0.5160944592202369,
            1.6739293233020385,
            0.7268851414093117,
            -0.7388672801840253,
            1.100413369274022,
            1.2040775464511073,
            -0.5072586133590351,
            -0.08405515501511679,
            0.9098531132727121,
            -0.5242059043227013,
            -0.15861229340257704,
            -1.04992362045985,
            1.8229181526394556,
            1.2275189143688112,
            0.9521965603982576,
            0.02958315996309968,
            0.9304203615157891,
            -0.7723193405954532,
            1.476759076721904,
            -1.2601769917218126,
            1.2400950760353981,
            1.5401858753775535,
            1.9117147445617382,
            1.2792321315958637,
            1.1431943354624046,
            1.2781832843989942,
            1.4504078783448646,
            -0.4881505711174554,
            -0.3507209210352129,
            0.2615855709908205,
            -0.19126338634961706,
            -0.02791298506287276,
            -0.9940613679712182,
            -0.0895916515314665,
            0.4310188371624338,
            1.2748714668307344,
            0.019666322420849744,
            -0.02680674546021656,
            0.67646929657376,
            0.48561464285302514,
            -0.976797691634552,
            -0.8485459026693747,
            -0.32913102837342256,
            0.4954619296572822,
            0.8898973120656852,
            -0.37990367430678673,
            2.3344546988151134,
            -0.9387275714197421,
            1.9766494766380216,
            -0.442162179875097,
            2.0071322762633197,
            -0.7662859313119932,
            -1.0112941167972862,
            -0.38491930944070674,
            -0.13329633797974036,
            -1.3271987535892968,
            1.293891719446595,
            1.1908646912548961,
            0.8708596879596581,
            -0.537639070584236,
            0.3617486154552456,
            1.7662410446275236,
            0.942622133592799,
            0.6465187709065663,
            -0.396519116749898,
            -0.13779977069245813,
            -0.19519087168722873,
            0.9547596749873342,
            -0.16124415398888084,
            -1.2414515143451061,
            0.8655204568389598,
            -1.3804998673691102,
            0.0014130473632698473,
            0.784652520567231,
            0.40526907298012527,
            0.8397590880189375,
            -0.8792937922678036,
            2.279629060822721,
            0.5121714650793957,
            0.5031969146344467,
            -0.9703630866754418,
            0.7626759269482644,
            -0.5178741181309893,
            1.0134320534370955,
            0.40040724262914296,
            0.4755903846671897,
            -1.2049015997583634,
            -0.8200871293827601
        ],
        [
            -0.5121845193060667,
            -0.155053140656468,
            -0.03395951561296941,
            0.2103237149655358,
            -0.5655748930859061,
            1.176917953608465,
            0.0724319987510219,
            -0.4739689038017694,
            -0.2483533059926144,
            0.13819856429325755,
            0.6870393595803627,
            -0.6369132369373779,
            1.0294289558914687,
            -0.557382854035026,
            1.3096829127455993,
            0.09657003060828792,
            -0.531613623211065,
            0.15559969559841044,
            -0.2109436340712116,
            0.039649911672312244,
            -1.1408707370764881,
            1.6364588162898368,
            0.13406392517250873,
            -0.11499470399117684,
            -0.49756561943930067,
            -0.6091814202296071,
            -0.8695897841039614,
            -0.22691811504035342,
            -0.07045579388900111,
            1.0961502672847532,
            -1.0277677303959452,
            0.09537989219657443,
            -0.06078883035071663,
            -0.6801436203830744,
            -0.1515620743689588,
            -0.07492579596762954,
            -0.15389074254541568,
            0.8079260807746075,
            0.026284423909111527,
            -0.38844213666728006,
            0.942793573907482,
            -0.1209884249694164,
            -0.3442391463609782,
            0.08192752226147958,
            -0.04439041399794616,
            -0.08117084505499682,
            -0.06927428283373026,
            -0.672343616783353,
            -0.07132566534984851,
            0.08191956108709197,
            -0.24622060469027685,
            -0.06098675769354422,
            -0.11939810683595974,
            0.04120617081016157,
            0.02671768540173851,
            -1.1174636262943674,
            -0.14378902135058869,
            -0.024823024582923032,
            -0.20882916845123856,
            0.08192058425548984,
            -0.4556485582970135,
            0.02355543618313968,
            -0.4597846031828528,
            0.0347166276552861,
            1.0874866587501626,
            -0.2591275274077291,
            0.026556873330267884,
            -0.18494237036169187,
            -1.1162064776665799,
            -0.4587812697429029,
            -0.22551516185471027,
            -0.13941499802842977,
            -0.6754513158244446,
            -0.6017666548905856,
            -0.6856238829513415,
            -0.4707528434457395,
            -0.7991519181912886,
            1.5795977247490633,
            -0.7165291688762361,
            -0.02279389052129349,
            0.4813259685394935,
            -0.04347108119000837,
            -0.7633153700938815,
            0.06709203092331022,
            0.8213288553603825,
            -0.37081405296879044,
            0.6916297917194584,
            -0.5090624332224812,
            0.039211749019692405,
            -0.35678084265676474,
            -0.1267079860459057,
            -0.3690223149753827,
            -0.442692242095778,
            0.08573835803253378,
            -0.057702677861218146,
            0.21052504729411342,
            0.35846795738071796,
            0.05758810107981321,
            0.15876394001605515,
            0.19124892042815958
        ],
        [
            1.465907411163108,
            0.6150081351288742,
            0.47537855685369124,
            0.1159800819426104,
            1.4002187092488925,
            0.0724319987510219,
            1.6263484828034809,
            2.0408869736804016,
            0.5811491100282928,
            0.9972674785582871,
            1.3086730524004917,
            1.0411309809493832,
            -0.36856703559592496,
            1.9135779056458013,
            0.7291318190579337,
            -0.6263207882045331,
            1.030703559639243,
            1.3215769949024192,
            -0.7412317507589974,
            -0.7452121580888202,
            0.6085518195496193,
            -0.19690274035675315,
            -0.29569616842106866,
            -1.0359376490806524,
            1.674902815933126,
            0.9779317574817039,
            0.4717654585505427,
            -0.19316224344835192,
            1.1043964456740223,
            -0.792853079712773,
            0.9933082383904557,
            -0.6716287791946232,
            1.3498331432343305,
            1.7823011861962375,
            2.316807313311008,
            1.2160357543504707,
            0.7451280712410671,
            1.7337354987204563,
            1.4554973077081212,
            0.27354943057132614,
            0.09695243711134513,
            0.45989583939628,
            0.4487944926748759,
            0.08517998644776363,
            -0.9774719198628592,
            -0.12247443873227476,
            0.8475716127639358,
            1.0111359635320338,
            0.09997171226844036,
            0.04876368154190029,
            1.0457983711003163,
            -0.07828063092137118,
            -0.8962951011780108,
            -0.5047449510972576,
            -0.17087751681175004,
            0.4234463215688715,
            0.7137267098326125,
            -0.1509815403202814,
            2.6322915298505722,
            -0.6347583291742738,
            2.060829364666454,
            0.2690636356139763,
            1.5525359708702087,
            -0.44778115147946496,
            -0.7975466599647354,
            -0.3449387178808766,
            -0.0883848726280545,
            -0.7964734220867657,
            0.13476186198666265,
            0.7712855576789709,
            0.7910871765662304,
            -0.4942889261194024,
            -0.1518120073285532,
            1.8447516201264476,
            0.9097015067734502,
            0.1720719052832377,
            -0.39115782958701534,
            0.2100222720385601,
            -0.5476377492339763,
            0.8604918631275318,
            -0.3108780564833902,
            -0.9288626492022714,
            0.3680335192190465,
            -0.9446829374919443,
            0.25559800044537523,
            0.14084721669008776,
            0.3298292968246559,
            -0.4842858561836336,
            -0.3828864735082067,
            1.8380975097800878,
            0.7327008445286659,
            0.4271815720117973,
            -0.8675359905178628,
            1.3472137180133803,
            0.06691674433121815,
            0.7617421011495593,
            0.8090204431561147,
            0.9995962187767102,
            -0.6843347704901139,
            -0.5615852352825093
        ],
        [
            2.583451329790039,
            0.9297909943899877,
            0.7404371241470944,
            0.13717616109059577,
            1.6183594831484172,
            -0.4739689038017694,
            2.0408869736804016,
            3.241870830367041,
            1.2676924879043188,
            1.6648508786014204,
            1.4387993283438574,
            1.9916869962404435,
            -1.1457376549528626,
            3.1947612641572665,
            -0.08643823519120941,
            -0.5763863322846778,
            1.8158916339432452,
            1.6724175891129311,
            -0.9690713826054411,
            -1.177661126838286,
            1.9896967531009775,
            -1.400479134738762,
            -0.4563917849036065,
            -1.3961072031238984,
            2.4897491595289543,
            2.212890194663586,
            1.6971844612321267,
            -0.26084623656231937,
            1.407721505346971,
            -1.6698972429002827,
            2.243414539275993,
            -0.6418950459830689,
            2.2822644556007865,
            2.9570653603955197,
            3.2085289902612333,
            1.9251854704795655,
            1.3753873432488555,
            1.799249598701523,
            1.6299366318102533,
            1.23242179359326,
            -0.45819592753410465,
            0.7109936283324779,
            1.2195021597628832,
            0.039181510476889336,
            -1.3594514848054895,
            -0.1294375836406104,
            1.5644691692167747,
            1.7218995511721933,
            0.23252888266528973,
            0.2162551543931701,
            1.9998504185132875,
            -0.2513764840001965,
            -1.1242256899956347,
            -0.5246141903524847,
            -0.15978421747346158,
            1.3546345784626457,
            1.2873719126207819,
            0.03305315996566638,
            3.311059436989308,
            -0.7789112919930812,
            3.089884117123966,
            0.8290510938616142,
            1.9355356855857666,
            -0.4553388362237402,
            -1.6813997979339916,
            -0.267874096923647,
            -0.17040098427590156,
            -0.6234767935869627,
            0.3924915494994792,
            1.7325716739138786,
            1.00722449610323,
            -0.5397787758893113,
            -0.031064972518746695,
            2.979108750262922,
            1.9320892545932513,
            0.6396488933392125,
            0.2391769410214864,
            -0.6788010280180306,
            0.3105314899496111,
            1.1324807811472628,
            -0.6633160150596646,
            -1.101933235280559,
            1.459505068421573,
            -1.0904488536109243,
            -0.08812681243369683,
            0.6853333067692087,
            -0.23213845125617355,
            -1.2821084535480716,
            -0.2850323144276267,
            2.0843724543777657,
            1.0269506100114885,
            1.3169551032383695,
            -0.6093963959072894,
            1.7878184287964132,
            0.7934133581350499,
            0.5669826456760418,
            1.0244148892035447,
            1.5555751118507863,
            -0.7656143311520021,
            -0.6737659688312443
        ],
        [
            1.7105853573286272,
            0.6547316418887278,
            0.11975218208732724,
            -0.03705589511994141,
            0.5075219491522266,
            -0.2483533059926144,
            0.5811491100282928,
            1.2676924879043188,
            1.2273801241309201,
            1.3508620630297579,
            0.12338855637613239,
            1.7115148390112602,
            -0.18387228205210976,
            1.7691530168604601,
            0.14145515695452068,
            0.16844426129599593,
            1.0124364452751913,
            0.9171433932066452,
            -0.29459383783809984,
            -0.048797248001543864,
            1.9181737665138798,
            -0.4760931007503253,
            0.08066904444745335,
            -0.6711153390477959,
            1.3694029279678182,
            2.3523679082511193,
            2.2116697604568527,
            -0.22026357363547602,
            0.339876314367816,
            -0.20853952950069116,
            1.9775622414855332,
            -0.5024077024144352,
            1.892982855826285,
            1.3440751727767741,
            0.9774569259196513,
            1.47415931845579,
            1.685879357316286,
            0.8060735621952834,
            0.3339863512796156,
            0.2245257058879525,
            -0.34119577246671157,
            0.10798626148340545,
            -0.1039330429789656,
            -0.12825468713442295,
            -0.6127782597685362,
            -0.1064457719774979,
            1.1306406654678314,
            0.9351912519565556,
            0.18444066182453203,
            0.3562124864460683,
            1.4335312241483391,
            0.2903306972424746,
            -0.4162705725183806,
            -0.3238726279843381,
            -0.23092962958859076,
            0.673210763566023,
            1.2747296772223728,
            0.05697224797910319,
            0.8110061635560908,
            -0.20730842902800242,
            1.5884906172565634,
            0.9376601057831713,
            0.5198395420401493,
            -0.2926047092437006,
            -0.9314405573823982,
            -0.19832200607447148,
            -0.1388218493802144,
            -0.4868112435654272,
            0.30171028191249344,
            2.122737914611148,
            0.224304535138887,
            -0.5801796061990382,
            -0.4605140723110678,
            1.6666436664528643,
            1.4344782515892414,
            0.9512516043763594,
            0.2678455514181989,
            0.002076376016341802,
            1.2765662451730673,
            0.6753624214545042,
            0.23105903072425724,
            -0.3906138021378195,
            2.0464393872776045,
            -0.48834945747345043,
            0.337517635710568,
            1.5324599828938943,
            -0.2038619794526042,
            -0.8873331661942849,
            -0.28931044554022817,
            0.5135267090620146,
            0.15942955892419564,
            1.5635349030665115,
            -0.22865576174749438,
            0.42644645641237483,
            0.5773082217821879,
            0.021955022826059864,
            0.6141966726507241,
            0.993675084363386,
            -0.7338117734713412,
            -0.06746556550546544
        ],
        [
            2.2287802997630703,
            0.8337234819619527,
            0.6510709142003384,
            0.5279133299689357,
            0.8055341973419644,
            0.13819856429325755,
            0.9972674785582871,
            1.6648508786014204,
            1.3508620630297579,
            2.0595341403177336,
            0.9305220635876572,
            1.9560949026537067,
            -0.03180572211312789,
            2.048328643991938,
            0.8025997121401311,
            0.22525000619764357,
            1.175353661460371,
            1.2292858472459884,
            -0.795969663726437,
            0.01870158474465391,
            1.920738890940006,
            -0.14113205772114865,
            0.11356076258926817,
            -1.4177067085090844,
            1.4739630976522073,
            2.7303200120128692,
            2.4799838340587312,
            -0.37616462152090163,
            0.39476627369742434,
            0.16430029366948004,
            2.1280939378708745,
            -0.7356768112048914,
            2.512944575492849,
            1.3942902185757236,
            1.5509086608148628,
            2.1051149887252616,
            2.3019653212115228,
            1.373760716743637,
            0.5431604683178042,
            0.5687316538929503,
            -0.14243611824581662,
            0.08225600065634592,
            0.31297456769839616,
            -0.14844050974507247,
            -1.3101702012988454,
            -0.16577021162802227,
            1.2550868006111182,
            0.9397184440830858,
            0.07530204117377681,
            0.5975363964528426,
            1.622005779563052,
            0.3602224214940291,
            -1.1443963841924492,
            -0.5806335884057733,
            -0.18456061326024142,
            0.139334865609034,
            1.7335144198610797,
            0.09177180770401494,
            0.9148584794452588,
            -0.7885853712432345,
            1.8039792195415156,
            0.4694603517220742,
            0.7971802960153266,
            -0.5134895703475968,
            -0.3163963792443547,
            -0.492311127013408,
            -0.27063773981613365,
            -0.900081018513543,
            0.08214760758350094,
            2.589420208268993,
            0.2081999658168001,
            -0.563288859486555,
            -0.40086009324404615,
            1.7753501055294212,
            1.4565160270061661,
            1.1334874226885807,
            -0.08719331528965941,
            0.6472055498216034,
            1.5283949361312428,
            0.9365507739961114,
            0.43751871519827035,
            -1.210075594430758,
            2.3718622678766614,
            -1.0654247330865487,
            0.5633611436352214,
            1.9562752152228513,
            0.15762072705581834,
            -1.3262141184466274,
            -0.5072344759267209,
            0.5949206145170304,
            0.14915960236826833,
            1.9676114137861782,
            -0.4930544804315618,
            0.4495545419068969,
            1.0386252168041175,
            0.37530741985240396,
            0.8052811127954158,
            0.8669846066716462,
            -0.790208263427456,
            -0.3189867902816956
        ],
        [
            0.8588428250269058,
            0.28963833125861926,
            0.7889319042030476,
            0.6356869752877707,
            0.6640989167172769,
            0.6870393595803627,
            1.3086730524004917,
            1.4387993283438574,
            0.12338855637613239,
            0.9305220635876572,
            1.7730753919108768,
            0.21545887087712107,
            -0.0274166477103569,
            1.010946267616945,
            0.9604198198280387,
            -0.3484154106101094,
            0.4701284923559961,
            0.858470145301088,
            -0.9307597582736401,
            -0.6564130037327529,
            -0.2999316702455121,
            0.3864539044676998,
            -0.24338909089871594,
            -1.1309081714870053,
            0.6611883922626317,
            0.1362459865245028,
            -0.3157421983048181,
            -0.27544535500691514,
            0.7026186215997252,
            -0.1425168904545496,
            -0.020424778938397475,
            -0.24012706778178053,
            0.8643699145753351,
            0.8566632967651219,
            1.8474099943653053,
            0.8590644086154026,
            0.3500388579196896,
            1.494670927749068,
            0.9953637451905769,
            0.7691009865672361,
            0.4876983543472518,
            0.31459899583252704,
            1.0027790149544462,
            0.11675100142155775,
            -1.0697639554754241,
            -0.10664227135678524,
            0.4512147028340432,
            0.25914333160580777,
            -0.06634406804613653,
            0.1726321405238131,
            0.5286654577922486,
            -0.3052503106141,
            -1.0823866690930732,
            -0.31562054947838575,
            0.07841698613965103,
            -0.43173147734698203,
            0.4044036944730225,
            0.01759394694002813,
            1.6026647668704748,
            -0.7676297882734255,
            1.0290186044661598,
            -0.30180775802642634,
            0.902335763639162,
            -0.2658895822360637,
            0.4236964373120795,
            -0.3996806592567217,
            -0.11993443249609599,
            -0.502345193590385,
            -0.6338531631273636,
            0.08931472965577866,
            0.38295760389226763,
            -0.07250138354480201,
            -0.05313356364592449,
            0.7733128913136526,
            0.14550375413229505,
            -0.19457698764551393,
            -0.6194146267292645,
            0.7940178834948106,
            -0.6136913385157627,
            0.5269154714867009,
            -0.16216624100380045,
            -1.1084505262491227,
            -0.2845362345687336,
            -0.8079442871739808,
            0.3173808117784369,
            -0.2475538555859207,
            0.5447075220682059,
            -0.9472812987118813,
            -0.15066031606291538,
            0.8904728885626902,
            0.49133186275380486,
            0.13514289321278494,
            -0.6470476284499376,
            0.9533796183881457,
            0.5437212497581457,
            0.6891106253300051,
            0.6300858985024886,
            0.3835130286958126,
            -0.03311184517382369,
            -0.47505755685651024
        ],
        [
            2.6573470589932136,
            1.0680561362222742,
            0.3252905356509424,
            0.02625894105698372,
            1.395174895743635,
            -0.6369132369373779,
            1.0411309809493832,
            1.9916869962404435,
            1.7115148390112602,
            1.9560949026537067,
            0.21545887087712107,
            2.6605479879061757,
            -0.47056745412553147,
            2.6712601771032305,
            0.27265025446436897,
            0.04404306359501041,
            1.624228379808739,
            1.4255987636772776,
            -0.49116783040394374,
            0.054686489557103604,
            2.840847536299471,
            -0.9266985354052064,
            0.08688163844833938,
            -1.18291426076283,
            2.226877042795148,
            3.446912420877364,
            3.2704955327314984,
            -0.23101919131532017,
            0.6056294224904727,
            -0.4922144422196132,
            3.0758961498718853,
            -1.059932294716354,
            2.7633241262536825,
            2.0764412236570617,
            1.6708985229519535,
            2.2715090433364717,
            2.5876744546897936,
            1.1939317497526254,
            0.7482227595375329,
            0.14957800865412804,
            -0.6783928381894637,
            0.16313298812600344,
            -0.18187398053761977,
            -0.2053826484325647,
            -1.0981184199933829,
            -0.14769672507165535,
            1.4838174271973974,
            1.5886108975864752,
            0.2153787288418767,
            0.46666299336918116,
            1.9629163390883766,
            0.5971408573315548,
            -0.8509864583084049,
            -0.698921689936828,
            -0.3877018091737107,
            1.0258607721542494,
            1.9398454585676075,
            -0.03808029771611337,
            1.4911537709042184,
            -0.6193934543906674,
            2.5067938670765963,
            0.8943865021909799,
            1.25854629447242,
            -0.6307282445256395,
            -1.4696792155499858,
            -0.3554769134888838,
            -0.23857289943783738,
            -1.037220980946215,
            0.9716442541562342,
            3.1742278609274077,
            0.5021734289379006,
            -0.8387486440741905,
            -0.32406345878939,
            2.566430255579374,
            2.1220571260066445,
            1.5289854974942503,
            0.3036039920783824,
            -0.18173968616224204,
            1.796707712217523,
            1.120738389043968,
            0.26706104241251266,
            -0.9405694334565539,
            3.041042429687145,
            -1.0905515117270885,
            0.31862170169299703,
            2.3619201175890785,
            -0.1917961947244147,
            -0.7234940122461939,
            -0.6834747028751618,
            1.25656646911564,
            0.27808189582042203,
            2.232410839235463,
            -0.49536846628840137,
            0.5789093714557504,
            0.6080036316326454,
            0.31186703453363523,
            0.7751147318144522,
            1.238477793961598,
            -1.3105530416565676,
            -0.36616821599661864
        ],
        [
            -0.7022023457063885,
            -0.12766367695006056,
            -0.4045832587956879,
            -0.04791195049280631,
            -0.5160944592202369,
            1.0294289558914687,
            -0.36856703559592496,
            -1.1457376549528626,
            -0.18387228205210976,
            -0.03180572211312789,
            -0.0274166477103569,
            -0.47056745412553147,
            1.3557973103036394,
            -0.8997952360479968,
            1.5013239432140777,
            0.2118980854006628,
            -0.6849119003492213,
