{
    "pos": [
        [
            0.7537846772168727,
            0.3644368589616531,
            -0.05328664015570391,
            -0.18376356633932697,
            0.5205632646737857,
            -0.2825813734992216,
            1.036634068784382,
            1.0858126435179085,
            0.3845167452452455,
            0.5000162633001632,
            0.39104661227315163,
            0.8980482099749266,
            0.05670767991802167,
            1.3819744335284199,
            0.8196389728636095,
            -0.37791627381463,
            0.7496981642983631,
            0.3559311220142665,
            -0.20333619596385577,
            -0.18339363846330878,
            0.6977403836221648,
            0.3541058373204405,
            -0.2789272484799552,
            -0.2641247201668623,
            0.3090285076011246,
            0.6781936938138722,
            0.09498341633077727,
            -0.2719237780304218,
            0.9597934886629508,
            -0.5661887952182005,
            0.9335728733000774,
            -0.4962328260741206,
            1.0068543722629837,
            0.3980920630567637,
            0.9941974869035813,
            0.5227114546590069,
            0.26491178109822483,
            1.2292489352815548,
            0.9028277288396747,
            -0.7431229247186033,
            0.6452370947745568,
            0.16209793669702238,
            -0.6905477680130989,
            0.013179566568102012,
            -0.20404779132532094,
            -0.15319282345635074,
            0.41629987621728703,
            0.9554688633116935,
            0.13264837893649944,
            0.023844987527385467,
            0.7966005688501326,
            0.2510389551885656,
            -0.13183943524576916,
            -0.3758857806772885,
            -0.2877487232161545,
            0.45462278758972174,
            0.6184453499794875,
            -0.24520522036532816,
            1.814915730569999,
            -0.04399347596370926,
            1.5952403085300961,
            0.6806166318793933,
            0.6019747790748315,
            -0.356366742030334,
            -0.7859842828601888,
            -0.11001066612151415,
            0.02229453836905419,
            -0.5715003404770754,
            0.3682816229273448,
            0.24715392983551557,
            0.8922000594832894,
            -0.4570309333143195,
            -0.470245305371388,
            0.9027607972450816,
            0.5398512623068022,
            0.1967735022925729,
            -0.3599710763462358,
            0.6280577522170154,
            -0.8712815142308638,
            0.6786864536751473,
            -0.5092254287812686,
            -0.1404036297664292,
            0.078428197794099,
            -0.3052474662849226,
            0.5110267155423788,
            0.06568925237673118,
            0.07151600073524719,
            0.5508261375339482,
            -0.3884786576674594,
            0.9387247683553445,
            0.3113542084542251,
            0.22464099177937097,
            -0.1882514534946462,
            0.73401518075591,
            -0.5470192457808672,
            0.549637008207804,
            0.3264617287728882,
            0.8385819287372426,
            -0.6980998170028584,
            -0.266505620459596
        ],
        [
            0.3644368589616531,
            0.8057383322060787,
            0.35345168631060175,
            0.3915358739546192,
            0.9545116925209838,
            0.5913636376534711,
            0.9556445995329204,
            0.7576618623852789,
            1.0058598093617204,
            1.313272838214035,
            -0.05099558271664751,
            1.4468150356028757,
            1.5715789615948417,
            0.26384618273602145,
            0.4384127281187156,
            1.3061215814567297,
            1.3353541129352853,
            1.0451818987486725,
            0.03290542951634663,
            1.3444123106593813,
            1.4343998214650715,
            1.1758971738728807,
            1.1131824137568338,
            -0.28534056035711397,
            0.6589747510037677,
            0.6211609354640034,
            1.3395677189271822,
            -0.20162326857878712,
            0.7666028344406279,
            0.9220821392837893,
            0.2917069636393861,
            -0.6551055509271426,
            0.19175561746141742,
            1.0635186897202562,
            -0.5663269374702403,
            0.12536502089462537,
            1.489337007804318,
            0.7827418023315784,
            0.5239053825844707,
            -0.04009325509386281,
            0.8521616398343697,
            -0.16418032237914004,
            0.15767677468566477,
            -0.17618220875086074,
            -0.1919340036645826,
            -0.25856305440109767,
            0.8847774047964323,
            -0.019208424260461772,
            -0.006673272458824785,
            -0.2739972619346138,
            0.9203583929293828,
            1.2671859002983459,
            -0.07888301172708227,
            -0.4746828373093751,
            -0.3548277311367818,
            -0.39577112343924814,
            -0.2855570344561538,
            -0.03884212301532844,
            0.4120214491683664,
            -0.06336482907987888,
            0.9576490753300498,
            1.3312728537409775,
            0.6761401604726961,
            -0.4585068423015358,
            0.1894946348534841,
            -0.22745435326323907,
            0.007164667203501051,
            -0.7452839336443392,
            0.2293806247959848,
            0.9930861715788079,
            -0.07091385345584662,
            -0.641713054184087,
            -0.8690874987520089,
            1.6494929076799598,
            0.6299600694157358,
            0.7583722013564111,
            0.46439883057426096,
            0.5728964774740289,
            0.4446111248090007,
            1.4182065439029945,
            0.2005375237786187,
            -0.1455061910612971,
            1.0263169871929956,
            -0.29564530241348486,
            1.2782123683688174,
            1.2671498717772922,
            0.7903477260945184,
            1.1863747483205702,
            -0.4445500501169474,
            0.8795522497169478,
            -0.1874908445994499,
            1.4657331244765137,
            0.1297235862422509,
            0.47864058164055423,
            0.17182216409295917,
            0.7228145206081793,
            1.3450554203272829,
            0.41271030521605623,
            -0.7729843881211487,
            -0.13523681011698024
        ],
        [
            -0.05328664015570391,
            0.35345168631060175,
            0.49904260862319955,
            0.561952462958994,
            0.013177119177035452,
            0.09640524901843334,
            0.35655416117337835,
            0.6463731311408777,
            0.5203039733995726,
            1.1375151520097844,
            0.15642766761130353,
            1.2431345693919815,
            0.9740771772570573,
            -0.10463525422249528,
            -0.1052555086107211,
            1.0466101918469946,
            1.278489636631491,
            0.1801744259632893,
            -0.14018970680563647,
            0.8804972450354999,
            1.3168440369998209,
            0.4079296436856411,
            0.4366771923933944,
            -0.22158870742269265,
            -0.5853718031257068,
            0.23444300369980578,
            0.4822544734230249,
            -0.31670503696312996,
            0.4143273740851525,
            0.3283087057195943,
            -0.18432069684036567,
            -0.11082885896993469,
            -0.15132202178820608,
            0.19018594421743526,
            -0.8050872370165656,
            -0.08487482231178281,
            0.8204227762663554,
            -0.14111317992445135,
            0.21711925694021295,
            -0.07766522197360534,
            0.9835881237167675,
            -0.1298456893419528,
            -0.15185853391829685,
            -0.12687390925663275,
            -0.17643740336770117,
            -0.13887646340124749,
            0.5012209751308563,
            -0.4778714057401395,
            -0.06235730888347205,
            0.038937103620831894,
            0.6678319616939448,
            0.865590427851632,
            -0.07348856339174936,
            -0.05138457355694698,
            -0.05743154121625538,
            -0.6064596414006925,
            -0.254435278516802,
            0.09452455151205312,
            -0.4939688047275044,
            -0.10964908457679853,
            0.32900711938841615,
            0.9009832068918491,
            -0.06852406351319928,
            -0.04496046265064612,
            0.9835137000916264,
            -0.04519902892137965,
            -0.025680745693140276,
            0.006500109351967645,
            -0.019751636859141004,
            0.07381096025493188,
            -0.3108298791645203,
            -0.07137933314201071,
            -0.06094184464186697,
            1.4657300882527433,
            -0.2167488807752225,
            0.4965483949589447,
            0.15160325825484053,
            0.3625404577934336,
            0.11076027048739037,
            0.7316602160588234,
            -0.31243733368531934,
            -0.14402256034603408,
            0.40204109065841015,
            -0.056568131817052454,
            0.7496639777976486,
            0.7102356878255085,
            0.018278985353963065,
            0.6923491099101439,
            -0.12843887141535995,
            -0.044956644709183854,
            -0.21838705211759027,
            1.1986666587461936,
            0.5590222702578944,
            -0.03298871925233686,
            0.74967025314952,
            0.44573794861064614,
            0.742393670287387,
            -0.14622971551289185,
            -0.006244482170729232,
            -0.06674498291708825
        ],
        [
            -0.18376356633932697,
            0.3915358739546192,
            0.561952462958994,
            0.6640706981433281,
            0.03608356091997765,
            0.26274624562746746,
            0.2343546498654669,
            0.4745223725973576,
            0.5820216055628377,
            1.203399282406106,
            0.034674727306361966,
            1.2338583279023962,
            1.2046522147627474,
            -0.41804092288036293,
            -0.23811752893606375,
            1.346082610350216,
            1.286784716827591,
            0.25425086466075,
            -0.07728473276446156,
            1.1340202542778108,
            1.358342082469521,
            0.5027651267888004,
            0.683866080593618,
            -0.18773144413132084,
            -0.5411010604348983,
            0.15706576625301025,
            0.6671356793684959,
            -0.2631037044153636,
            0.28728901589768746,
            0.6215478486720044,
            -0.37651212159398545,
            -0.09150838049770092,
            -0.37825588434285695,
            0.25568400333198976,
            -1.145795817510026,
            -0.20427075370150846,
            0.9887473646190034,
            -0.32968441044968694,
            0.06761515039784453,
            0.09212468117189579,
            0.9393914652277224,
            -0.19651207262100318,
            0.038370415130242835,
            -0.15273836396916654,
            -0.14471624353561624,
            -0.13648230523857058,
            0.5331800618292585,
            -0.7210742442266458,
            -0.09562389018994837,
            -0.019433789473648825,
            0.6029892509830374,
            0.9991664689733114,
            -0.04428555738096426,
            -0.03573273744733257,
            -0.04246804416729182,
            -0.7965873796568992,
            -0.45561417198008286,
            0.14558227473075286,
            -0.8901361170612105,
            -0.1010565767023355,
            0.06994875844380954,
            0.9285606614009111,
            -0.11037317476937973,
            -0.03201061249315068,
            1.192898672839574,
            -0.05421978701387743,
            -0.031070512436108432,
            0.02610471723028435,
            -0.07195028770863546,
            0.17473511815781959,
            -0.5502329013077458,
            -0.06334127240297531,
            -0.0855694639064004,
            1.4855110581437139,
            -0.248838012491487,
            0.5752325553063289,
            0.3134440289479419,
            0.290638497919344,
            0.3967444403315366,
            0.7807581772926303,
            -0.11789003743832432,
            -0.12104973044143827,
            0.5411158194208434,
            -0.025066673992564268,
            0.8186208474365436,
            0.8958472392671302,
            0.12985567759712097,
            0.7390164072268087,
            -0.10138207098045128,
            -0.14373600215434426,
            -0.32640090221508705,
            1.3693979626567354,
            0.6187482416585606,
            -0.14116040572511354,
            0.898305263544448,
            0.4145336102890505,
            0.8728561337046857,
            -0.28563523797186335,
            0.03596454081336323,
            -0.010472155441464388
        ],
        [
            0.5205632646737857,
            0.9545116925209838,
            0.013177119177035452,
            0.03608356091997765,
            2.268243845564533,
            1.6853500782944841,
            1.6943166285990963,
            0.5192598007417352,
            1.2273981751058889,
            1.12730291885269,
            -0.06664000631517618,
            0.6339443721338748,
            2.0810946054016517,
            0.3384573803256044,
            0.6988806656839917,
            1.3395269919034367,
            0.44243006906491394,
            2.46496847110427,
            0.31663645940674245,
            1.9685883340546202,
            0.4123376374426061,
            2.2043993440587073,
            2.3109065060352942,
            -0.723450162897939,
            2.4649577597356958,
            0.9008685534881442,
            2.778820492357074,
            -0.4415966451109617,
            0.6628577495564717,
            2.0664093649683437,
            0.828166297696713,
            -1.1296965602483893,
            0.38389048102255485,
            2.5056139655417122,
            -0.1458131696076884,
            0.6362616580804021,
            1.9177042263756114,
            1.9286137310224212,
            0.46551795638386295,
            1.42246804230312,
            0.0752169975824692,
            -0.26466454528689803,
            2.067845236616216,
            -0.48982733238658055,
            -0.5180868292341194,
            -0.5250543304023858,
            1.0385996340692638,
            0.516271263035918,
            -0.020257533070813495,
            -0.4457504115763164,
            0.7075419063857893,
            1.2928564785301064,
            -0.41148403227151203,
            -0.7448904035924433,
            -0.5863784146932667,
            0.9885960821525269,
            -0.6414201840140864,
            0.08190754370147663,
            1.4222286306101177,
            -0.2753979896712441,
            1.0830061706166516,
            1.4802750033388863,
            1.5972978472706785,
            -0.710951563455349,
            -0.5890081801043805,
            -0.4241414022064412,
            0.13431672392369384,
            -1.4333118549660038,
            0.189009194805545,
            2.262040422938168,
            0.14367783166883474,
            -1.0314591790083605,
            -1.7516087974284495,
            0.6912096979782256,
            1.8725668125374386,
            0.1732080276893821,
            1.4279348781387524,
            0.38007928371207306,
            2.0294915561454934,
            1.8272292362790739,
            -0.052971153000715046,
            -0.5248980521570706,
            2.0942047907789467,
            -0.5562130343243704,
            1.5013792474146432,
            1.6051931436076081,
            2.0487670229631636,
            1.2211225868204538,
            -0.61491426707716,
            2.114230292017062,
            -0.19616986875214587,
            0.9762088251459002,
            -0.6334144872873274,
            0.8732304772796196,
            -0.28017173358815384,
            0.8255794648203383,
            1.6264073215783952,
            0.5898276971073989,
            -1.0766100200861672,
            -0.6108325991202447
        ],
        [
            -0.2825813734992216,
            0.5913636376534711,
            0.09640524901843334,
            0.26274624562746746,
            1.6853500782944841,
            1.9624045802351273,
            0.5681435487656669,
            -0.6255749828632009,
            0.8445574526469343,
            0.6378958748110941,
            -0.5053076751864961,
            -0.24338782761212294,
            2.05847080379705,
            -1.1513581786057698,
            -0.17475348019904988,
            1.7994436164288006,
            -0.27794691587797704,
            2.05344917961503,
            0.5297346668837721,
            2.1876734937120648,
            -0.23669328569024034,
            1.8197411899305111,
            2.600574161508611,
            -0.41621062993640534,
            2.087901234674263,
            0.17742145466991924,
            2.6589137787919657,
            -0.1276206059255671,
            -0.3405100601404499,
            2.664285698920751,
            -0.1961233798603096,
            -0.6011805308248175,
            -0.7069526391417384,
            2.0474230687229897,
            -1.2642020811703631,
            0.044630072695078155,
            1.6743606707110206,
            0.5765613024612845,
            -0.4875700468962096,
            2.137387433062328,
            -0.5616444231808422,
            -0.4413803212432712,
            2.714617960666033,
            -0.49046278615961736,
            -0.2790343493343098,
            -0.35283937234672125,
            0.6169861172874942,
            -0.541241715437216,
            -0.16167566973447367,
            -0.4839337372924245,
            -0.1110403862829246,
            1.071896271665776,
            -0.24735569493725937,
            -0.3505491123603283,
            -0.2812237717149774,
            0.3984626621758742,
            -1.3030483711504166,
            0.3339150952115743,
            -0.5720647447165517,
            -0.21233818614980124,
            -0.6110705900678441,
            0.784532584858527,
            0.9340575104591878,
            -0.3382034683888798,
            0.2867833844907333,
            -0.3062430726693916,
            0.10327597792549258,
            -0.8213385691800782,
            -0.1918029904429626,
            1.9810157488271714,
            -0.8357999113895919,
            -0.5525079374910894,
            -1.2435400629550775,
            -0.17701050474736954,
            1.259646696641134,
            0.03163986790202467,
            1.785494290919289,
            -0.26718969248028446,
            2.904841812947007,
            1.131742472605986,
            0.5529504943337704,
            -0.3498619967454697,
            1.9968077747445951,
            -0.22533820163012935,
            0.9897302978519679,
            1.5739187839725624,
            1.9473533585968932,
            0.6743578632055299,
            -0.2071483129832426,
            1.0765259299696373,
            -0.539516416085002,
            0.8172198708771552,
            -0.3949340808060495,
            0.08361863348488661,
            0.32307851953086025,
            0.2516875829053044,
            1.3183070243577142,
            -0.2988126625235399,
            -0.3536232011331287,
            -0.29463334248758466
        ],
        [
            1.036634068784382,
            0.9556445995329204,
            0.35655416117337835,
            0.2343546498654669,
            1.6943166285990963,
            0.5681435487656669,
            2.6350777190486374,
            2.3750170945131464,
            1.291172462478277,
            2.1405957862855263,
            1.0050392172646012,
            2.21079500211005,
            1.6620158083274907,
            1.9378766945097068,
            1.0968506103237594,
            0.7537263739053711,
            2.0336703574072947,
            1.844256885153132,
            -0.3402260341167185,
            1.359333616056507,
            1.8118478456940672,
            1.7958851456339378,
            1.0568931907061263,
            -1.2133488795611946,
            0.8161632838676142,
            1.4962015014530852,
            1.883447308308067,
            -1.2683683717018404,
            1.8076445925086924,
            0.42534308278087407,
            1.5346257013045108,
            -1.1248455054849298,
            1.405771405695312,
            1.9477215205061955,
            0.7691668457855508,
            1.1683151497544055,
            1.635359374419556,
            2.4557235719379134,
            1.5114283464613756,
            0.31260963928131574,
            1.7019430486975595,
            -0.01278071950829085,
            0.6053740505235728,
            -0.4868244418211194,
            -0.9555533066175971,
            -0.6726860410699687,
            1.3124657074326163,
            1.1540129292585104,
            0.07109939073254756,
            0.1275684903852535,
            1.8567021282352583,
            1.4120138987796509,
            -0.7013362574951378,
            -0.6941843307984592,
            -0.6055608461806697,
            1.2961106883860738,
            0.2613586636599668,
            -0.029882860212819197,
            2.762252988648061,
            -0.5090857728233216,
            2.7896218713577032,
            2.2908607168522566,
            1.4027383510931677,
            -0.6394578995584984,
            -0.17135795942894314,
            -0.3393385852362862,
            0.12096741680933888,
            -1.1707126388112512,
            0.34909222736936174,
            1.2976769620885,
            1.0854685556290877,
            -0.8865550915235244,
            -1.2842359668069476,
            2.391136106913057,
            1.3782151103857887,
            0.18642094768785458,
            0.504761719304332,
            1.1877588897481572,
            0.30055199948180034,
            2.151674350159026,
            -1.958469671143505,
            -0.8747872735485113,
            1.4836888835135693,
            -0.7089043140051222,
            1.8043817991819915,
            1.125056874343852,
            1.0230307498288311,
            1.595535687464988,
            -0.7911021452316728,
            2.2192466506671145,
            0.16125790783181837,
            1.3621974669679109,
            -0.0555810387268606,
            1.2384573347408732,
            0.09715685010123354,
            1.470120683169524,
            1.5026884532460096,
            0.9615905620436297,
            -0.9461827572264907,
            -1.03090166312167
        ],
        [
            1.0858126435179085,
            0.7576618623852789,
            0.6463731311408777,
            0.4745223725973576,
            0.5192598007417352,
            -0.6255749828632009,
            2.3750170945131464,
            3.0995490834266644,
            1.0396479323870609,
            2.443542717958021,
            1.4041123679141463,
            3.113039610257182,
            0.9653887602756365,
            2.448168833024643,
            1.0288297319460484,
            0.33457899502258975,
            3.004028560997599,
            0.5653953842994935,
            -0.7635418522710642,
            0.5459934864286659,
            2.7852794201126874,
            0.8281011731372903,
            -0.32493597185562834,
            -1.0634827332605534,
            -1.0168926710019597,
            1.4531246162164986,
            0.4473752811539869,
            -1.3762550713740165,
            2.19389614081125,
            -1.037394671830099,
            1.4161847940909504,
            -0.7367524638050245,
            1.6379826502033648,
            0.6746788964558054,
            0.9207952531046603,
            1.0162830248195698,
            1.0574225294835544,
            1.8171229617871434,
            1.8660738769260334,
            -1.0469535060761495,
            2.6727679293181112,
            0.1681493187908448,
            -1.1948602921213722,
            -0.2550619816931037,
            -0.8721333999145804,
            -0.5176351719486648,
            1.195634390244607,
            1.056904824676926,
            0.11678153815634502,
            0.47658076828870133,
            2.2889564058405263,
            1.2668358908183983,
            -0.5763609465775507,
            -0.44557857250010746,
            -0.4202075205604138,
            0.5651192977229718,
            0.8657978604166127,
            -0.1502022124881985,
            2.563697153878095,
            -0.4430702583622757,
            3.213333931278916,
            2.30800315628869,
            0.6572476838555353,
            -0.396962898409346,
            0.4298530477922373,
            -0.15301146068511284,
            0.03276875954925025,
            -0.5439154104967958,
            0.41071663669961994,
            0.0031519222506091937,
            1.3084269181506678,
            -0.5064710547380872,
            -0.43878190449592736,
            3.402766217853319,
            0.3233064015840888,
            0.47472666386396245,
            -0.5214770605339206,
            1.5325514973331336,
            -1.4243834271688913,
            1.8188983314846086,
            -2.4928530130808997,
            -0.7307367389890888,
            0.43239959858941857,
            -0.5593389135823774,
            1.6001019257021378,
            0.5628107531268038,
            -0.2631180229079606,
            1.5535266992564143,
            -0.6906349061102489,
            1.3539916054287526,
            0.32655683151758574,
            1.617779707612832,
            0.6189427775362696,
            1.062768510767992,
            0.48091544120789653,
            1.5414162870963906,
            1.0979634279101242,
            0.9434232821669493,
            -0.6171455616826927,
            -0.8535721845961637
        ],
        [
            0.3845167452452455,
            1.0058598093617204,
            0.5203039733995726,
            0.5820216055628377,
            1.2273981751058889,
            0.8445574526469343,
            1.291172462478277,
            1.0396479323870609,
            1.299361166519547,
            1.821889714213793,
            0.031735389279103826,
            1.888228985247214,
            2.1274671700949286,
            0.25946925117629194,
            0.4551845951989341,
            1.7933892521213113,
            1.7753548375191293,
            1.4149691227710848,
            0.01698988521198396,
            1.8750038317106186,
            1.8643907401716848,
            1.5751410225698619,
            1.5455069809348665,
            -0.4839143903848471,
            0.7403352033472314,
            0.8002157411815707,
            1.849201350908951,
            -0.40736847571199974,
            0.9604236949895374,
            1.2864503242379197,
            0.3305649560798101,
            -0.808842484938415,
            0.1800976653273114,
            1.4434695644885274,
            -0.8389303148998803,
            0.19891398780427674,
            1.9607758587837112,
            0.9668709485442817,
            0.6331135222312042,
            0.1995489690574039,
            1.1763191736626195,
            -0.24118737856335826,
            0.45072033630309105,
            -0.2983166588950227,
            -0.34573731282721065,
            -0.38011822287429187,
            1.1576413595544477,
            -0.11807893602849015,
            -0.03616754018049876,
            -0.2859548464984739,
            1.2087398497051545,
            1.681516927739295,
            -0.18382107092715824,
            -0.557645643079535,
            -0.4321667057691452,
            -0.3933688951624316,
            -0.4615005725972201,
            0.025571093947436094,
            0.41730352767505857,
            -0.1594505397315779,
            1.169949480420046,
            1.7974768314627203,
            0.8357114135675794,
            -0.5344921969445936,
            0.4857612620162498,
            -0.28897114360280457,
            0.0208823352190102,
            -0.8861893730809788,
            0.21807071716675128,
            1.2789811263799526,
            -0.1547835665668397,
            -0.7584599357525549,
            -1.077817582730392,
            2.1667798844586263,
            0.7818005036452087,
            0.8759376506465908,
            0.7175437140560245,
            0.7178248228691894,
            0.7909517986666819,
            1.853983788156869,
            -0.01660462351370981,
            -0.2933719031686694,
            1.425622617189836,
            -0.37956864667162893,
            1.6827089715603873,
            1.6648611684553576,
            1.045370456765914,
            1.5272552392092296,
            -0.545266416578355,
            1.119680550431405,
            -0.2847636769868201,
            1.9339727365952342,
            0.23956865725125498,
            0.5547795826125076,
            0.4271444912403212,
            0.9638294304183983,
            1.752396368516227,
            0.3936479986278644,
            -0.8452890749816953,
            -0.2684344368250702
        ],
        [
            0.5000162633001632,
            1.313272838214035,
            1.1375151520097844,
            1.203399282406106,
            1.12730291885269,
            0.6378958748110941,
            2.1405957862855263,
            2.443542717958021,
            1.821889714213793,
            3.3720447681419694,
            0.7108763657483573,
            3.619761944731043,
            2.967813426694678,
            0.7857641312234025,
            0.46317660824527573,
            2.586144928780088,
            3.5628687078634105,
            1.5167367489686427,
            -0.3820122043085234,
            2.5957698567024923,
            3.5588015105481694,
            1.925858568384249,
            1.622741992681337,
            -1.0364922282376448,
            -0.39812243468451747,
            1.2941480708996655,
            2.155376189668855,
            -1.1956958441231478,
            1.7884971991483827,
            1.0845233696025482,
            0.4816604621556862,
            -0.9255367178937922,
            0.4416704823810457,
            1.587475682531618,
            -1.2257382824441672,
            0.4331456277231325,
            2.660707435234994,
            1.146101719823319,
            1.2332227195635042,
            0.019950581801483666,
            2.744577330843289,
            -0.28659858559272483,
            0.0966525876916624,
            -0.5043666834642341,
            -0.8085745244834951,
            -0.635667137302249,
            1.7576713873027112,
            -0.30226199099638273,
            -0.0783718012219535,
            0.032927065200770995,
            2.299076359511678,
            2.5579737412967996,
            -0.47764399414750486,
            -0.564255335594557,
            -0.4946654702928222,
            -0.5689314932373218,
            -0.4225648580861752,
            0.13994341839725866,
            0.5492957739671605,
            -0.44591297456222156,
            2.152735612897972,
            3.0415467401929823,
            0.7551975055000608,
            -0.5226578099552929,
            1.6773695234709654,
            -0.31032525595913246,
            0.014943370722185214,
            -0.7759666382083269,
            0.19844934335565123,
            1.0642701448297935,
            -0.06603671123644893,
            -0.742996599708921,
            -0.9884655854250897,
            4.1516406553703735,
            0.4774022853961256,
            1.1839111885922466,
            0.6611260419396795,
            1.3522972429204956,
            0.5020663949999699,
            2.7174793560881274,
            -1.3704424716718335,
            -0.7014166647972383,
            1.725715774835696,
            -0.5212633222780393,
            2.5420115301233897,
            2.1635693302572867,
            0.7767572705082022,
            2.314363724602038,
            -0.7303830929108249,
            1.238838219664474,
            -0.367248860983537,
            3.1692098612933046,
            0.9739025569375656,
            0.6684217034830754,
            1.393419857141384,
            1.6791235830924904,
            2.415289446968487,
            0.32077247054740887,
            -0.6983839872026147,
            -0.6365177179979684
        ],
        [
            0.39104661227315163,
            -0.05099558271664751,
            0.15642766761130353,
            0.034674727306361966,
            -0.06664000631517618,
            -0.5053076751864961,
            1.0050392172646012,
            1.4041123679141463,
            0.031735389279103826,
            0.7108763657483573,
            0.9535938162100784,
            0.8454664455450591,
            -0.24997580758172275,
            1.2707832541586874,
            0.3092526041950479,
            -0.5403056210826942,
            0.8591071513480556,
            -0.025666699017773294,
            -0.45383897199881407,
            -0.3103324223461934,
            0.6125353692714148,
            -0.02322887795689143,
            -0.6157290043265766,
            -0.6254380553791382,
            -0.8040008384009935,
            0.5347577328758049,
            -0.24052997774442975,
            -0.8573126094105379,
            0.8052039572828401,
            -0.9451240670487038,
            0.7329253346615425,
            -0.08632925084426483,
            0.8554536076176783,
            0.03643139053658705,
            0.9108044455460649,
            0.6528285394831324,
            -0.2007706291555574,
            0.7719459214252854,
            0.7577452210669398,
            -0.17087703192863368,
            1.0029502143016444,
            0.16713212944623365,
            -0.3116577989717763,
            -0.14966335787351767,
            -0.5362163456139477,
            -0.23040083812211662,
            0.20223172296621186,
            0.6770332031202266,
            0.05235694275646876,
            0.4832829564888724,
            0.7833294354145167,
            0.00306061319121882,
            -0.4177869952636429,
            0.024762727520781746,
            -0.0507969919590522,
            0.9202545103588315,
            0.5761239738538151,
            0.010384279184589342,
            1.3840222806911016,
            -0.3227011270824159,
            1.314692306825821,
            0.6399541104082471,
            0.10180290227010226,
            0.04874906460743129,
            0.18419938170360337,
            0.020847449116857236,
            0.04593460546286189,
            0.07981092645565002,
            0.03899734657346562,
            -0.41063312075901215,
            0.8291132766405203,
            0.08402662176910089,
            0.1649458227131416,
            0.8800323368025884,
            -0.011667558674093127,
            -0.3704252974645437,
            -0.35692446876428796,
            0.5169546464919917,
            -0.7114731466217721,
            0.2918856280936878,
            -1.8870455283016758,
            -0.49468990487180103,
            -0.1293817379499453,
            -0.19535656619665231,
            0.22277074675238276,
            -0.38225914971666375,
            -0.42462420071613227,
            0.1928828209724894,
            -0.1453492829120937,
            0.4655265612051155,
            0.2839286036174027,
            -0.0019409188199710765,
            0.2145002037727865,
            0.3627733317921944,
            0.25640063682374126,
            0.5171829577080698,
            -0.1264593959105091,
            0.23835495755560082,
            0.17613708633700748,
            -0.5837297394538165
        ],
        [
            0.8980482099749266,
            1.4468150356028757,
            1.2431345693919815,
            1.2338583279023962,
            0.6339443721338748,
            -0.24338782761212294,
            2.21079500211005,
            3.113039610257182,
            1.888228985247214,
            3.619761944731043,
            0.8454664455450591,
            4.550953317347291,
            2.585632907513412,
            1.5745077600416053,
            0.8582613914611008,
            2.23977516667642,
            4.4321356740735744,
            0.8036767241422602,
            -0.6371961857286884,
            1.979531799509294,
            4.509837050518509,
            1.447365284175205,
            0.6496465901801394,
            -0.8134315494677028,
            -1.194325210103374,
            1.4960219128171015,
            1.232568492392162,
            -1.0650729958649952,
            2.3938229098148573,
            -0.0011627925112631804,
            0.7195557528734958,
            -0.9451121323833748,
            0.9432541386068665,
            0.8797920788981884,
            -0.8165144992377883,
            0.38502621149088373,
            2.498198581429106,
            1.1799629640447358,
            1.7971207092853745,
            -1.4800186850476826,
            3.4723496552084407,
            -0.10884393113947621,
            -1.6359483737447913,
            -0.2447218049107944,
            -0.6358101673039568,
            -0.5168981675078607,
            1.8694378368338296,
            -0.003287409967247968,
            0.028333616104386613,
            0.08783323979394286,
            2.8299846545590013,
            2.6202730916388908,
            -0.2778254158638387,
            -0.6570592306596876,
            -0.5361842242853131,
            -1.2340597997503582,
            0.21714425900466727,
            -0.1356824410147059,
            1.0565757140686776,
            -0.2726991237552211,
            3.005269720043546,
            3.2362394291519956,
            0.5710213674885708,
            -0.6174785417348566,
            1.4744119331856345,
            -0.25654932479736514,
            -0.058275021102848275,
            -0.7467801028959556,
            0.4940908054610297,
            0.4444073039429871,
            0.35915667839036153,
            -0.8216952414159683,
            -0.7580900440539309,
            5.152060041187734,
            0.0658437351594938,
            1.7202166996152335,
            -0.21868119321722282,
            1.8230895791094397,
            -1.1153879697237652,
            2.8090969266297305,
            -1.2491027537971278,
            -0.4560227650996889,
            1.0340102544239096,
            -0.5341435251261525,
            2.643583850620902,
            1.9560180998351648,
            0.043194345685838235,
            2.583987871324549,
            -0.8644827691745419,
            1.0333676174766908,
            -0.14828997586923065,
            3.519855190220284,
            1.2489851144731987,
            0.8928187805712299,
            1.1640514551095587,
            1.882426423244038,
            2.3955582857718265,
            0.8018981566840779,
            -1.0352027801187658,
            -0.41513286567565016
        ],
        [
            0.05670767991802167,
            1.5715789615948417,
            0.9740771772570573,
            1.2046522147627474,
            2.0810946054016517,
            2.05847080379705,
            1.6620158083274907,
            0.9653887602756365,
            2.1274671700949286,
            2.967813426694678,
            -0.24997580758172275,
            2.585632907513412,
            4.046917189763576,
            -0.7386600030040854,
            0.14176764581197862,
            3.71630608074828,
            2.500867909044175,
            2.6201285238799703,
            0.254156676398243,
            3.822957390268984,
            2.6733709049994814,
            2.842288834835967,
