{
    "pos": [
        [
            0.4511724596130538,
            0.4680211263804229,
            -0.021511457882307645,
            -0.04514945137909006,
            0.3801705952452787,
            0.5075543469569697,
            0.8530392129363804,
            0.47322524576775465,
            0.449444847323748,
            0.2878652116220306,
            0.19046114448112914,
            0.16382554213431766,
            0.13419143353931626,
            -0.1767107153973365,
            0.827640800911548,
            0.46634426751521246,
            0.1912954599432136,
            0.15211297751958106,
            -0.03803653401408523,
            -0.03619197885210897,
            0.15404304141288466,
            0.2990287586383043,
            0.2770668385895973,
            -0.20782453839719298,
            0.1973739278749803,
            -0.1273991489157848,
            0.1496180490586438,
            0.03639001532487956,
            0.37649340120048863,
            0.18002670716240107,
            0.5682771535024271,
            -0.13592737497922017,
            0.3608152460401526,
            0.34512972068785047,
            -0.12733572911304902,
            0.5632956810030215,
            0.42874613197420025,
            0.5375815156823966,
            0.8829648469025836,
            -0.45669984759871973,
            -0.060253809958024034,
            0.07257507600054189,
            -0.5622194104942132,
            -0.053236615656631674,
            -0.17632325657227862,
            -0.03896339404757649,
            0.24980210660473215,
            0.16428696149090846,
            -0.016329309350417664,
            0.7399326151434911,
            0.8101959377261304,
            0.6065598820130133,
            -0.03182891510492162,
            -0.09979707683270078,
            -0.18482599830574276,
            -0.04326477248169398,
            0.20023834719325673,
            -0.17806038094522017,
            -0.012678629714386725,
            -0.0345495649120123,
            -0.5484436588654276,
            0.39707716576086916,
            0.5422875012188261,
            -0.103241291516044,
            0.34805770346072723,
            -0.101673098818513,
            -0.023669191972067256,
            0.052173887880129534,
            0.6296259614524724,
            0.054584881652485755,
            0.01978543363504562,
            -0.18827729872594343,
            -0.004074778541907856,
            -0.4449760122460113,
            0.29489166815986206,
            0.8233973788819275,
            -0.029113807557875744,
            0.4815926172651686,
            0.2565413706030706,
            0.6258420212384569,
            0.39678804529873335,
            -0.10706316552556386,
            0.5967250232074174,
            -0.07653319046625931,
            0.32773613383562733,
            0.3889337879699296,
            0.5324365058032167,
            0.7784442267673498,
            -0.30253612759100723,
            0.2552157704931042,
            0.07633260191169157,
            -0.15838420748072252,
            0.645573761545961,
            0.21765738541448668,
            0.6473092122094113,
            0.49616518476686866,
            0.2506970279842156,
            0.7299828163834132,
            -0.16380048379796214,
            0.023033186523108498
        ],
        [
            0.4680211263804229,
            0.6095499374767397,
            0.2033889069116176,
            0.1641035163670476,
            0.7496992104480545,
            0.538544758380928,
            0.9650617742140398,
            0.4583652793508331,
            0.7328753059957924,
            0.2844929480350023,
            0.08885264682456023,
            0.030686025356543436,
            0.19334737255225465,
            -0.2746105196306353,
            0.9146573869333935,
            0.5858025778808261,
            0.0656279833078815,
            0.05596084464837058,
            0.09973063555246459,
            -0.3237308823267476,
            0.16847780324994252,
            0.20109585120902623,
            0.7160267959935681,
            -0.017098323080711384,
            0.05757644102899239,
            -0.38386343604942214,
            -0.009263039481872707,
            0.09950302423091754,
            0.3672193136553672,
            0.3167079710412802,
            0.6453888308298401,
            -0.009550761024579595,
            0.29940668777059914,
            0.4052793971894664,
            -0.659913917821561,
            0.6290772229192401,
            0.46538640281577587,
            0.42988473354472767,
            0.9905437918943897,
            -0.8002866129746041,
            -0.34307188246053877,
            0.05800760546646358,
            -0.8648162246462863,
            -0.03524112352905617,
            -0.01914616689092706,
            0.008767141397849131,
            0.431829732584774,
            0.2658650579838651,
            -0.027142837914679155,
            0.7909130354846332,
            0.8559322338110926,
            0.8684357255244685,
            -0.020699702849737767,
            -0.02619222930526807,
            -0.1532105168087479,
            0.03881436972905524,
            0.36988005265672613,
            -0.318815295603656,
            -0.11535902885177785,
            -0.008567776314473887,
            -1.0303120846223772,
            0.36211867969598516,
            0.9109607878956493,
            -0.02218651043537059,
            0.30206109922482227,
            0.046397823350253165,
            0.006925542384252349,
            0.08632852805388337,
            0.8113584093352646,
            0.2934553458574468,
            0.07862944717132388,
            -0.16961393896024554,
            -0.17571351262374857,
            -0.8059332983608534,
            0.1464087676775314,
            1.0290262333113522,
            -0.05029454747442909,
            0.4278524742641896,
            -0.015576602430846884,
            0.7228620025712021,
            0.6447596400132403,
            -0.03873159175359789,
            0.7901774556593354,
            -0.09266741159495641,
            0.2341467340418587,
            0.35960747172483626,
            0.47075457666227855,
            0.7754234998228073,
            -0.4149564280282949,
            0.02113252818590329,
            0.06454140794279246,
            -0.25086796747810103,
            0.5013437807125294,
            0.3794573212226661,
            0.830545788778799,
            0.3326594240160894,
            0.6658841478211726,
            0.7615302241334422,
            -0.1764044377950775,
            0.00809285324853639
        ],
        [
            -0.021511457882307645,
            0.2033889069116176,
            0.6767344581204773,
            0.6556832863657758,
            0.8130475205358118,
            0.2752594282035466,
            0.23827230170058816,
            -0.6062165536859813,
            0.4658055108797071,
            0.23457048776128603,
            0.22615459742356495,
            0.10536073009933844,
            0.6773811353120114,
            0.006579330462261387,
            0.2569663194330551,
            0.21135032241996426,
            0.11630915299572508,
            0.027046863793642767,
            0.27320709565728035,
            -0.3549593765436624,
            0.0598706910031123,
            0.15081915418814315,
            1.1206024377406967,
            0.5273332037721317,
            -0.07951721255249836,
            -0.07997566803272929,
            0.02499950820902297,
            -0.03173836870755633,
            -0.07965087042682317,
            0.35103965629309974,
            0.32315978401398304,
            0.09320169135905733,
            -0.43079416698926964,
            0.10118229010530606,
            -0.9536116210253562,
            0.003939812408695851,
            -0.14052668491269607,
            0.039384557176430024,
            0.04264490523838703,
            -0.6426162805031472,
            -0.33991746855368254,
            -0.013064445372942081,
            -0.5612588565620665,
            0.1113673658452477,
            0.45231291620588643,
            0.06374967816963222,
            0.12301103211403386,
            0.02278391324541569,
            -0.025851055123641838,
            0.3241576440895223,
            0.4201195214904352,
            0.3694454964413866,
            0.03896950195511804,
            0.19139195166945708,
            -0.054175925985171694,
            0.11844277932943935,
            0.3286302993054225,
            -0.24319375547413485,
            0.0010070418155951764,
            0.07304487691427554,
            -0.5448160682992668,
            -0.08668866854077366,
            1.0411796443557293,
            0.21126143596889282,
            0.0956567354797304,
            0.24927250842494494,
            0.19506244642716564,
            -0.22910059396361376,
            0.0013720130607062873,
            0.40290401202299925,
            0.14409536404346232,
            0.11874691414675274,
            -1.1226034584578666,
            -0.1473751751446338,
            -0.10620248723772006,
            0.20326858938316072,
            0.23570111868998161,
            0.03173447779290713,
            -0.1118860896728575,
            0.018947687741624364,
            0.4415812267646838,
            0.2242440806008752,
            0.2227948529970891,
            -0.046407088764483045,
            0.21483765859617848,
            -0.11255489305337125,
            0.1880870821955572,
            0.32773595808332145,
            -0.24023258504871028,
            -0.05285808805057679,
            0.030114142741028922,
            -0.3329041374824664,
            -0.11175932339945419,
            0.6335430696035098,
            0.2212461860025131,
            -0.07638595946914206,
            0.9085019755176312,
            0.15584759806178378,
            -0.009445784434319898,
            -0.16628895840373778
        ],
        [
            -0.04514945137909006,
            0.1641035163670476,
            0.6556832863657758,
            0.6572058517348701,
            0.7938822200293271,
            0.1849417006639828,
            0.1881592353236188,
            -0.47175721933139103,
            0.5068191501841696,
            0.2941511185358154,
            0.20411212953605348,
            0.31153753433484443,
            0.7089964689496848,
            0.10857943443825564,
            0.1860364648154314,
            0.1730470479833189,
            0.32537616248861395,
            0.20786614800474834,
            0.24835895063830332,
            -0.4223918742555728,
            0.11544484204043991,
            0.1309227360700651,
            1.0492916012263631,
            0.5054815293323216,
            -0.030815148894082156,
            0.08830976843583505,
            0.19534529084260122,
            -0.03814146088143879,
            -0.0984544175093075,
            0.31042558307207463,
            0.35029528772004803,
            0.08082132887500712,
            -0.3720648128042951,
            0.20682409560371431,
            -0.9025205155450323,
            0.04131294710133124,
            -0.1419349200836438,
            -0.004854359684605511,
            0.04580729425493221,
            -0.6418501397945893,
            -0.35802093460898976,
            -0.023176694026667978,
            -0.5545972084312434,
            0.10248239718597495,
            0.4338972171914546,
            0.05189164713426822,
            0.13843878710001203,
            0.047638083614522035,
            -0.018254353889114016,
            0.30844691913852557,
            0.30243299010262714,
            0.4019532022741079,
            0.03755004393599763,
            0.1805279861688275,
            -0.07928604146532692,
            0.07775242395407117,
            0.2909496244670878,
            -0.21575167121389485,
            0.11629846334931436,
            0.06782061668470911,
            -0.39041216733787765,
            -0.032782850493074965,
            0.9774884902634501,
            0.19938447049092256,
            0.056682610034930705,
            0.224598892607315,
            0.19256048375376988,
            -0.16952546668978716,
            0.03716653566210354,
            0.38521141861753205,
            0.12300433936286309,
            0.10053903795296433,
            -1.0605534731647492,
            0.13025923793873748,
            0.011337381739398225,
            0.2195457448910367,
            0.3840092459080122,
            0.02733183878650532,
            -0.1357445058088398,
            0.08136861992613503,
            0.45513032435184253,
            0.22537127686443284,
            0.29655328851899215,
            -0.05190041822341224,
            0.2531659450842349,
            -0.11850683593231329,
            0.10448902260533768,
            0.31846937723198204,
            -0.2261220620154794,
            0.13575254485941732,
            0.010293812327181694,
            -0.3712942316386334,
            -0.10432100339027649,
            0.5351279076879537,
            0.27979700444316496,
            -0.08296334004375516,
            0.8793551033774811,
            0.13168260567577536,
            -0.03314407241523495,
            -0.16697769133731882
        ],
        [
            0.3801705952452787,
            0.7496992104480545,
            0.8130475205358118,
            0.7938822200293271,
            2.4489295299278546,
            0.06880340187459288,
            2.0097923709198717,
            0.3893518757484121,
            2.2117206020668845,
            0.8505164894826245,
            0.3407158469408764,
            1.29548182993744,
            0.9994312236074594,
            0.07515692237716884,
            1.3479221737498652,
            0.2596600310015702,
            1.4292725370834072,
            1.1505535002009104,
            -0.01928461776290042,
            -0.5875761102394192,
            0.8826362960057627,
            0.20796011774403406,
            1.591673413890082,
            0.2413921306025566,
            0.09332093939664528,
            -0.09057660995006488,
            0.8738997155454303,
            0.17693768577393337,
            0.9214582152286319,
            0.5065637326700461,
            1.0316173156830641,
            -0.2505642506363614,
            0.8420984642646497,
            2.0118048012039313,
            -2.0753079294626904,
            1.6608633667213857,
            0.6635945645544509,
            0.6492549176599329,
            2.132448146075825,
            -0.8442890706166889,
            -0.5020215225456963,
            -0.047347894754835175,
            -0.39805989435694306,
            -0.3244498386861485,
            0.19869988029120667,
            -0.012216064818435181,
            1.0396006194960807,
            1.5072450530933108,
            -0.04319412067389412,
            1.8640715264871373,
            1.0436221194079054,
            2.6908003147814425,
            0.0007423186070587831,
            0.0795207551504303,
            -0.2881942318314629,
            -0.2498125095255666,
            0.3822764240793442,
            -0.5570891302358114,
            0.5840792233159239,
            0.03328312987978337,
            -1.5103792002162644,
            1.8409105125269971,
            2.5333960710940966,
            0.09719434026307358,
            0.22687121943607136,
            -0.08305641285719526,
            -0.08239180835355846,
            -0.02640039202624643,
            2.4942519746180993,
            0.7976126464643423,
            0.04426485673118239,
            -0.16226771667486986,
            -1.8880192097127495,
            -0.47379608200397244,
            0.6420180464396845,
            2.839312194867537,
            1.3854709438105886,
            0.5207179395146561,
            -0.4652446628722815,
            2.0301442847279105,
            1.78890840267949,
            0.07292380629230112,
            2.74414492563589,
            -0.1287274591094292,
            0.5908540122046054,
            0.8184933420442553,
            0.6150115776188709,
            1.6139765827219859,
            -0.5227719758269175,
            0.9759509940569404,
            -0.046786645364484444,
            -1.3685412300492592,
            1.1173292986938146,
            0.5282318626155084,
            2.7398936216174574,
            0.06763868698124333,
            1.9121271206786545,
            0.8167441249185826,
            -0.19170058219624447,
            -0.13778853397335736
        ],
        [
            0.5075543469569697,
            0.538544758380928,
            0.2752594282035466,
            0.1849417006639828,
            0.06880340187459288,
            1.3188193985696453,
            0.6190901421219392,
            -0.6440523222559493,
            -0.23298519005855634,
            0.21558203832387168,
            0.6417242112963608,
            -0.5602009721633575,
            0.5232707394695387,
            -0.4126373971873311,
            1.0222331336986064,
            0.8200056300353435,
            -0.5862910708055752,
            -0.6078976024439346,
            0.2143581839743643,
            0.2873574481769792,
            -0.27230510294882615,
            0.7563846797367231,
            0.811146176903132,
            0.10818779142865471,
            0.21715322026687445,
            -0.3209148328365829,
            -0.36470236774005893,
            -0.14941168802794702,
            0.0632274026360368,
            0.43907098296937197,
            0.6517729861915899,
            -0.09419589552382832,
            -0.542593098536132,
            -0.6670914629604974,
            0.07880549502811353,
            -0.13813530572177718,
            0.07922037464170124,
            0.8154747324467769,
            0.199375292077687,
            -0.7333468319885555,
            0.10296364624002104,
            0.1611264311387801,
            -1.0722034142547512,
            0.23691897314147847,
            0.10799110352144259,
            0.0008189313133041802,
            -0.24608854825626306,
            -0.6671055776451974,
            -0.04427444665485274,
            0.641909680494912,
            1.5523062315070133,
            -0.31855768395814416,
            -0.005196297118889412,
            0.006900599910110198,
            -0.20098493584963062,
            0.21408415724588914,
            0.4474038839768504,
            -0.2181635085430413,
            -0.4479895309753643,
            0.012138264780024312,
            -0.5839477449146494,
            -0.5152570089179819,
            0.7133585840426689,
            0.013540972869925448,
            0.7177888500233749,
            0.09925125184980493,
            0.24906970243808782,
            -0.4277437052207506,
            -0.6117072673327721,
            -0.021113126389039776,
            0.18562877047080434,
            -0.01941467786937186,
            -0.5922295158658786,
            -0.8366173078616171,
            -0.10024275042222704,
            -0.18108868800351513,
            -0.7282983066986387,
            0.6113626739319569,
            0.8990186467741496,
            -0.308529670052767,
            -0.02222720106670228,
            0.02439780008129163,
            -0.5770207483701094,
            -0.08462847237970367,
            0.5541124757708196,
            0.0828699922815732,
            1.0706104608646239,
            0.8898992720370176,
            -0.42919274066347324,
            -0.30582439668045847,
            0.24845943092279282,
            0.18140879736804164,
            0.455545771274507,
            0.9980815439081289,
            -0.4482960620191631,
            0.8610328643123029,
            0.236071106536571,
            0.9545944883237004,
            -0.09495222928325342,
            -0.11262860032237364
        ],
        [
            0.8530392129363804,
            0.9650617742140398,
            0.23827230170058816,
            0.1881592353236188,
            2.0097923709198717,
            0.6190901421219392,
            2.765336721362971,
            0.7465784631313064,
            1.9652084322166763,
            1.0200293448139104,
            0.7791524305281619,
            1.3956819834957714,
            0.8563005010121776,
            -0.07854006398798288,
            2.1292566536053967,
            0.48549204770085475,
            1.5397356743212285,
            1.2137488744735494,
            -0.3775804420428332,
            0.21061352182156068,
            0.9304678870412734,
            0.7432222821300687,
            0.8794007698772739,
            -0.4407957109677046,
            0.523485090458414,
            0.033862038393029405,
            1.081323590930493,
            0.09943070660840717,
            1.4234284337346037,
            0.4131490562927512,
            1.3465382721809667,
            -0.6814179864313785,
            1.3533888291033251,
            2.103964610161065,
            -1.0320046239761491,
            2.086469857643388,
            1.0679005801214903,
            1.540017758799099,
            2.8643814983173908,
            -0.4202972104804159,
            0.16200521458562694,
            0.07584853724105084,
            -0.16625876205824897,
            -0.4440737979356379,
            -0.37115023421485216,
            -0.14813955091640466,
            0.8764727425643072,
            1.4813853821471186,
            -0.047597659198569425,
            2.5515165519906295,
            1.9455330852973238,
            2.715522984147699,
            -0.06020906973681145,
            -0.19581203175542017,
            -0.4937670473277856,
            -0.4364793742970415,
            0.22217770395994077,
            -0.4507909496637143,
            0.6073833863768527,
            -0.06111455409484943,
            -1.2461666688992117,
            2.335997564309974,
            2.3029442583102258,
            -0.19925429956934607,
            0.7424928395059602,
            -0.5256589340633254,
            -0.21619922958737217,
            -0.13421001858569237,
            2.7802405748851626,
            0.31198301163014985,
            -0.05438214391134891,
            -0.382737743883709,
            -1.5298686430935158,
            -0.6550208879202509,
            1.0855105103109666,
            3.2789819815281653,
            1.1453284214790096,
            1.1432436251565274,
            0.44395128101530806,
            2.4144466668448694,
            1.6059839528501265,
            -0.22963873836740542,
            2.864227809772523,
            -0.15277281568589388,
            1.0355426789360076,
            1.3509089006971093,
            1.4445057661022185,
            2.430035247371266,
            -0.5705007393096548,
            1.4418021767764186,
            0.08505910323815917,
            -1.255450572587447,
            2.1513050190204086,
            0.4772054559320246,
            2.9635603305607034,
            0.9506348293914764,
            1.2076381542333388,
            1.5173492406310662,
            -0.2811127818925307,
            -0.05544531045975507
        ],
        [
            0.47322524576775465,
            0.4583652793508331,
            -0.6062165536859813,
            -0.47175721933139103,
            0.3893518757484121,
            -0.6440523222559493,
            0.7465784631313064,
            2.947478413725563,
            1.3198459043518305,
            0.37899372778319584,
            -0.8721763274473782,
            1.2164997645633606,
            -0.7063298862115119,
            0.20691292966517683,
            0.314168627425202,
            0.28881082904641436,
            1.2957723502651781,
            1.3126898940072917,
            -0.24916518582283453,
            -1.1392485157003,
            0.6667571106338286,
            -0.5688578643436574,
            -0.635381531772617,
            -0.7093496773493765,
            0.1924693390106802,
            0.2809251546737091,
            0.9194685504862492,
            0.35625823996757333,
            0.5126974968687906,
            -0.24846322227332937,
            0.6016799320931449,
            0.06403518317643747,
            1.6686497907951061,
            1.5381625795643767,
            -0.20461939396362572,
            1.4153226889894102,
            1.0158854495709202,
            -0.24590890741642557,
            1.6443906988841956,
            -0.686140344504103,
            -0.7636739110867661,
            -0.043546512754223554,
            -0.6987378230852461,
            -0.3397643398441101,
            -0.6327400055700265,
            -0.07374528026455483,
            1.057023771880659,
            0.968251379073611,
            0.048613369700120396,
            0.42824253889437647,
            -0.6675716143309722,
            1.6024701390308942,
            -0.08411430326455,
            -0.29020140276705875,
            -0.18764565690949708,
            -0.3151060015413613,
            -0.024000143053757982,
            -0.11985903068308852,
            0.5520823435285015,
            -0.12454183067308928,
            -0.43413058165771146,
            1.1495706285182405,
            -0.29396368899332787,
            -0.3114119520752426,
            -0.31942124262311256,
            -0.22795389013971465,
            -0.35437978400429015,
            1.1981069073089825,
            2.0932984904898237,
            0.16986823084832936,
            -0.20646637041328939,
            -0.5581093457792025,
            1.997520758145424,
            0.46973225542372843,
            0.9537411678017945,
            1.8487592417147862,
            0.7427148243351867,
            0.2553953196616994,
            -0.9140450791065391,
            1.8393514055078104,
            0.8821212558902224,
            -0.29655576330138417,
            1.9610115907910914,
            -0.11358301839815042,
            -0.13479140202198286,
            0.6037459721651314,
            -0.7056671863855702,
            0.24789169065756106,
            -0.2446240160445563,
            1.0414793777855473,
            -0.20215477016452216,
            -0.3296884477640789,
            0.52959058937174,
            -1.1922947538945141,
            1.8504698626246292,
            -0.044476523083003455,
            0.08603345988267246,
            0.503532722620687,
            -0.4331356950788761,
            0.3047548559101584
        ],
        [
            0.449444847323748,
            0.7328753059957924,
            0.4658055108797071,
            0.5068191501841696,
            2.2117206020668845,
            -0.23298519005855634,
            1.9652084322166763,
            1.3198459043518305,
            2.33892503488196,
            0.9030214022419012,
            0.04633720943619597,
            1.693219202404025,
            0.6705316254017262,
            0.22203331774196455,
            1.2172723137132866,
            0.23275155558999688,
            1.8383183481696717,
            1.5694882115675117,
            -0.15544898868085189,
            -0.821454931044663,
            1.0309505950815712,
            0.010844387547934188,
            1.0520931075374367,
            -0.06671638462271848,
            0.19849293005819882,
            0.16864777750646515,
            1.2065150357874164,
            0.2501068837560438,
            0.9822310613400997,
            0.3068070712973054,
            1.0758637131841429,
            -0.25049263409267514,
            1.3292480366927935,
            2.339605078945875,
            -1.7575545840209275,
            1.9310172273272912,
            0.8896023440025532,
            0.4982455058440687,
            2.385551364216539,
            -0.8299663859813218,
            -0.6047308315156905,
            -0.062396290853972664,
            -0.42457600681124047,
            -0.415460116136668,
            -0.07048756966932719,
            -0.0534333817995056,
            1.2177575622498724,
            1.6638650947461002,
            -0.01622446954901855,
            1.7713298497728236,
            0.6196841219717779,
            2.8652765193987104,
            -0.028306488094878207,
            -0.04260087299170838,
            -0.33008890061244295,
            -0.37342430169419083,
            0.25096595662868465,
            -0.4759033898358329,
            0.7958903251285623,
            -0.017876121252102216,
            -1.2568688947385964,
            2.070798585224643,
            2.0393738155428345,
            -0.03595097998093895,
            0.07908995324057358,
            -0.20547595071951,
            -0.20167506574841837,
            0.3648667784096021,
            2.872144729815039,
            0.6921053570215823,
            -0.05686758360964816,
            -0.3264262670701017,
            -1.0150492664263933,
            -0.02167663277692803,
            0.9690528750228093,
            3.078864787789973,
            1.5805787271605687,
            0.5388167212267478,
            -0.655445747676874,
            2.4005689122042257,
            1.815278054284403,
            -0.04443011363718121,
            3.0708086890004074,
            -0.14437288143741475,
            0.5198377631245132,
            0.9268231627405283,
            0.2880912110233149,
            1.5000208263765966,
            -0.4877139342617087,
            1.3649717210234804,
            -0.11777312231500908,
            -1.3360584419451205,
            1.2031960875746928,
            -0.010495243426583636,
            3.02544473055549,
            0.061636770825769883,
            1.6077191164128444,
            0.8314387092758493,
            -0.30511606276596204,
            -0.025303332750710575
        ],
        [
            0.2878652116220306,
            0.2844929480350023,
            0.23457048776128603,
            0.2941511185358154,
            0.8505164894826245,
            0.21558203832387168,
            1.0200293448139104,
            0.37899372778319584,
            0.9030214022419012,
            0.8192358512245218,
            0.5580971896542496,
            1.490916548436681,
            0.8951846619907281,
            0.41769948639647714,
            0.7803776033536669,
            0.16608993402034344,
            1.5548223267769348,
            1.2253439163224447,
            -0.1916325828652384,
            -0.06333910261866474,
            0.5719997683572677,
            0.5188375814985847,
            0.4194524625676108,
            -0.11882227369128265,
            0.527037070077534,
            0.8479671874551663,
            1.2297095996384009,
            -0.09183846590588014,
            0.4607255168960442,
            0.1412847731243402,
            0.8548780084413381,
            -0.40614255516641706,
            0.49058834545308944,
            1.1574862650052022,
            -0.23294457939512656,
            0.8912455910526168,
            0.30601526240258303,
            0.6891956059745615,
            1.0941950433547472,
            -0.30995686841619174,
            0.09028843875514925,
            0.020326557334493896,
            -0.22687587615005442,
            -0.12758109199657147,
            -0.08907205913871095,
            -0.11566942539098196,
            0.26166228747289555,
            0.4998855717636838,
            4.511546293434515e-05,
            1.1900419855581628,
            0.741437922434687,
            1.11811101300532,
            -0.017830149906061556,
            -0.07813421606363737,
            -0.3901866470638369,
            -0.3153276347043356,
            0.030553970905357428,
            -0.10615093657479929,
            0.7391011522300645,
            -0.025134250424222883,
            0.19375103823041284,
            1.049549659044242,
            1.0245204182559613,
            -0.07803440911097959,
            0.3501907931562482,
            -0.29163280690877696,
            0.0282898076003152,
            -0.054992715416202036,
            0.9713019560212679,
            0.05204659835979351,
            -0.050481522925600035,
            -0.17319983488555762,
            -0.959399052847309,
            0.9988949626001897,
            0.9693916781236646,
            1.2534708875688136,
            1.1030089520024675,
            0.5995305315126592,
            0.42308220823047815,
            1.073068122045252,
            0.7037374073205602,
            -0.016027304475106745,
            1.2836031447019152,
            -0.1064531660942635,
            0.8709124180394764,
            0.4860584932622228,
            0.5761682897397752,
            1.2608312076374668,
            -0.26420377580835186,
            1.4832921507413728,
            0.02179578600629034,
            -0.7333092607424563,
            1.029427112941382,
            0.16606891748133012,
            1.291014018505009,
            0.5971226460988256,
            0.5280990094753618,
            0.7076972399272783,
            -0.21188707239736018,
            -0.127603066399926
        ],
        [
            0.19046114448112914,
            0.08885264682456023,
            0.22615459742356495,
            0.20411212953605348,
            0.3407158469408764,
            0.6417242112963608,
            0.7791524305281619,
            -0.8721763274473782,
            0.04633720943619597,
            0.5580971896542496,
            1.0109860340251495,
            0.728009115626788,
            0.9791415306321561,
            0.20131406306107713,
            0.7735424229477461,
            0.06082437328213004,
            0.7494890088019446,
            0.45300814413455515,
            -0.19799128763976437,
            0.7856040389002654,
            0.19465627461004464,
            0.8735362865274743,
            0.31373365774462497,
            -0.053852320074563864,
            0.5094686963655466,
            0.6285537832714732,
            0.6854340643086305,
            -0.263940161570441,
            0.34628721266783385,
            0.1743170823474729,
            0.5260334572626453,
            -0.5347653731354244,
            -0.13195301685028854,
            0.3106737893269958,
            0.3214430574460492,
            0.26229118565375564,
            -0.05339370641496813,
            1.0085090308578923,
            0.4351214340015972,
            0.2651629899581205,
            0.6915240525475281,
            0.08005922868372423,
            0.27609657698595214,
            -0.008025432806308859,
            -0.01891165142934996,
            -0.11637001315633672,
            -0.3258906817466285,
            -0.014481658776909821,
            -0.022377068836658565,
            1.035459489446986,
            1.2194506988500526,
            0.2082806067475672,
            -0.0005848439762156471,
            -0.043085655571434595,
            -0.3090752136269989,
            -0.19916134241748418,
            -0.04763477071697907,
            0.01964388952819953,
            0.3807266558268112,
            -0.0022881804417187452,
            0.4871633338265774,
            0.5593326641479092,
            0.8556607477469238,
            -0.04211798728206481,
            0.6144378498505871,
            -0.3193015416812872,
            0.12055841020886222,
            -0.6225146859650077,
            -0.018763537543560072,
            -0.2312653229458902,
            0.00553963197766155,
            0.02542174059400218,
            -1.537850045422899,
            0.5608786794181212,
            0.5413966433445864,
            0.37003557369113665,
            0.4970789218090511,
            0.6028788097650102,
            1.0991892418994624,
            0.20723218512056724,
            0.10065449644678591,
            -0.001296787918444331,
            0.2288399438213031,
            -0.041340681073593094,
            0.9343102447141476,
            0.3363934144774178,
            1.0916238741312014,
            1.2176570824338306,
            -0.10605458251750183,
            0.9402295476353111,
            0.15408504044396232,
            -0.413414969385526,
            1.0051594819487881,
            0.6225849749569414,
            0.322677543045093,
            0.833582451123378,
            0.09925855364903521,
            0.5951679059402538,
            -0.0069253494487238835,
            -0.20652369145368335
        ],
        [
            0.16382554213431766,
            0.030686025356543436,
            0.10536073009933844,
            0.31153753433484443,
            1.29548182993744,
            -0.5602009721633575,
            1.3956819834957714,
            1.2164997645633606,
            1.693219202404025,
            1.490916548436681,
            0.728009115626788,
            3.5265374803260374,
            1.3940495621462983,
            1.254107913763172,
            0.6750952458706175,
            -0.36241093136794106,
            3.6622615394129046,
            2.9887413457364413,
            -0.6297945168635091,
            -0.14139379557232848,
            1.311897680660727,
            0.5654123066692566,
            -0.10187471754177545,
            -0.43796472527511165,
            1.0187590835321119,
            2.206188606041253,
            2.88229352922784,
            -0.14199727786450284,
            0.8156776944130899,
            -0.15346823119174158,
            1.1689056546793894,
            -0.8271021183751464,
            1.3588696771262194,
            2.6959991475296805,
            -0.05697925253786869,
            1.7565867974664138,
            0.4754610956955578,
            0.824485982421947,
            1.8486597906063613,
            0.1610279438758182,
            0.31499773993868074,
            -0.0670405079530271,
            0.5241830182301529,
            -0.41487636996558896,
            -0.355208154603206,
            -0.26830622561160644,
            0.5187994694419299,
            1.3295471569133381,
            0.04390472500653356,
            1.8002630218445672,
            0.2593500688703109,
            2.161831706979263,
            -0.037630468045011,
            -0.21016277350232793,
            -0.6624484723833636,
            -0.8431261518844692,
            -0.400690693287362,
            0.07530502675508112,
            1.903793007361044,
            -0.07668202272847054,
            1.2903249851260015,
            2.4121909217531847,
            1.1776099035125742,
            -0.22012320470786806,
            0.199413771548169,
            -0.7540097630651585,
            -0.12394296234431448,
            0.1781329812168564,
            2.118337290604117,
            -0.08204260011065741,
            -0.279064879469035,
            -0.3354651684490306,
            -1.333407749273836,
            3.0275942803758014,
            2.1383589640204055,
            2.345985400511725,
            2.763077733563287,
            0.7748066390542753,
            0.41826689106072434,
            2.2110898293080368,
            1.1790468848284037,
            -0.08502759124186875,
            2.7347947951813487,
            -0.1395406263953606,
            1.42442994145584,
            0.8767123837755602,
            0.37650189642388965,
            1.8236093057359524,
            -0.1196933002241636,
            3.4019411260255445,
            -0.12948351314911313,
            -1.4992625295655397,
            1.776360787340211,
            -0.5264850929013758,
            2.658026123134258,
            0.6906080658615004,
            0.5288362106540095,
            0.663980510259401,
            -0.3475068457778799,
            -0.17147061979736672
        ],
        [
            0.13419143353931626,
            0.19334737255225465,
            0.6773811353120114,
            0.7089964689496848,
            0.9994312236074594,
            0.5232707394695387,
            0.8563005010121776,
            -0.7063298862115119,
            0.6705316254017262,
            0.8951846619907281,
            0.9791415306321561,
            1.3940495621462983,
            1.4886196185747307,
