{
    "pos": [
        [
            0.7647068001522779,
            0.4692014524167458,
            0.7759880561065211,
            0.7518136952981188,
            0.3614995791648582,
            0.33329877872196234,
            0.2870957101339644,
            0.37979965470636523,
            0.07615893350160377,
            0.27552194656197393,
            0.7227541339450916,
            0.2503756616349164,
            -0.019549498386944156,
            0.006377472165785199,
            0.24830029614584628,
            -0.12121751372239534,
            0.31299538133304783,
            0.6161502714748783,
            0.13415763640731426,
            -0.10318122762111737,
            0.12038719065863468,
            -0.3456622330239769,
            0.16511610484784378,
            0.0993255120564568,
            0.47388434187627804,
            0.7607126799754008,
            0.3546410042659512,
            0.43409227729835814,
            0.7122472661420098,
            0.00793581664890868,
            0.37345772040664366,
            -0.4040761970595058,
            -0.180198181459138,
            -0.0020836959211841845,
            0.13365882434780066,
            0.37382537672882477,
            0.34962993536968984,
            0.42017990933057275,
            -0.5233966086657823,
            0.329134402484556,
            -0.19059357544810748,
            0.06753867274164152,
            0.15244555884995797,
            0.11199078678495285,
            0.08494894819680308,
            0.1196498889248688,
            0.04802968527545064,
            0.15706470019676022,
            0.0320175424664516,
            0.1665485337087373,
            0.023795506289956175,
            -0.1365332431284721,
            0.014200115434266615,
            0.06163082797346763,
            -0.00778924474268914,
            0.0345868245675419,
            0.6756591682753845,
            -0.028503551515551593,
            -0.08571800856034571,
            0.24187375248432758,
            0.3804928074478772,
            0.024627601655659682,
            0.47884859703956345,
            0.055602310490043313,
            -0.1344502743931269,
            -0.035552621835009374,
            -0.23018107862099305,
            -0.2746504163722439,
            0.40442126854163696,
            0.2966212846228627,
            -0.07554460999403823,
            -0.10671556275813855,
            -0.20166536523749387,
            0.11331068985267906,
            0.4308960446091327,
            0.9176040723766795,
            0.09071249747380683,
            0.46847914253836814,
            0.09004381093065068,
            0.05262211424548362,
            1.230879892445993,
            0.07436102564383835,
            0.3919296930563714,
            0.13713826444417823,
            0.5399112258300948,
            0.21562896819788951,
            0.30013369537116946,
            0.7854465296920105,
            0.025424336628148272,
            0.44314406941537066,
            0.0705612519465054,
            0.002184128627006223,
            0.5304924711703971,
            0.1494906884303989,
            0.800021849031798,
            0.42856619378658245,
            0.09406485939663736,
            0.5668403773959478,
            -0.0906542695847702,
            0.20441084912463506
        ],
        [
            0.4692014524167458,
            0.7655079006050896,
            0.5075557732108844,
            0.4355630073906625,
            0.31535650112940644,
            0.5645557789105103,
            0.29031930270905365,
            0.3917845742321282,
            -0.0477433392734714,
            0.11636729151310424,
            0.47618981639391883,
            0.7374052478376604,
            0.23353014291693922,
            0.3298263240591738,
            0.8991228402557035,
            0.15869754989070792,
            0.7294985670885431,
            1.1822362753250992,
            0.15163238470766874,
            0.45701373774454174,
            0.2855583499659077,
            0.0693364238806717,
            0.034502102212677674,
            -0.03972861061733134,
            0.8477201670053763,
            1.5187175369977612,
            0.7293177803838163,
            0.0923346385381286,
            1.5323714752761373,
            0.44870949099464913,
            0.46561021805369135,
            -0.6636509321125712,
            0.004691841053472663,
            0.2284128045113629,
            -0.3227652825978987,
            0.687232352417469,
            0.25802519156255793,
            0.8284236948926875,
            0.1729889599296606,
            -0.2116902910990927,
            0.32886231922607584,
            -0.06019684652127306,
            -0.2013514577908657,
            -0.10258666232672774,
            0.009056000828123965,
            -0.10305704074559092,
            0.1902206106439326,
            0.8597468574680898,
            0.04320594637136476,
            0.22574428732069027,
            0.4419615337871078,
            0.10910442933845507,
            0.004714209316294019,
            -0.2998643890082236,
            -0.2208435824157122,
            -0.36233135247785375,
            0.5240115645234309,
            -0.019224446458968807,
            -0.05046739353398828,
            0.08848768158902558,
            0.8151481296205969,
            0.6267557506503356,
            0.33070507415177886,
            -0.291321608582988,
            -0.19437755936809617,
            -0.12710496109747182,
            -0.27273743967399683,
            -0.43602544138712457,
            0.872540120478158,
            0.32858817738600815,
            -0.00805330227565371,
            -0.30545803713922903,
            -0.2204655501886261,
            0.2814200149664523,
            0.8701520101488875,
            0.800823695469087,
            0.5301028955722621,
            1.0875516914768975,
            -0.07969257540683762,
            0.48975494510427847,
            0.6010476627553041,
            -0.008315211016463826,
            0.7280057683956176,
            -0.022942696210925664,
            0.7627845114508142,
            0.5745918995260995,
            0.6672656210116296,
            1.3158260445744172,
            -0.33401185757409585,
            0.9342068550324604,
            -0.07706673933644309,
            0.2999164429185032,
            0.8606994322373722,
            0.20005511470265835,
            0.8953071758596929,
            0.5762597144305789,
            0.11396655378903467,
            0.48112380639582564,
            -0.7078141645194101,
            0.08463913081031237
        ],
        [
            0.7759880561065211,
            0.5075557732108844,
            1.0656201387601127,
            0.9992360964152335,
            0.31172655775763225,
            0.46262298592860684,
            0.6131869198567973,
            0.8544479468795528,
            -0.0797450379639544,
            0.5102306245846453,
            1.2091335033507782,
            0.5125929586389798,
            -0.10028967136713542,
            0.06684083675546107,
            0.4342062457246923,
            -0.21348587726317164,
            0.6577490829555035,
            1.132239098614894,
            0.07840761662657618,
            -0.02369526659516525,
            0.21504966477405557,
            -0.45138835604672384,
            0.055096256637877594,
            -0.33087698565498447,
            0.3332939984627096,
            1.4391919997228217,
            0.6734955393023919,
            0.06954373611333092,
            1.3677300276933786,
            -0.16991752615287142,
            0.48527433428680405,
            -0.4781059021210334,
            -0.13684589479600487,
            0.07620057800935372,
            0.09497209993821895,
            0.8940311033078072,
            0.2998213196780981,
            0.7781182835656844,
            -0.7690385495358125,
            0.640079758847514,
            0.08455679176988097,
            0.06268867272670195,
            0.44576300964166343,
            0.028426668081747153,
            -0.29177902826792773,
            -0.00472936413497785,
            0.03908554393404131,
            0.3841129180087627,
            0.01868940374399808,
            0.2705890987984658,
            0.28648419684519805,
            -0.17667042399449187,
            -0.2984192594392644,
            0.12298807551992057,
            -0.032951456539671756,
            0.29867044696680306,
            0.9639972306343487,
            0.05016409969496431,
            -0.04516926795699443,
            0.06879636685507637,
            0.7243573252926327,
            0.28225619111433303,
            0.4465913168337182,
            0.1261325028334479,
            0.1228711989145419,
            -0.010810028102517287,
            -0.2095641536891849,
            -0.20235064980088174,
            0.7081360943643135,
            0.2169812629221691,
            0.005022092180185258,
            -0.10072843462303664,
            -0.5687671461417559,
            0.22440951035793077,
            0.6349637491456112,
            0.8404319436091946,
            0.44581200651820946,
            0.9495565223170173,
            0.19107155391639616,
            0.05208862732996453,
            0.5443559111409264,
            -0.2823572946565953,
            0.7300119833351789,
            0.06384012823758373,
            0.8103081959798012,
            0.2066933518955926,
            0.48587843120818797,
            1.1782350044473036,
            -0.06669863481876458,
            0.8091073063524274,
            0.07069967805911817,
            -0.10677691615612592,
            0.9595320209984116,
            0.058792553742336995,
            1.3839942791829645,
            0.6596344570131396,
            -0.03943737601207408,
            0.4508831472913143,
            0.09492199012096054,
            -0.10395022905057276
        ],
        [
            0.7518136952981188,
            0.4355630073906625,
            0.9992360964152335,
            0.9461357388279711,
            0.2970566841752841,
            0.3975531333331964,
            0.5474338663209098,
            0.7612036363976556,
            -0.05159909623037712,
            0.47741528992298876,
            1.1262893461754522,
            0.4032301755764237,
            -0.11265077627353781,
            0.0317074370503914,
            0.3117135030134005,
            -0.2219062383083689,
            0.540601892454343,
            0.9466323743020618,
            0.07056735646929721,
            -0.08382082157301281,
            0.1694774231057122,
            -0.45370550378887337,
            0.0749719847939862,
            -0.26079593598490985,
            0.2715079839839354,
            1.1993781766428704,
            0.5584376845166101,
            0.11892698798266017,
            1.127765563821232,
            -0.18419912689493181,
            0.43856475880811474,
            -0.4094747858531403,
            -0.15049770624500133,
            0.040723895847543934,
            0.1428639198052484,
            0.7579822989151551,
            0.286466206736089,
            0.6481021244066419,
            -0.7552469974727837,
            0.6438101947498082,
            0.008837186238033423,
            0.07187543564583322,
            0.4409752806855056,
            0.04791684623578973,
            -0.23431900231498173,
            0.02634554873694798,
            0.021557870473354772,
            0.2670564988380735,
            0.015818234275564617,
            0.25585711941913736,
            0.20030980925798492,
            -0.1911995187781983,
            -0.2532874693080849,
            0.15261433859095064,
            -0.0022119771069410233,
            0.3164572301411434,
            0.8845792926706654,
            0.046261202709506725,
            -0.04919437375981937,
            0.08939979557342621,
            0.5988852572979676,
            0.1824349177614075,
            0.43227696211984334,
            0.1534719422156483,
            0.11655250309077633,
            -0.0026059236971255678,
            -0.1958260141287726,
            -0.16954681398476065,
            0.5725795551724132,
            0.1989512507599779,
            -0.007827123728606411,
            -0.06132819393463045,
            -0.4664344065648288,
            0.18098989685861375,
            0.523550839310379,
            0.7905497860191321,
            0.33802264662531295,
            0.7731733168811308,
            0.1974225683250634,
            0.00336042361958775,
            0.6049852274026979,
            -0.22873551879097062,
            0.6147044887938775,
            0.08590005446360993,
            0.7033084809243489,
            0.15009484755650204,
            0.3906926756504529,
            1.0021864324591616,
            -0.011274367774263553,
            0.6670208046468828,
            0.08087280221520653,
            -0.12272210095828846,
            0.8283806016188788,
            0.05714032947617538,
            1.2481295588214933,
            0.5831696392141869,
            -0.03353321459477424,
            0.43325415903921133,
            0.14923608680289607,
            -0.06331953341273029
        ],
        [
            0.3614995791648582,
            0.31535650112940644,
            0.31172655775763225,
            0.2970566841752841,
            0.20339172107189324,
            0.20286265268559375,
            0.08792457138604844,
            0.10768183967343334,
            0.05278703468666403,
            0.06577152227836915,
            0.2321500614626047,
            0.1852993783452697,
            0.05667330359685761,
            0.047134699043913895,
            0.24222840000567228,
            0.010603027331096313,
            0.18665572233342914,
            0.35654305738307446,
            0.09539147347738636,
            0.03650149978224161,
            0.08735810495799676,
            -0.0865397109256137,
            0.08637136780946394,
            0.11856416194424733,
            0.3805196614568376,
            0.44162230116510826,
            0.21044506184832878,
            0.2594718130631907,
            0.4327377528816448,
            0.12432444664009473,
            0.19578568587262413,
            -0.26398725179784915,
            -0.07083753154301857,
            0.029202158806446485,
            -0.015030787711202932,
            0.16192738787951744,
            0.19258694626780973,
            0.24667350920385359,
            -0.11302182155842377,
            -0.011837009361138127,
            -0.06487446841878391,
            0.012684608698453295,
            -0.06346610904698496,
            0.044797524059957856,
            0.11115691765585084,
            0.049828269414641725,
            0.058166332970050555,
            0.18113674531484933,
            0.02451442178940639,
            0.060824701648625544,
            0.04529792584341729,
            -0.012235793272735478,
            0.07295291133102755,
            -0.058361345438182936,
            -0.047287133748296635,
            -0.13790327391142185,
            0.289539361188812,
            -0.03832879380180663,
            -0.048492755967778675,
            0.1441456277904365,
            0.23012164499935608,
            0.07848964555248107,
            0.24346700675778774,
            -0.0608706428516933,
            -0.15969601683669724,
            -0.0433071039781884,
            -0.13622095674306864,
            -0.20902695040283228,
            0.2713704329951046,
            0.19444611600715994,
            -0.046087204385623005,
            -0.11499057360156582,
            -0.0760100525135664,
            0.07541745355067532,
            0.29145742140930586,
            0.5122735816055288,
            0.0685284148645949,
            0.29366001609437586,
            -0.017376304992913642,
            0.11751901354938815,
            0.7230545773335297,
            0.10243265975250182,
            0.21786244489499612,
            0.05411930102969009,
            0.29487220489859156,
            0.2006891091678826,
            0.21184610690664338,
            0.46975134504711386,
            -0.046676098921244476,
            0.27529053643433515,
            0.009435861412839657,
            0.08558073723864684,
            0.26654214934158915,
            0.11145509894529805,
            0.3210053741083577,
            0.21545807097437178,
            0.09035379633593632,
            0.32608834203892195,
            -0.2275819439551234,
            0.15757206964861376
        ],
        [
            0.33329877872196234,
            0.5645557789105103,
            0.46262298592860684,
            0.3975531333331964,
            0.20286265268559375,
            0.46759409528451273,
            0.32787702667118424,
            0.45841530504272127,
            -0.10203482986680341,
            0.17666431232824306,
            0.5658940503753163,
            0.6224508290447716,
            0.15911708511833988,
            0.3172467104954743,
            0.6797752973631959,
            0.09030153469145161,
            0.6476075091357837,
            0.9985260605897237,
            0.06548054277517103,
            0.3951699483081161,
            0.2088298947663645,
            0.04115173823778555,
            -0.005134586627812806,
            -0.17296916314571883,
            0.5270307650733485,
            1.300109161578813,
            0.6193987263060868,
            -0.11538407939873561,
            1.302771833562532,
            0.3232098407574566,
            0.4083243391297461,
            -0.5015318281381916,
            0.020894020886860643,
            0.1991388192509634,
            -0.24193396838722295,
            0.6698694797802204,
            0.13475666145082177,
            0.6984067005617367,
            0.1559939930995467,
            0.014565003097145581,
            0.377827502119617,
            -0.05106862160805257,
            0.0011568773201891,
            -0.1516386280671649,
            -0.11355273402907316,
            -0.13457791420727558,
            0.13726731953703938,
            0.7268780417604996,
            0.019428397078769456,
            0.3050981877176851,
            0.406599011651229,
            0.0513290664748352,
            -0.09937189061894165,
            -0.18270467607320062,
            -0.15206369480326704,
            -0.09460682154821584,
            0.43224649410866556,
            0.04934837807803137,
            -0.02478487447673854,
            -0.018616448417590952,
            0.6996124304703794,
            0.5746482361646534,
            0.21828575625051497,
            -0.1721279066475536,
            0.028485450148832542,
            -0.08936375127787052,
            -0.21511960966667967,
            -0.2577973159893384,
            0.6675230208770292,
            0.18232543083918168,
            0.026359998342270503,
            -0.15804003061714228,
            -0.08882455151975234,
            0.23639927930882407,
            0.681691966388355,
            0.4994502274953956,
            0.49376289491366127,
            0.9167534063751538,
            0.02352885385541097,
            0.3757022888152282,
            0.08179502028116113,
            -0.1337428817629656,
            0.6296076155866088,
            -0.02180525668959356,
            0.6112712379774338,
            0.3976979044220476,
            0.5076176018008445,
            1.052985007013901,
            -0.2500648648075379,
            0.7773143360429919,
            -0.06338839707823683,
            0.1913080312960558,
            0.7923463723533573,
            0.12327553540271712,
            0.9282308442349345,
            0.5132621107119745,
            0.012564469946206077,
            0.28679926715944914,
            -0.4178375887249529,
            -0.056402713166641874
        ],
        [
            0.2870957101339644,
            0.29031930270905365,
            0.6131869198567973,
            0.5474338663209098,
            0.08792457138604844,
            0.32787702667118424,
            0.49322581038259444,
            0.7034727344490607,
            -0.1669667831800434,
            0.3589295686943801,
            0.82594682905011,
            0.4831102016582655,
            -0.056091120409239414,
            0.13241756947442504,
            0.4175289261038836,
            -0.1094033550815669,
            0.592201323153609,
            0.9344939193340225,
            -0.007202426899956014,
            0.14328859708553102,
            0.18110124304337513,
            -0.19483848539520668,
            -0.07518439722162071,
            -0.46856258821574437,
            0.09669577260291251,
            1.2117721712226595,
            0.5708664440532347,
            -0.2939437147809109,
            1.1753662235797797,
            -0.11810110163970704,
            0.3049325622095526,
            -0.2970149599194293,
            0.0034328792523776286,
            0.12661936399262375,
            -0.0610946412858316,
            0.7992914372308045,
            0.07162778525430229,
            0.6476087990748941,
            -0.3704896237955133,
            0.41293296460822543,
            0.3229362069335005,
            0.0014207806666968205,
            0.34646829647889127,
            -0.08942696339920168,
            -0.4028065565867078,
            -0.12935426960146917,
            0.033785723289818465,
            0.4428507138990785,
            -0.0007812723543444356,
            0.21351749336468684,
            0.37609774536174145,
            -0.06530070652758695,
            -0.3498233225443087,
            0.03866225524416299,
            -0.06429852875931069,
            0.2607104986729551,
            0.5822877787126008,
            0.08394444369872639,
            0.015164764895351186,
            -0.1223990527069915,
            0.6213659878916511,
            0.40589226232943565,
            0.14063470986939539,
            0.049079647736144184,
            0.23697936186040783,
            -0.002754324225480567,
            -0.08460765093853652,
            -0.055898192011510195,
            0.5828172090876405,
            0.03643605805114044,
            0.07113331005985529,
            -0.062129417029521905,
            -0.477147740259219,
            0.2008106774794653,
            0.48335564791244656,
            0.2743951549184154,
            0.5116382545436573,
            0.8406539254086359,
            0.1318032311487902,
            0.09611057889300698,
            -0.3776145732695302,
            -0.3877542460308145,
            0.6028461800443219,
            -0.04839477490184378,
            0.5673125330054118,
            0.1376445667091172,
            0.39238232873838,
            0.8604123823523713,
            -0.14916138603152948,
            0.6799098481982885,
            0.004857051694287125,
            -0.07251836596414611,
            0.7689395675129963,
            -0.030011732396579584,
            1.02893828540605,
            0.470440079046783,
            -0.11192168834801107,
            0.09141053420847706,
            0.07594693125521938,
            -0.2847440156711122
        ],
        [
            0.37979965470636523,
            0.3917845742321282,
            0.8544479468795528,
            0.7612036363976556,
            0.10768183967343334,
            0.45841530504272127,
            0.7034727344490607,
            1.0055626629752497,
            -0.24782606321702735,
            0.5127296675193619,
            1.1787788846401388,
            0.6810082006731283,
            -0.08110992409508654,
            0.1990004550087854,
            0.5758588239614555,
            -0.1559631606397152,
            0.8381232318372671,
            1.3099372873257997,
            -0.023224166581723975,
            0.21228839676117772,
            0.2478746892452227,
            -0.26634513364774454,
            -0.11436302301883218,
            -0.6839365556274729,
            0.10100842711218659,
            1.7028783712834779,
            0.8015290301848306,
            -0.45704227848559664,
            1.651582253095934,
            -0.16719936218564269,
            0.429118813723021,
            -0.4052964212441705,
            0.012017234637825043,
            0.18188570366025167,
            -0.08722575386412539,
            1.1363786879766602,
            0.07977186805973469,
            0.9078263364149798,
            -0.49869638548199396,
            0.6052793162499556,
            0.4807542059717012,
            -0.0005957293057178671,
            0.511698885638625,
            -0.14270156860117392,
            -0.5873593850813446,
            -0.19444601699797612,
            0.04474200918389147,
            0.6296377871234179,
            -0.004565160286674358,
            0.3230992085029073,
            0.5381043927177538,
            -0.09481664284623874,
            -0.5086130442035736,
            0.061895263193579284,
            -0.08606062874606668,
            0.4004292101429112,
            0.8040444691711656,
            0.13113518448063236,
            0.02557791832801361,
            -0.19327604082981695,
            0.8746089326343085,
            0.5858789541537262,
            0.17948730859125,
            0.07738835923760207,
            0.3700081902709618,
            -0.0017925051614952063,
            -0.11532565723587618,
            -0.05699740076500613,
            0.8040707048621363,
            0.030718956025023048,
            0.10733247310416288,
            -0.06848171701916939,
            -0.6416943598066869,
            0.28212876788029567,
            0.6689940399672489,
            0.3409686674464981,
            0.7296189234717186,
            1.180123668421024,
            0.19964701064079782,
            0.13412060233787948,
            -0.6291228407576476,
            -0.5678313336774018,
            0.8476845016791699,
            -0.07080217307639454,
            0.7857439634890424,
            0.17948947973219087,
            0.5404191868950734,
            1.1937513742044192,
            -0.20736528565092566,
            0.9521056330084882,
            0.004196388139775639,
            -0.10822735862138579,
            1.0895242847719357,
            -0.05046970472422807,
            1.4695661623678613,
            0.6626520691424607,
            -0.17326911471312573,
            0.09966841343972056,
            0.13228711837069684,
            -0.42564076474400303
        ],
        [
            0.07615893350160377,
            -0.0477433392734714,
            -0.0797450379639544,
            -0.05159909623037712,
            0.05278703468666403,
            -0.10203482986680341,
            -0.1669667831800434,
            -0.24782606321702735,
            0.11436456486395533,
            -0.0969375743998538,
            -0.2271382596456303,
            -0.20627706358693138,
            -0.009050374170623609,
            -0.11978161100577571,
            -0.1702846049411016,
            -0.004209511080880343,
            -0.23833088512058162,
            -0.31909055404658476,
            0.0479914664082954,
            -0.1583398229863996,
            -0.052651179175581424,
            -0.039707269778655616,
            0.08062126225465378,
            0.2526359481530573,
            0.058109144046865305,
            -0.43186991411641695,
            -0.20415396353249857,
            0.30087940002710684,
            -0.43170543559820734,
            -0.01244409651088945,
            -0.08087674150096064,
            0.0624248116283167,
            -0.060798364113172146,
            -0.08260087269836079,
            0.09463580809730424,
            -0.3084811824109954,
            0.07644551164151316,
            -0.2238822272320811,
            -0.07223906396489177,
            -0.10645510411813092,
            -0.26465840181835426,
            0.02903560819097663,
            -0.12388793895591452,
            0.11360988159735894,
            0.20997870812132638,
            0.11695387097119002,
            -0.017571222828105464,
            -0.2429278338880176,
            0.011164474671980862,
            -0.12581373837339493,
            -0.202859806421193,
            -0.013805225374733597,
            0.16563927054158242,
            0.018344409498865327,
            0.036331766697961496,
            -0.12554656236715545,
            -0.0747171820341327,
            -0.06748784347121303,
            -0.029031463325903534,
            0.14035892963680469,
            -0.23201085376059224,
            -0.2521048569720759,
            0.06510676875886218,
            0.010137269494326298,
            -0.18405062414433968,
            0.003665517221592725,
            0.0027724953023776405,
            -0.04438241219844883,
            -0.17696855290303054,
            0.06651444873586813,
            -0.05931515964959976,
            -0.014603056438228207,
            0.0657465984815317,
            -0.07797846234132108,
            -0.150185860122172,
            0.12848035551416773,
            -0.24757700382979214,
            -0.31364218627471274,
            -0.05314220922120897,
            -0.0803948411232102,
            0.5865374521097468,
            0.20920072634005388,
            -0.20977727131081392,
            0.05684084072441488,
            -0.13734558112692025,
            -0.03416992616327906,
            -0.1206837582712401,
            -0.2414247384414676,
            0.09199703017771475,
            -0.2401086183645566,
            0.030794904534660446,
            0.003670078115505714,
            -0.2745801316345196,
            0.03987144101434974,
            -0.3463906101128349,
            -0.1408436271265589,
            0.08683436047754883,
            0.11054398782421436,
            -0.024308213879315883,
            0.19839941571236971
        ],
        [
            0.27552194656197393,
            0.11636729151310424,
            0.5102306245846453,
            0.47741528992298876,
            0.06577152227836915,
            0.17666431232824306,
            0.3589295686943801,
            0.5127296675193619,
            -0.0969375743998538,
            0.311970551561597,
            0.6994810757876331,
            0.20701495554128413,
            -0.10234886084358634,
            0.04135985093248042,
            0.08918817563658603,
            -0.1544640354874898,
            0.30793826883200637,
            0.48605218874737205,
            -0.029463846091459238,
            -0.031182335869622622,
            0.062318284775729656,
            -0.23881341941117193,
            -0.015002470370974238,
            -0.302204071684723,
            -0.07167262645989868,
            0.6323032937625377,
            0.2909530713464846,
            -0.1617575838938483,
            0.5889303500760195,
            -0.1750162188824546,
            0.21173097589369647,
            -0.13207215601871958,
            -0.046188154334183114,
            0.030455258988165486,
            0.08866523834622089,
            0.4835088388715135,
            0.04956277050640521,
            0.332142941429088,
            -0.38751333218132755,
            0.49404835165882977,
            0.11923696769518424,
            0.03303123844810094,
            0.3843884842273226,
            -0.037581743845598904,
            -0.26831006965971066,
            -0.04370771386651611,
            -0.015632951633248952,
            0.13519127853059043,
            -0.009227301716975552,
            0.20665036316829782,
            0.15126621599981405,
            -0.12589139463363477,
            -0.2506377146427498,
            0.140970309991568,
            0.025825046173412827,
            0.3566978097943479,
            0.4276793743560076,
            0.08339329401004646,
            0.0009608606325412474,
            -0.06489345552729875,
            0.3163753006799189,
            0.14362440402843918,
            0.13074360242895797,
            0.14530396946933022,
            0.24708532136088257,
            0.02130166890206156,
            -0.0619552851359914,
            0.032768552119040006,
            0.2382107487158273,
            -0.006648087101583275,
            0.03686155082135427,
            0.054671865567899554,
            -0.20946892918323667,
            0.0925960111716339,
            0.20660274362163544,
            0.1826655117301641,
            0.23759576681616204,
            0.4037938411679959,
            0.1751081101451951,
            -0.043234154881807776,
            -0.19391182289047204,
            -0.26476161121246533,
            0.3279372699771389,
            0.02184937387196651,
            0.31864612439274853,
            -0.01733926590999103,
            0.14935010747505487,
            0.4391997504063564,
            0.010169696960839667,
            0.33106670746936956,
            0.0400564184815238,
            -0.13183315810039192,
            0.4723613757545738,
            -0.032943485563029395,
            0.7644371227846195,
            0.3051121259945388,
            -0.10543821139092026,
            0.06726945843317375,
            0.2568545738360747,
            -0.1852466226921639
        ],
        [
            0.7227541339450916,
            0.47618981639391883,
            1.2091335033507782,
            1.1262893461754522,
            0.2321500614626047,
            0.5658940503753163,
            0.82594682905011,
            1.1787788846401388,
            -0.2271382596456303,
            0.6994810757876331,
            1.6994466821652334,
            0.6275569824193072,
            -0.10019521524515021,
            0.30117848565828537,
            0.36330611652892963,
            -0.25732176470655693,
            0.8359737753075677,
            1.258120736777758,
            -0.060333829318719716,
            0.1347710242796272,
            0.14280220804470822,
            -0.4244913214165252,
            0.014007894795562503,
            -0.5866485996609663,
            0.04859324423700485,
            1.6559003172358224,
            0.7633930402036456,
            -0.3778425328614488,
            1.5708791488237916,
            -0.08813838955769973,
            0.6538981508101854,
            -0.469547913904208,
            -0.10205181843770328,
            0.13667012393921493,
            0.11253608673534948,
            1.1592582732022652,
            0.12350956513811774,
            0.8637733429561975,
            -0.5083791543419527,
            1.0860408045644094,
            0.4057293128405107,
            0.04247945429977409,
            0.8216147027870649,
            -0.20012771130558993,
            -0.49539576340701963,
            -0.14044229210130374,
            0.031265872039269095,
            0.5729113844840041,
            -0.01970514323672813,
            0.7236269798808279,
            0.4105583457157188,
            -0.26349235819517886,
            -0.47966465950634785,
            0.2329206883274256,
            0.02782478143412532,
            0.7815643042838563,
            0.9463562822585015,
            0.23786548963496285,
            -0.02535793079793321,
            -0.13163699389448755,
            0.860552917895441,
            0.5267549547683652,
            0.37214387903593044,
            0.2459308577726122,
            0.6026107993450905,
            -0.009148556149412268,
            -0.2746430162720919,
            -0.006150864720928827,
            0.5893737597894807,
            0.041782068518358154,
            0.0728111132350707,
            0.15252967790142283,
            -0.04637321692103758,
            0.25686451719336084,
            0.6426745513625701,
            0.5464767574991682,
            0.5918505948764214,
            1.0531405371976348,
            0.4372743923832684,
            0.10030830499375855,
            -0.3597867159036821,
            -0.5269418554450482,
            0.8498638372513299,
            0.095988430826676,
            0.8102171880931219,
            0.1080311435922143,
            0.4149243987015484,
            1.2194354329320205,
            -0.014325559264751991,
            0.8914732994832217,
            0.04794645681538002,
            -0.15206391262589958,
            1.26379371113425,
            0.026001794425708782,
            2.00518997984256,
            0.8363924846758561,
            -0.2215333669083293,
            0.27046687326553426,
            0.37517791780267284,
            -0.34718207127166784
        ],
        [
            0.2503756616349164,
            0.7374052478376604,
            0.5125929586389798,
            0.4032301755764237,
            0.1852993783452697,
            0.6224508290447716,
            0.4831102016582655,
            0.6810082006731283,
            -0.20627706358693138,
            0.20701495554128413,
            0.6275569824193072,
            0.9744743469917342,
            0.20784349836392405,
            0.4043344076591854,
            1.120015876404509,
            0.15784036212429203,
            1.0048898644115665,
            1.5674544856641754,
            0.0901936169337145,
            0.6241413174271547,
            0.377021158049224,
            0.12433348022018616,
            -0.12003749421065892,
            -0.43663845840450316,
            0.7050465587365357,
            2.0327520218368966,
            0.9761896862821403,
            -0.3361176505996839,
            2.0497595966192685,
            0.34974897529110005,
            0.4666422654629402,
            -0.6742823679416119,
            0.11323550822301658,
            0.3285317436059426,
            -0.46716227003369176,
            1.0757340665918012,
            0.13612917044415512,
            1.1001299989691637,
            0.16220046020927764,
            -0.1626203743440227,
            0.6637074511182579,
            -0.09935808397569589,
            -0.08478607048582548,
            -0.20960708635901734,
            -0.33317869975174624,
            -0.26189192167679376,
            0.1948214493137346,
            1.1139796268753297,
            0.030369085386105225,
            0.22770510104609384,
            0.7224959018491518,
            0.158505954298247,
            -0.2550957198776711,
            -0.33403393024100003,
            -0.28429994037657974,
            -0.26410017638563127,
            0.5928570341181583,
            0.034684290797120154,
            0.009855606656292419,
            -0.12382111813060794,
            1.0817135772041868,
            0.9168836214806833,
            0.17009593584022906,
            -0.31474739537315743,
            -0.005068227619157645,
            -0.11156843102402313,
            -0.1963508573580534,
            -0.3565618194286516,
            1.1365145343635474,
            0.21321202054014737,
            0.08441342153624758,
            -0.33990219594174537,
            -0.5701076469136752,
            0.3759618364314799,
            1.0174343559768306,
            0.5266865494662429,
            0.8771898799588996,
            1.48938378356619,
            -0.07196824204511344,
            0.5417101565772448,
            -0.2967741355392485,
            -0.3258376405247703,
            0.9726019183245248,
            -0.1523698948457046,
            0.9080124525653432,
            0.5856274433574399,
            0.8287994772440386,
            1.554945658792869,
            -0.4881880467887725,
            1.2214503359751208,
            -0.1154494618953707,
            0.2570468835507788,
            1.1271584188858899,
            0.09518291654185876,
            1.1535407964571687,
            0.6781103667807443,
            -0.000839497353572651,
            0.24853502709745323,
            -0.6582903680401936,
            -0.2279191261041514
        ],
        [
            -0.019549498386944156,
            0.23353014291693922,
            -0.10028967136713542,
            -0.11265077627353781,
            0.05667330359685761,
            0.15911708511833988,
