{
    "pos": [
        [
            1.9123114596059179,
            1.381428048980834,
            0.10169282857915425,
            -0.12550325858961436,
            1.3638985022245458,
            0.770798748283006,
            1.5828159004942062,
            0.01878631573254767,
            2.086476576301314,
            1.253912236876088,
            -0.2519749874721179,
            -0.2924292068069702,
            -0.23177612552239557,
            0.8453246107092852,
            -0.9131746711512747,
            1.6456800477061262,
            0.05597875578114029,
            0.5642812502062602,
            -0.23127787280966805,
            0.5482527573955154,
            0.8994067843896224,
            -0.14546382186738302,
            1.2818174746016426,
            -0.0006868411221492713,
            0.9287326744542256,
            -0.17602418851312696,
            -0.029093826175246026,
            -0.34534016438726683,
            1.994221424713921,
            0.7629619589445604,
            1.4143827646845748,
            0.49923582630639296,
            0.14034184385781645,
            -0.5348358494106635,
            0.6523938445223247,
            0.45020182521147706,
            0.8484122521671003,
            0.5445737977224224,
            -0.05572585249835515,
            -0.48757629984653783,
            -0.49912943707491025,
            0.15020899614221464,
            -0.6505200480742516,
            -0.37543014490479426,
            0.027916926825650376,
            0.023607319463989626,
            1.6915198713831463,
            1.881893624076672,
            0.18845378120375336,
            0.3247480880533431,
            0.8430107555827727,
            1.368519271856337,
            -0.09558358702950635,
            -0.17956810089669886,
            0.4111371433038876,
            0.23069016169591172,
            2.064458102658383,
            0.09590239058785627,
            0.5199919273720495,
            0.016242038862926928,
            -0.14579600649656352,
            -1.142937115459669,
            1.214702597934913,
            -0.1868644261282646,
            -0.8111547703313647,
            0.3574081776335938,
            0.3122524040543877,
            0.2917669483010085,
            1.0472370138566438,
            0.8518569345531447,
            0.28847537589433875,
            0.5221855636393314,
            -0.6621088059065044,
            1.1609380959207256,
            1.1502071850604496,
            2.0629427847375044,
            0.3106925086598944,
            -0.7819986290804875,
            0.46064019137689294,
            1.8955081586433569,
            0.7727123944857465,
            0.14869549920659975,
            1.9238500783407393,
            -0.1497863270519488,
            0.4843896003601043,
            1.057262370951084,
            0.131908152532296,
            0.1969294098270679,
            -0.12018585158407742,
            0.1413613784853329,
            0.2103635787893895,
            -0.24952068925796717,
            0.7141097959913693,
            1.3539614826131308,
            1.455718421585268,
            0.06989128969584442,
            0.6947820680954573,
            1.7527709456347116,
            -0.4251125133811008,
            0.02389024655890159
        ],
        [
            1.381428048980834,
            2.716090696033575,
            0.6417997301844176,
            0.5364210611226375,
            0.4122632979590303,
            1.3823504168636513,
            2.196009252896654,
            1.3424981284321815,
            2.333020311176678,
            0.7036033364731598,
            0.028544771428580556,
            0.8034936996759372,
            0.5451292581886495,
            0.33787559770566167,
            0.008254462961368468,
            2.005519787091115,
            0.8490192712330681,
            1.7316022709401175,
            -0.037606129710611724,
            1.1893669244273555,
            0.6056480400122823,
            0.8701028582611614,
            2.468633403542105,
            -0.09736997167597457,
            1.8772413420451457,
            0.024599231497273024,
            0.621608456044798,
            0.009206306055374865,
            3.5905546630510012,
            1.412468783485109,
            -0.5720226753305391,
            -0.1584469382868972,
            0.3802037930005542,
            -0.023240076668684568,
            0.9646072658690527,
            1.1626012406025767,
            1.5708857755557668,
            1.0346375846040983,
            -0.4082773549990907,
            -0.13212759427507756,
            -0.20175568433566593,
            -0.11269421120087666,
            0.01382456889691732,
            -0.5005852140742739,
            -0.07296847316738592,
            -0.42142584196545807,
            0.44624726479944726,
            3.2814765218140254,
            0.29356807768717935,
            -0.5987163052542155,
            0.7638175122860872,
            1.6205765529108012,
            0.06872189402274405,
            -0.07160884676260136,
            -0.38601220505739087,
            0.3805546379581335,
            2.3715140967257655,
            0.6457255597455629,
            0.4198338715424741,
            0.10729629137506783,
            0.8623592850529133,
            -0.2984730077949263,
            -0.025865851857988842,
            -0.08025583052474476,
            -0.5679657004593726,
            0.033368152186253504,
            0.1723489459103997,
            -0.378570230256603,
            1.547707898493846,
            1.1633730224938645,
            -0.038169996677097515,
            -0.040257186788654704,
            -0.27546678343541436,
            1.850161490635647,
            2.2344712027601963,
            2.2538015291212106,
            1.2483645886191108,
            0.08504134040670418,
            1.6044825930088873,
            2.673993829923723,
            1.2689764889140376,
            0.13677139912785755,
            3.385942532321208,
            0.5038177093690047,
            1.3412484668007125,
            1.0027347653613736,
            1.0453063071528008,
            1.4102465067583536,
            -0.12505481377571515,
            0.6913735322293111,
            -0.1760244395712133,
            -0.23463031050457556,
            0.7835769796391264,
            0.6157554271653467,
            2.2094123225108167,
            0.6165833018441771,
            1.0183310611640823,
            1.4723349146585185,
            -0.1075440099637778,
            0.22165484928399004
        ],
        [
            0.10169282857915425,
            0.6417997301844176,
            1.3825727370109007,
            1.3630775622845868,
            0.05882187301701334,
            0.10906776056605921,
            0.5846895858173035,
            0.7345891552706569,
            0.2446888663053565,
            -0.3262202355087161,
            0.7254167874597252,
            0.5310100272452528,
            -0.2593825366484774,
            0.9260774285585915,
            0.44725143746838286,
            0.6216281475561694,
            0.5842635091820835,
            0.6995456130436266,
            -1.1087841210013054,
            0.3971020920844461,
            0.6325844649199357,
            0.3171682134291629,
            0.4576428695648928,
            -0.9897599284608525,
            0.11290990115382118,
            0.17309938914232073,
            0.41995327743749544,
            0.5427049422300393,
            0.9385069382566775,
            -0.2612841299299215,
            -0.30718436561843854,
            -0.2238768049275658,
            0.9317810035962686,
            0.5978861319014145,
            0.474254941995214,
            0.33859228499104854,
            0.5804633819701979,
            0.4631721971443374,
            -0.011681281101802016,
            0.4503811592041296,
            -0.2164467267896579,
            0.1011134931983079,
            0.33162052677242765,
            -1.2119714047276364,
            -0.895384372875911,
            -0.6327002328671529,
            -0.13937485605208272,
            1.3966566685843962,
            0.1520325705742887,
            -0.8854557563624736,
            0.6792638628084893,
            -0.2017501188641469,
            -0.40138693567030687,
            -0.6094998229469127,
            -0.14729832960542763,
            0.916465127683966,
            0.4133997918055619,
            -0.00263731822747389,
            0.23347126396900397,
            -0.38829452011635424,
            0.6498565475693264,
            0.26547651692046953,
            0.2153792078099353,
            -0.5832975153439178,
            1.0606677726380804,
            -0.4729034373679777,
            -0.08132441455274085,
            -0.3227363622701569,
            1.223839248449699,
            -0.24692952899263615,
            0.1815278790234722,
            -0.8540771280552509,
            0.7811058841495928,
            0.6511547601743206,
            0.9580109072503403,
            -0.45095497910609184,
            1.152534340502407,
            0.445917096026127,
            0.35213224714075,
            0.39441331219631937,
            0.35961465123776715,
            -0.6160756884630296,
            0.9103470837807631,
            0.08778093965909713,
            -0.09305284090987194,
            0.1830675366441605,
            0.8552800060246307,
            0.11290592831609121,
            -0.2393843528039462,
            0.09946274826799352,
            0.05081429869888615,
            -0.7729796762696554,
            0.5576415703108558,
            0.034905236809979014,
            0.29848154737531457,
            -0.08602995148903318,
            -0.045680523660708905,
            0.4660832625832738,
            0.31938756217734926,
            0.12319758859773998
        ],
        [
            -0.12550325858961436,
            0.5364210611226375,
            1.3630775622845868,
            1.393413450168298,
            -0.07386013974999343,
            0.18990759615295455,
            0.43267197022958376,
            0.7739598356367399,
            0.05748926111974298,
            -0.44241769361476974,
            0.8260863067108268,
            0.6974878183242208,
            -0.1130663764228474,
            0.7690797702574783,
            0.6504997480780143,
            0.5311616854725364,
            0.7032722607458274,
            0.7722296398407491,
            -1.1139234845191197,
            0.3213129794929902,
            0.5897031212615171,
            0.4633201642168035,
            0.3773476584716744,
            -1.0051962061961228,
            0.060294342496352085,
            0.204722656616932,
            0.5565733172150614,
            0.5331117729063894,
            0.807696788721138,
            -0.26049389939529366,
            -0.5108753385248627,
            -0.3170582686644997,
            1.001278343712723,
            0.6993718998676274,
            0.37565578533481214,
            0.37442590944720133,
            0.4412280307569849,
            0.5031097407797206,
            0.084226165459857,
            0.5297270810565307,
            -0.026391059869234946,
            0.05668174593969151,
            0.37229161716213305,
            -1.1709935591978373,
            -0.9115859775565671,
            -0.7136557317179459,
            -0.35617931358195193,
            1.2384512387963589,
            0.12134969603373363,
            -0.9196564197643756,
            0.6982860058424557,
            -0.3528508444732581,
            -0.3988038892782788,
            -0.6626195993669102,
            -0.2596732845379803,
            0.877004162128923,
            0.235562987138543,
            0.09321317317168622,
            0.2147992165388744,
            -0.38289846822899065,
            0.8479388446627367,
            0.5213694342311638,
            0.11312795746895665,
            -0.6481935429343477,
            1.190451398916241,
            -0.5630456167244188,
            -0.15810577084943336,
            -0.4205553767946379,
            1.1241900733297605,
            -0.3216647832496867,
            0.09749481342021828,
            -0.9605297599938596,
            0.6730171897654625,
            0.6256410113439052,
            0.9165127835069686,
            -0.6253122820772825,
            1.0952158976990758,
            0.7504629344594682,
            0.35495715754994955,
            0.198724723175306,
            0.29563952056799825,
            -0.6361593101122347,
            0.7924257721729576,
            0.09653802291467477,
            -0.028996085164891595,
            0.0961848421117579,
            0.9621946932406212,
            0.17003479414012238,
            -0.3029195411556442,
            0.21951447718303863,
            -0.010252852108689939,
            -0.7136957169823096,
            0.5105065094536902,
            -0.11172552465638566,
            0.1871631809454547,
            -0.03102896049599771,
            -0.0639647580668192,
            0.2684384506392655,
            0.2785168997791618,
            0.10401376433439598
        ],
        [
            1.3638985022245458,
            0.4122632979590303,
            0.05882187301701334,
            -0.07386013974999343,
            1.448419645191987,
            0.6513031191832107,
            1.1178763511313765,
            -0.277440715618798,
            1.2782611728490125,
            1.2332022653993386,
            0.33703001796936605,
            0.0312930436630405,
            -0.12802194863105792,
            0.8229809025113103,
            -0.6279131351078002,
            1.2610479384742463,
            0.3809187680733053,
            0.5240841816497982,
            -0.5986164301022268,
            0.2078820762000942,
            0.9960718454603884,
            0.17914022246571196,
            0.5976506621340044,
            -0.30926951123678736,
            0.323563548713257,
            -0.05802109568253536,
            0.324298079864513,
            -0.4490213153016158,
            1.0467707134593245,
            0.26873025274929735,
            1.5827811307591055,
            0.32473702390202586,
            0.41169200514735077,
            -0.4179614514723624,
            0.2629708276188063,
            0.39120628968936066,
            0.1220706316574751,
            0.6353592376970492,
            0.593997912922757,
            -0.046483041144489035,
            0.03437750947011289,
            0.2259155985718201,
            -0.3752528376843347,
            -0.503380178162991,
            -0.22582937464140965,
            -0.11804652031824601,
            1.4256524543759108,
            1.0391030272785682,
            0.12669013401905074,
            0.43997221958490074,
            1.1698730348767472,
            0.603437809052541,
            -0.2346787100293693,
            -0.44512229353647287,
            0.4318436122055112,
            0.3005315477162965,
            1.3823660044660677,
            0.1201949185849295,
            0.5744292590672395,
            -0.13712699211102541,
            0.26538797996412866,
            -0.36180098218972423,
            1.5695545248030494,
            -0.4611113319480515,
            -0.5870574351319207,
            0.10181269591912981,
            0.24336284965141988,
            0.16093178433350863,
            0.695818337785325,
            0.17350425234418743,
            0.26944029920170964,
            0.1541572976531752,
            -0.895067312322317,
            0.9733984609096151,
            0.6443358464900278,
            1.1271772897484376,
            0.11332186404802867,
            0.034896584627209536,
            0.16900299034366445,
            1.0164779035448328,
            0.2651405837879083,
            -0.12699040612640203,
            1.0861704773924161,
            -0.3478230037790637,
            0.529494109217128,
            0.8945330175008543,
            0.41356487879108594,
            -0.1106221217410792,
            -0.22056828723441685,
            0.40789795976825344,
            0.28903060764584787,
            -0.3779766717976106,
            0.6338942057969096,
            1.1848887007716762,
            0.7983752096737711,
            0.149884001271549,
            0.38499984546853366,
            1.2117406149184884,
            -0.6099312419099884,
            -0.3104130161209562
        ],
        [
            0.770798748283006,
            1.3823504168636513,
            0.10906776056605921,
            0.18990759615295455,
            0.6513031191832107,
            1.7204590036632408,
            1.2493242281195394,
            0.6502527750589944,
            1.4673547864707324,
            0.7697480764185287,
            0.5256182287881848,
            1.1339913017273247,
            0.9531840459974874,
            -0.1143795882560412,
            0.44496228262350307,
            1.6196989391789829,
            1.1833610081745536,
            1.6053008925091345,
            -0.28794285976362,
            0.39510316565334974,
            0.7988498083323514,
            1.1941502676113147,
            1.453040792260816,
            -0.15395417896311617,
            1.1046430368744267,
            0.0645555380198428,
            1.139615368426165,
            -0.4538840882320533,
            2.1406059937178497,
            1.1487446594752446,
            -0.08090920071663472,
            -0.20915590514254145,
            0.7167299659480898,
            0.09625406218819817,
            0.23497887400126985,
            1.0658974026780823,
            0.29949876871429554,
            1.1640755949600161,
            0.5791135791655717,
            0.08748611107690146,
            0.8018820715218024,
            -0.15866255204062893,
            -0.278883980481203,
            -0.24613981238151414,
            -0.11130586444784858,
            -0.6340298708422617,
            0.35682341458841615,
            1.7393529754497008,
            0.07739606776988671,
            -0.04124888652298262,
            1.260879957683497,
            0.7811147831138522,
            -0.05589072305203824,
            -0.5510320304278995,
            -0.4391742412487003,
            0.07818775923896956,
            1.5485910367109472,
            0.9425816329052078,
            0.5391376733518803,
            0.07333198902450482,
            1.5021146238607819,
            0.6101202839984949,
            0.5927912508445503,
            -0.6372148827961422,
            -0.22051142036291807,
            -0.24595710265093385,
            -0.11820237278728703,
            -0.49544705636511294,
            0.7823696131167737,
            0.6072190432648403,
            -0.2781087063364657,
            -0.22936087656422846,
            -1.5196591214348947,
            1.5659457942349126,
            1.483973294306392,
            1.506571327901083,
            0.29610381301636085,
            1.3896744442789117,
            0.9817105997733212,
            1.3476511992918798,
            0.649554668877552,
            0.03187139540374789,
            2.107974139166395,
            0.05091651014176132,
            1.4162547583502716,
            0.7966158695330458,
            1.2239657386297504,
            0.9993854559099152,
            -0.5567907329587934,
            1.223891634366506,
            -0.22443518907785284,
            0.051551833504063144,
            0.623809013622363,
            0.5580226586618481,
            1.3405600252397547,
            0.6888663001220261,
            0.851263599344107,
            0.8103066094654869,
            -0.771818137537213,
            -0.12732329986819457
        ],
        [
            1.5828159004942062,
            2.196009252896654,
            0.5846895858173035,
            0.43267197022958376,
            1.1178763511313765,
            1.2493242281195394,
            2.7669067375737333,
            1.1285751957073118,
            2.24435686436524,
            1.481355715910896,
            0.7444475181559864,
            1.1449408843128894,
            0.5252932976356742,
            0.7854400417853444,
            -0.29526061856440294,
            2.175681707771756,
            1.3426926978935414,
            2.0133498688751845,
            -0.4172889413009916,
            1.354038155606391,
            0.9221800269764606,
            1.4121589900773426,
            2.4364301614417565,
            -0.473378352278015,
            1.696851652298598,
            0.16164129586019405,
            0.9945246042784334,
            -0.22696577030385742,
            3.5825744654557905,
            1.0180260880109242,
            0.1222927385987843,
            -0.29276639293454865,
            0.4918211632355842,
            -0.3722957385757606,
            0.8832541406757521,
            1.3703790756337364,
            1.248027532168579,
            1.3966382369375916,
            0.3285069920409592,
            0.441209325915861,
            0.09885975487718783,
            0.16251924560806855,
            0.6655996822931396,
            -0.8345670108226755,
            -0.3353317950843345,
            -0.3621844214261015,
            0.7427287507612963,
            3.341038943088673,
            0.4210379132338742,
            -0.3850848393170127,
            1.4068060972349414,
            1.3636423368259782,
            -0.03954631965518574,
            -0.12967472586816386,
            -0.06674607927775104,
            0.6483237652763489,
            2.521029585863791,
            0.5653222450288532,
            0.6693437098053052,
            -0.08656300636603194,
            1.1476840267753095,
            0.2635624257325799,
            0.8269386310826365,
            -0.09741738848770388,
            -1.3199725734919987,
            0.001029060043086163,
            0.513279859970068,
            -0.4065450228386507,
            1.550791749727544,
            0.533986790383052,
            0.21176936871407712,
            -0.24718522957023006,
            -0.36700992525993326,
            2.2088186259812517,
            2.080334333721495,
            1.9780284885966706,
            1.5276195788740363,
            0.48032964332698636,
            1.78475859432486,
            2.778079437220932,
            0.8929768478081341,
            -0.15673077097132504,
            3.453852356155144,
            0.3950236209481575,
            1.9338368621523583,
            1.3677127758161836,
            1.5219186800847453,
            1.2641541744465603,
            0.0869593050677343,
            1.048210934609264,
            0.15281932583356672,
            -0.7099915240499207,
            0.9451154000669212,
            0.9440109832542988,
            2.2100958010847886,
            0.9691775470700578,
            0.8459818104575803,
            1.510172614953797,
            -0.3136728605309475,
            -0.38971415990897984
        ],
        [
            0.01878631573254767,
            1.3424981284321815,
            0.7345891552706569,
            0.7739598356367399,
            -0.277440715618798,
            0.6502527750589944,
            1.1285751957073118,
            1.1869844515192587,
            0.6367954599060036,
            -0.02145764302016398,
            0.5753741450387361,
            1.085574672970595,
            0.5491020738418947,
            0.07769830939529901,
            0.5873192932723843,
            0.8119198834364248,
            0.9626630812861801,
            1.3273153267901106,
            -0.24138496192563028,
            0.7741229296991818,
            0.17153363414662803,
            1.069059322597308,
            1.3240760411598251,
            -0.4102254573337053,
            0.936371592823141,
            0.21405158830822515,
            0.7548642832235154,
            0.2573973850884866,
            1.9127062336407872,
            0.510883267886827,
            -1.21101433785067,
            -0.541947014864652,
            0.46292643234992314,
            0.33235671573178766,
            0.4555644367969211,
            0.8244796129009929,
            0.7751420653244283,
            0.7361606930679572,
            -0.05587037869733912,
            0.4838343758479412,
            0.21458429159681228,
            -0.07956822442167716,
            0.7049564267544763,
            -0.5379015848038115,
            -0.3509857477721762,
            -0.48248509798727435,
            -0.6367979034814241,
            1.8412972072218552,
            0.19662449607577104,
            -0.8155986776571267,
            0.46027953628033025,
            0.34992051522228207,
            -0.001672747821356489,
            -0.09667069647817815,
            -0.5120361217201791,
            0.4460248872949928,
            0.796610836077024,
            0.4566426575614954,
            0.15202532626191712,
            -0.0648601007767191,
            1.0513935071760256,
            0.7282415114833385,
            -0.46430692219681174,
            -0.08135590938964027,
            0.018594007591799237,
            -0.3117618892275984,
            0.03682993566450587,
            -0.5806360023708901,
            0.875222471279308,
            0.16800594914319159,
            -0.09914923108820144,
            -0.613618834197025,
            0.3082164880395678,
            1.0597297538137447,
            1.27865832835993,
            0.38129322335028404,
            1.16722449242288,
            0.8071017628425401,
            1.175651081736184,
            1.132933719128026,
            0.5149524334483988,
            -0.20528322691188802,
            1.807163834520627,
            0.49480482438203793,
            0.9910427764804208,
            0.32162059931213405,
            1.1275048744196245,
            1.0269262935532635,
            -0.013507693734674045,
            0.6331649804822583,
            -0.16385695916368204,
            -0.35020665549476193,
            0.36819315933521735,
            -0.23272028377666643,
            0.9755577839774221,
            0.5707089633107078,
            0.34266665915647354,
            0.21797704824593836,
            0.17154776169295105,
            -0.008414412990315373
        ],
        [
            2.086476576301314,
            2.333020311176678,
            0.2446888663053565,
            0.05748926111974298,
            1.2782611728490125,
            1.4673547864707324,
            2.24435686436524,
            0.6367954599060036,
            2.7329478139030243,
            1.374525213221493,
            -0.11597236022989002,
            0.3135569214976932,
            0.2772799043137209,
            0.6447249097140728,
            -0.5942578032289905,
            2.2856758820998517,
            0.5879961435145435,
            1.390427681027825,
            -0.15205282801636844,
            0.9282862960940573,
            1.0078817548362122,
            0.4763971870550494,
            2.1916916607145533,
            0.007207595909498961,
            1.6524181756847551,
            -0.11628314829905409,
            0.4383292150213629,
            -0.3835048862347857,
            3.264357867857657,
            1.3835534645323477,
            0.7893814009164248,
            0.2670121815933415,
            0.33036747825772533,
            -0.4216722764695348,
            0.8708856725094081,
            0.9928317127506313,
            1.2627103729944347,
            1.0190881097751994,
            -0.08218736966671986,
            -0.42009758344724546,
            -0.25310844595947146,
            0.020710218075083858,
            -0.5444254903884261,
            -0.42667755021583836,
            0.039154797001765114,
            -0.23634004119887636,
            1.4801885397699734,
            2.9366168336136496,
            0.2587435323571135,
            0.052431673095203246,
            1.1258276647823786,
            1.8203245773687655,
            -0.019778541665604076,
            -0.22403053400229062,
            0.0576273888061443,
            0.26273587597788023,
            2.736698864231183,
            0.5297255412636628,
            0.6382174730090728,
            0.1019148088828381,
            0.5100653907284887,
            -0.832520032374541,
            0.9681803963200644,
            -0.2529177204739008,
            -0.9465109026707227,
            0.25632820181643323,
            0.27637906581960475,
            -0.023112945580719343,
            1.4454099008962575,
            1.2303750016362358,
            0.11843496384325165,
            0.3784587392558551,
            -0.9692053205466927,
            1.8619046906796617,
            1.9675678380201789,
            2.748222795067669,
            0.7002071734081962,
            -0.26910694437507743,
            1.1615221700819869,
            2.6982043838740326,
            1.1768169373475026,
            0.2183987912550605,
            3.1261848813882835,
            0.10132732111225143,
            1.1995733802807373,
            1.3189229769903401,
            0.7088065873965911,
            0.9159836014578451,
            -0.2340153085348678,
            0.6325592743861342,
            0.028384055825698043,
            -0.20163137185364174,
            0.9166874093610828,
            1.3356262457641315,
            2.2000181592662145,
            0.4536479594538163,
            1.0946083389087702,
            1.987570657146005,
            -0.5367346846876944,
            0.06939099436975597
        ],
        [
            1.253912236876088,
            0.7036033364731598,
            -0.3262202355087161,
            -0.44241769361476974,
            1.2332022653993386,
            0.7697480764185287,
            1.481355715910896,
            -0.02145764302016398,
            1.374525213221493,
            1.4471185438482053,
            0.3046846143993027,
            0.343153432281597,
            0.280085334975773,
            0.38084820429981203,
            -0.6257737223743238,
            1.2454889099761726,
            0.5896333093171994,
            0.8347432308017336,
            -0.06800473443094184,
            0.49070511649628357,
            0.6441006556606232,
            0.642027577196367,
            1.0561584856488204,
            0.002224428217850963,
            0.7489538730833933,
            -0.006573712445690701,
            0.47402455284608247,
            -0.5811027538194483,
            1.5300164253167967,
            0.5810037104561898,
            1.038706300593331,
            0.09571936378555848,
            0.04599810295432952,
            -0.6433258024785639,
            0.2517042191923639,
            0.6424381386331466,
            0.23378098099894273,
            0.7493167436633,
            0.5753886766251858,
            0.07926486594367516,
            0.23612993155514617,
            0.17269917742045618,
            0.06055080357313837,
            -0.1271498855261067,
            0.07861993326846564,
            0.05378145914370705,
            1.0680421924158845,
            1.245320045611247,
            0.18303533110885903,
            0.46234225096179593,
            0.9722903494363389,
            0.8527970582978752,
            0.016803741773888714,
            -0.03973863682595665,
            0.2804715437559951,
            0.06415362154146513,
            1.508794994025827,
            0.291907333426237,
            0.4935363937176355,
            0.027007561898727203,
            0.40781290211129867,
            -0.037313966760681674,
            1.1433808183803238,
            -0.04112407498806017,
            -1.3604637892410514,
            0.22381835740871173,
            0.40174475109136143,
            0.027345578598402198,
            0.4351322275215627,
            0.2794694516692299,
            0.16817683722810267,
            0.27628259801364546,
            -0.9527068858880867,
            1.1489486297501623,
            0.716333704259216,
            1.453377403831443,
            0.22212670830667608,
            0.15238245076549886,
            0.6804655833845419,
            1.42633378953788,
            0.2611884095044647,
            0.07665359343588789,
            1.5254630150771973,
            -0.06826808398421468,
            1.186465431660247,
            0.9576730172095713,
            0.5592581782192976,
            0.3890330993107498,
            0.04801946183651268,
            0.6640913510447226,
            0.22682011787463685,
            -0.21815652794256868,
            0.4774845363853686,
            0.9760109942555041,
            1.130978520357146,
            0.5678074794588531,
            0.514358563148353,
            0.9760712188799444,
            -0.6038697637727753,
            -0.4685996066419382
        ],
        [
            -0.2519749874721179,
            0.028544771428580556,
            0.7254167874597252,
            0.8260863067108268,
            0.33703001796936605,
            0.5256182287881848,
            0.7444475181559864,
            0.5753741450387361,
            -0.11597236022989002,
            0.3046846143993027,
            1.4046761111116663,
            1.3371220142839686,
            0.47122857403798507,
            0.42490514256299355,
            0.6631321490100105,
            0.597498853407338,
            1.3567465337222222,
            1.2358755707224194,
            -0.9746603362839654,
            0.3190834476628301,
            0.6252448476068817,
            1.352206680159493,
            0.42190500737128744,
            -0.9430202031146359,
            0.08230829657802953,
            0.32865158487685486,
            1.180059756518387,
            0.01605389099384868,
            0.7493583659669093,
            -0.20369958025642865,
            -0.30061222238546687,
            -0.5863379238148566,
            0.9298392384749168,
            0.3391674950671355,
            0.016842704989216785,
            0.7333457977341538,
            -0.18190081594041818,
            0.939249586848776,
            0.9514092810656671,
            1.0065707014101972,
            0.8039442509352925,
            0.12920123318870722,
            0.8866703780245397,
            -0.9049358037124574,
            -0.7858716037120922,
            -0.6549719168191142,
            -0.4303561948161928,
            0.8909148899837098,
            0.1453982763521973,
            -0.48564812817371855,
            1.2038507759481902,
            -0.5397728504772987,
            -0.29591831071593433,
            -0.5976102966251713,
            -0.24727627586174666,
            0.6637125207590645,
            0.2316878527943684,
            0.40103372208944493,
            0.38728026048052766,
            -0.3432813025691392,
            1.4858247886998353,
            1.4879796818188997,
            0.5827300445252186,
            -0.5921807227495778,
            0.2092498831624648,
            -0.5887792665480175,
            0.031598526749777485,
            -0.6097000552586311,
            0.6129902564911851,
            -0.7309077291762527,
            0.022342649355681737,
            -1.0141139763766165,
            -0.16171417990515974,
            0.9713387953800385,
            0.6712402361076931,
            -0.6230358773451545,
            0.8888081855907134,
            1.7013297666832843,
            0.6698645445391745,
            0.1558729034886877,
            -0.12398496731766853,
            -0.6369773819159796,
            0.8120261622621557,
            0.05828486055069224,
            0.995436532951401,
            0.3461710437898568,
            1.478414550735997,
            0.39708786547147,
            -0.198921897860952,
            0.9563285279207906,
            0.0822092927233256,
            -0.679465223947632,
            0.4475329557046501,
            -0.03819351297945438,
            0.21737476031097946,
            0.594099335188892,
            -0.03025369196443803,
            -0.09228592713591263,
            -0.21664788737046076,
            -0.5257830184837724
        ],
        [
            -0.2924292068069702,
            0.8034936996759372,
            0.5310100272452528,
            0.6974878183242208,
            0.0312930436630405,
            1.1339913017273247,
            1.1449408843128894,
            1.085574672970595,
            0.3135569214976932,
            0.343153432281597,
            1.3371220142839686,
            1.8499530388736145,
            1.089684614789273,
            -0.12462674536980763,
            0.9785980365383774,
            0.9370429654301878,
            1.7297197856306423,
            1.8650828367158003,
            -0.5412613135743771,
            0.5955473040449644,
            0.44454606857655454,
            1.9156752532141448,
            1.180076872069327,
            -0.6566034729503751,
            0.7656146314970805,
            0.3611963727036156,
            1.530784891623318,
            -0.09386016672173983,
            1.704208119092198,
            0.4656026021723732,
            -1.1064792845769496,
            -0.8281376364319961,
            0.8455890214307387,
            0.3688033570653486,
            0.0910516072663968,
            1.169366566056352,
            0.08875448977181347,
            1.2401859241435749,
            0.8535316311954256,
            0.9874652130222407,
            1.1173910905988023,
            -0.059856580469547255,
            0.987382702155486,
            -0.5970782310567242,
            -0.5288774156611468,
            -0.7570740713303249,
            -0.8258178897331132,
            1.510135853701561,
            0.16630366446189984,
            -0.6191200540137562,
            1.1766500343948767,
            -0.11021798638960778,
            -0.0860772984796985,
            -0.43195374512756457,
            -0.6421267781822577,
            0.4360394071716147,
            0.6369300166642019,
            0.8396684821828373,
            0.37496779382702594,
            -0.14245963303022535,
            1.9865760267859767,
            1.816948070528844,
            0.05462301729624108,
            -0.4524533097507301,
            -0.11822913399408515,
            -0.5967802597814076,
            -0.015928271811965527,
            -0.8881325670798272,
            0.6322645263610076,
            -0.3111214059815526,
            -0.2360547128562268,
            -0.9860847502062473,
            -0.5439054065479655,
            1.4148214306170723,
            1.201327530903556,
            0.03466451745152442,
            1.0086243347828787,
            2.1377260545425294,
            1.3017194375025785,
            0.7565782321702124,
            0.16736560238253517,
            -0.4014130284278394,
            1.6979965806744683,
            0.35112907370286384,
            1.7053708023535645,
            0.4517952215064684,
            1.8277501216638556,
            1.1411237888592936,
            -0.2239428503638529,
            1.3969802162121585,
            -0.1582990479720667,
            -0.39501614814220787,
            0.434797201161057,
            -0.2358371547300435,
            0.8103745918291185,
            1.004520327324552,
            0.34135201296475737,
            -0.13780743329309433,
            -0.3254219580473259,
            -0.47417753061501644
        ],
        [
            -0.23177612552239557,
            0.5451292581886495,
            -0.2593825366484774,
            -0.1130663764228474,
            -0.12802194863105792,
            0.9531840459974874,
            0.5252932976356742,
            0.5491020738418947,
            0.2772799043137209,
            0.280085334975773,
            0.47122857403798507,
            1.089684614789273,
            1.0004088413903907,
            -0.659429468135706,
            0.5998490381394027,
            0.48503861491727696,
            0.9428719023279449,
            1.0835250062630761,
            0.22356211201237666,
            0.24209036694052732,
            0.0030749559122792815,
            1.1963131205984616,
