{
    "pos": [
        [
            0.2486618695678102,
            0.18005267239646353,
            0.033148146230011284,
            0.013989250272718938,
            -0.14127329575457856,
            0.18959649149790564,
            0.1848852002126143,
            0.18461707261371363,
            -0.039447251843224417,
            -0.025840362955706027,
            0.3680191633051952,
            0.2944504585529068,
            0.020024103613481732,
            0.16873254094010054,
            0.15131999119616746,
            0.0444666061385887,
            0.25763514839814666,
            -0.04728862206158178,
            -0.15047380471968697,
            0.40219292800373263,
            0.19490168214608047,
            0.14109818540727012,
            -0.06707933702053787,
            -0.23924081642269868,
            0.4062402679465196,
            0.047852940825408946,
            0.40248515180057476,
            -0.06326483342578326,
            0.6314326853622949,
            -0.019578035252284395,
            0.14489934933076007,
            -0.19350955888544796,
            0.11688219636862214,
            -0.008388798596945581,
            0.5794071743784769,
            0.029558265114069632,
            0.18265130568214746,
            0.2454525810706,
            0.1728454346272665,
            0.3491996794110892,
            0.08757107338197921,
            0.03729095941488763,
            0.25983893332444363,
            -0.13724773633671106,
            -0.20488733701451609,
            -0.06377485280704169,
            -0.10394087454500954,
            0.0013018953839808445,
            0.007445346039489283,
            0.21075546799115352,
            0.3047751879863629,
            0.020787606343270315,
            -0.036188300535576354,
            -0.10084166304856018,
            -0.09843313605695646,
            0.21527303226606298,
            -0.13213505447230203,
            0.1329320654606002,
            0.0435352925560082,
            -0.036569254022156536,
            0.2752061189831611,
            0.174735726507549,
            -0.028143154980361625,
            -0.10837010883994105,
            0.09991639708423405,
            -0.17630045463205038,
            -0.04002565538480391,
            -0.09595231916733545,
            0.14950152331772534,
            -0.09817796565806246,
            -0.03913950433155305,
            0.013674846316397309,
            0.06262767294381173,
            0.07674828822461753,
            0.2716448743013746,
            0.18360757199657338,
            0.198486682395713,
            0.1273109317701517,
            0.5384948324347126,
            0.17936564063332364,
            -0.0655997696472355,
            -0.10441961184302978,
            0.18419758404873435,
            0.01422191385297505,
            0.22473543690526424,
            0.036445899012764876,
            0.21566604243063914,
            0.24578826678630838,
            -0.03867743994520068,
            0.20478447061633803,
            0.034422682565912535,
            0.09995315472532189,
            0.35967053184673164,
            0.11253459354972675,
            0.04837017355999266,
            0.2775438896792569,
            -0.19880718873627623,
            0.23094081007387268,
            -0.010679181701878843,
            0.01787779474026646
        ],
        [
            0.18005267239646353,
            1.8792501333388867,
            0.4168655191264125,
            0.4001261491312675,
            1.3267940455049272,
            -1.385496614497277,
            0.43804741886591514,
            0.35463880355465516,
            0.2954050252501001,
            1.2537101658911904,
            -0.8124127318056094,
            0.7476823340862624,
            -0.3118448523682589,
            1.092766938505721,
            -0.45524239344030315,
            0.5576996281222716,
            0.37881219824363455,
            1.6325925345584054,
            -0.021753704151379033,
            0.42787079166519376,
            1.7699742458468504,
            -0.5554500346307953,
            0.05592474213459367,
            -0.1185590104106598,
            2.1281499038978953,
            1.8195222199209582,
            0.4710488598523499,
            0.11739926151519985,
            0.6412001282986757,
            -0.0959954355236895,
            0.6911635846729953,
            -0.13240292430752548,
            -0.03977938815290873,
            1.4425936549923914,
            1.1772666664153884,
            1.2187711273680115,
            1.9450629250559743,
            -1.2872697536684832,
            -0.5477735185713216,
            0.40789145027392054,
            -1.2848617879832047,
            -0.28632739979309413,
            0.35491466571085734,
            -0.40139492494514784,
            -0.11534086006372145,
            0.020280954442616992,
            0.8867295480540796,
            1.4736972245704836,
            0.04214946519612025,
            -0.06113983378231892,
            0.3082216800473512,
            0.6915129390431569,
            -0.15418287882074014,
            -0.014887044936436666,
            -0.09362189042766929,
            0.6822063771649205,
            -0.7204930992013568,
            0.3965603099538051,
            0.40617503532378696,
            -0.03424082833733591,
            1.1035334709953624,
            0.29657431564606995,
            0.5176373615022811,
            -0.019202407507504408,
            -1.3795090172143334,
            -0.4183431850756664,
            0.45049325298548165,
            -0.17204761678382974,
            0.17644445431223188,
            1.286217646995473,
            -0.41119762511021146,
            0.13734403429423347,
            0.2514544765169569,
            0.8953129553159798,
            1.7575671764753151,
            0.0822959600583735,
            0.5165103289237044,
            -1.0114642220265198,
            0.9753236494924249,
            0.4259728775177101,
            0.7203984919511671,
            -0.03787180434028051,
            0.18282803980489268,
            -0.014089262081218586,
            0.14472239621293428,
            1.3851258582143868,
            -0.7930019932422773,
            -0.40957470882012015,
            0.2994829254157649,
            0.08163367749271219,
            -0.4176230881805898,
            0.4211459284039178,
            0.01852072590694909,
            -1.2320767441936926,
            1.1858096468078567,
            0.3133392523548459,
            0.23324472285558284,
            -0.169734339888021,
            0.22546508906996454,
            -0.03995836256906962
        ],
        [
            0.033148146230011284,
            0.4168655191264125,
            1.627948603233482,
            1.5396524004883123,
            0.4646361145293223,
            -0.2575121256209122,
            -0.7818656138347441,
            -0.2675642473653978,
            0.40005065374214194,
            -0.6194836731118802,
            0.4955789976243792,
            0.6344114477458317,
            0.6483191164139129,
            0.8194160362433911,
            -0.9277603517756585,
            -0.056043692300455084,
            0.5168062650445362,
            -0.646890696342369,
            0.24563427101732038,
            0.34784021771202944,
            0.31820488241255873,
            -0.5764566917165007,
            1.7326510868086769,
            0.654083413435608,
            0.46731714482934095,
            -0.4542257714412816,
            0.8712994390092478,
            -0.09689084231968169,
            1.362320295233491,
            0.2540617585731712,
            0.007970318531886528,
            0.22260245005185897,
            -0.7062190691659174,
            -0.4013300620479922,
            0.10621265254349817,
            -1.0037741801915854,
            -0.1557303775644432,
            -0.9534227881877165,
            -0.9022149973695843,
            0.4811394451461595,
            -1.2001387089334434,
            -0.12370360945203346,
            0.5811657769347138,
            -0.36203128133949447,
            0.5347387744860959,
            0.06859215452506527,
            -0.01770169779948336,
            0.0751923814767075,
            0.008644188423565737,
            -0.489222205213137,
            -0.310802091596532,
            0.10049276428835469,
            -0.026428121725058734,
            0.24777143233439852,
            0.13192628720781463,
            1.3419480317642147,
            -0.04889075044078341,
            0.275263403899779,
            0.0352683702040225,
            0.08251890206702067,
            0.2050837446811071,
            -0.4846850256498317,
            0.5673042073391857,
            0.2676816604802744,
            -0.7174464105919421,
            0.3309820637309621,
            0.29716910250961365,
            -0.17178787987377347,
            -0.05787196049458696,
            0.6813610161227366,
            0.053053195050107596,
            0.5877814052735127,
            -0.7460828557623682,
            0.18864259407344877,
            -0.08970218905253008,
            -0.1221498160830097,
            1.0953188189399659,
            -1.0081170534148614,
            0.6460853715894678,
            -0.12519736210452123,
            0.18859517607028642,
            0.27387669600513337,
            0.39594250648027035,
            0.14344889510259234,
            -0.19665984637562728,
            -0.9350868152826037,
            -0.7193924556473449,
            -0.6017258191272856,
            -0.0014942604793361505,
            -0.39496792050075563,
            -0.13201313113507013,
            0.344305567503102,
            -0.6628457204089943,
            0.791595688014286,
            -0.41167980099284884,
            -0.8302438572131209,
            1.0159795526945856,
            -0.4934672550129093,
            0.2236446481810362,
            -0.1729121241024444
        ],
        [
            0.013989250272718938,
            0.4001261491312675,
            1.5396524004883123,
            1.4654790286523571,
            0.4705900197771096,
            -0.31161637358089916,
            -0.7745575082879164,
            -0.2487808318843161,
            0.3813456427022275,
            -0.5699615329366204,
            0.47026520778079917,
            0.6427604267755954,
            0.5496936633313821,
            0.8314209137908777,
            -0.9438233746988258,
            -0.11061001635380013,
            0.5097831131860977,
            -0.5774995330163488,
            0.22861951298444017,
            0.25265687078945737,
            0.40877147361407973,
            -0.5820646214886599,
            1.5963749036322787,
            0.6155153945554617,
            0.517986995540794,
            -0.37592251507043134,
            0.866792660537742,
            -0.08457297435627134,
            1.3538089657219163,
            0.22298186177741341,
            -0.030824307885789534,
            0.2064555111201837,
            -0.687839715700734,
            -0.348606309042128,
            0.07978937731023246,
            -0.9200272769251765,
            -0.12149717279328634,
            -0.9497334882488856,
            -0.8933515721721591,
            0.48717987163571375,
            -1.1581871841902327,
            -0.12424683634782228,
            0.5820162511562006,
            -0.34228227745928197,
            0.5004772269362018,
            0.06533554398715705,
            -0.01302157215212989,
            0.10190758275830576,
            0.014170557839476423,
            -0.5198464088209581,
            -0.38528544541276,
            0.09021217176411019,
            -0.023709284369290658,
            0.23451419343433494,
            0.12191747354384237,
            1.3074281867175506,
            -0.08498892624061472,
            0.27317756899177426,
            0.030613738726056473,
            0.07671765097851392,
            0.24739086300781402,
            -0.44869907722196845,
            0.5366878324005736,
            0.2532734619869998,
            -0.7224486266383269,
            0.30574406225534007,
            0.25498136559755563,
            -0.18207480729631698,
            -0.04704837274260698,
            0.6897996649757836,
            0.05044059256582452,
            0.5702404817345961,
            -0.6971360566154913,
            0.23568131232030815,
            -0.05041826048984208,
            -0.14264094787172615,
            1.089680004944916,
            -0.9711944348641002,
            0.5230687856369677,
            -0.13104199554456683,
            0.18166321206435984,
            0.25936969890919065,
            0.3923807922248382,
            0.13495531671251268,
            -0.18251253587681085,
            -0.9030926510136118,
            -0.7545420002669454,
            -0.6494790096108338,
            -0.003782371422400082,
            -0.3976508305213696,
            -0.13739125745177494,
            0.30253837148573776,
            -0.6919888001810571,
            0.714305598799369,
            -0.3621588821354498,
            -0.814818756152005,
            0.9394439518976473,
            -0.5211781502545438,
            0.21646785562752285,
            -0.1530635689346257
        ],
        [
            -0.14127329575457856,
            1.3267940455049272,
            0.4646361145293223,
            0.4705900197771096,
            1.719618591659736,
            -1.0116171500421511,
            0.6160343810338562,
            -0.9262340765618128,
            0.28477020691958654,
            1.4281064678735274,
            -0.36050740644665424,
            0.5088704909179488,
            0.12605550808853397,
            0.8006122253375779,
            -0.13806555192825645,
            0.19560940671793212,
            0.19207335277338544,
            1.5344446198873951,
            0.09068342276199598,
            0.03465474682930959,
            1.635929798336979,
            -0.09129511963759557,
            0.31062189359957165,
            0.2626622074181883,
            1.664358633264573,
            1.765447613320571,
            0.15142534408626673,
            0.03336338172647344,
            0.11264366928768231,
            0.08852006336713307,
            0.48635911328473114,
            -0.21948329512239406,
            -0.5063328907942842,
            1.3462906717041585,
            0.004134346230281641,
            1.2065020359949812,
            1.2971216805496555,
            -0.7055896933535644,
            -0.5086246682323297,
            0.09951732487985863,
            -0.6431700713140236,
            -0.229292582363989,
            0.2009267649534554,
            -0.07422530357835735,
            0.2225450214091189,
            0.04804585574861234,
            0.5883635860597529,
            1.2330266068004123,
            0.017736759495906335,
            0.21343934268657103,
            0.5000813860275345,
            0.606411691967317,
            -0.051247322344684765,
            0.1319162103624216,
            -0.1335897106090742,
            0.2644080160158317,
            -0.49238974121279266,
            0.10641045192757806,
            0.31545712081668675,
            0.03196272437009525,
            0.7397009056028849,
            0.3673283522545393,
            1.2582896230474496,
            0.14273444271718716,
            -0.8545276281259423,
            -0.2875095022148268,
            0.37011754524179263,
            -0.6759091207367616,
            -0.11279625002340277,
            1.213602867349824,
            -0.20573861420568929,
            0.1952237044473916,
            -1.200571295197769,
            0.7563149777381979,
            1.2989983427880256,
            -0.06317949843491096,
            0.4573782520902218,
            -0.5503634641284408,
            0.3437710391163462,
            0.052910277570323676,
            0.7446327984800339,
            0.13093532877538133,
            0.007328768255091989,
            -0.06414791495793819,
            0.4491402576507031,
            1.208256537804226,
            -0.27779617388690825,
            -0.0929183116971948,
            0.15762477443638995,
            0.02272564320543255,
            -0.2745960021876251,
            -0.22954452794678482,
            -0.07642336526872834,
            -0.6193261498421372,
            1.1507860998677255,
            0.3394271841038708,
            0.5261064306727599,
            -0.22888329045160782,
            0.24443247660492534,
            -0.1661368700018884
        ],
        [
            0.18959649149790564,
            -1.385496614497277,
            -0.2575121256209122,
            -0.31161637358089916,
            -1.0116171500421511,
            1.9591909290391332,
            0.44866033403164735,
            -0.9305517580820979,
            -0.3144613229786599,
            -0.7787052980094575,
            1.5627371785568132,
            -0.39145909131465406,
            0.9142708323807831,
            -0.985102236228597,
            1.2610739085609524,
            -0.2508097351443266,
            -0.05207168386672713,
            -1.3885269185037221,
            -0.17392977165696982,
            0.5720365884336801,
            -1.5053443182762265,
            1.2438987709966585,
            0.18374243303850957,
            -0.08675892154899417,
            -1.4359375880710943,
            -1.4108402283094825,
            -0.08390764997988646,
            -0.29931789037126505,
            -0.08038338155588823,
            0.25749796295239097,
            -0.12848760735016257,
            -0.3428529307194137,
            0.017667119116374055,
            -1.1838542855992695,
            -0.5083448775309848,
            -0.8556430564111219,
            -1.5805298987419292,
            2.097242456374751,
            0.9889283287798757,
            -0.055238093258306246,
            1.719054357666877,
            0.3508604027647253,
            -0.07212695479359725,
            0.2850387057339474,
            -0.04018424680547558,
            -0.11843694483457082,
            -1.0380828447476447,
            -1.3279739783597857,
            -0.06682521622958133,
            1.0081463393813237,
            1.0592481074357418,
            -0.45870477064608384,
            0.10951894787278825,
            -0.07743835470570927,
            -0.15044674491359572,
            -0.658688981032028,
            0.6204927474535288,
            -0.3271177307851415,
            -0.24211717217187634,
            0.009362857803156278,
            -0.79757851551568,
            0.16985644706364678,
            0.18031479229227887,
            -0.07734407259114655,
            1.7983080845980481,
            0.06544335601336031,
            -0.30667696739954353,
            -0.36281807915519615,
            -0.10482008512225863,
            -1.372408056610985,
            0.35607797515091905,
            -0.12756314937461302,
            -1.2325408941643028,
            -0.877622492134602,
            -1.18613602326476,
            0.334841452845156,
            -0.36352338646410254,
            1.4295379044820926,
            0.3297727640493546,
            -0.16237226020231071,
            -0.6030006079662997,
            -0.05371484343866983,
            -0.03154237736846431,
            -0.00825346082349068,
            0.5730563422452377,
            -0.8223150162188055,
            1.796710445962241,
            1.470942973084702,
            -0.3709882767879388,
            0.44412879058776245,
            0.5306267022747152,
            -0.5038851761274867,
            0.9927647601396377,
            1.6631575904214846,
            -0.8371467103489032,
            0.5550498436393169,
            -0.22866444158361823,
            0.8311666600738491,
            -0.19132211349769201,
            -0.09125081449958321
        ],
        [
            0.1848852002126143,
            0.43804741886591514,
            -0.7818656138347441,
            -0.7745575082879164,
            0.6160343810338562,
            0.44866033403164735,
            1.5428090773516667,
            -0.9537803563694344,
            -0.19928278690853915,
            1.3301002018403525,
            0.37829003544637063,
            0.03224019298682731,
            0.23050633464337836,
            -0.23842198938088935,
            1.3534676484646777,
            0.24434885583124735,
            -0.013934920415198305,
            1.1096775377414116,
            -0.29207632813967693,
            0.5508873583026298,
            0.5654314199736793,
            1.0850319492581157,
            -0.8015037331491324,
            -0.45220798114776833,
            0.7642948342599876,
            1.2289649619336789,
            -0.22218120814516415,
            -0.11097136921010337,
            -0.43381881138196965,
            0.04160458835002773,
            0.5799843138981718,
            -0.6791842762569643,
            0.16439270510555118,
            0.9028959243725748,
            0.23826018582785863,
            1.3781340444005548,
            0.6796141046442123,
            1.2879398921930931,
            0.8374791779853871,
            -0.016060924958649896,
            1.1548804961342831,
            0.08328926685139734,
            -0.07789546134526139,
            0.1932979306017578,
            -0.3513317168460448,
            -0.11507298345670845,
            -0.02825389287195902,
            0.41168593594124686,
            -0.025094022450704342,
            1.2938319695481624,
            1.6039332955395698,
            0.30342916741972276,
            -0.01195131540826498,
            -0.17361370866188916,
            -0.36600049282218855,
            -0.8670616082690827,
            -0.17717948619204055,
            -0.15063815733210695,
            0.19703784980413797,
            -0.05254640521508905,
            0.31458939176199313,
            0.8884899806344086,
            0.8324235966023052,
            -0.1837452259004816,
            0.712759744819325,
            -0.6044358340420506,
            0.005718640980193375,
            -0.7256399661914671,
            0.003848992053395539,
            -0.1575916885066091,
            -0.09466607864887597,
            -0.29737235683534635,
            -1.1343494192087302,
            0.12266085084873034,
            0.8833316056427107,
            0.3923722076377505,
            -0.4233185151354314,
            0.9981406052310362,
            0.6585407664827844,
            0.23907961295809488,
            0.2125640781595636,
            -0.18480063282097497,
            -0.15085528252213035,
            -0.14807355522786908,
            1.0099639488870948,
            1.4404312364187044,
            1.4024064562986984,
            1.3773431855723164,
            -0.05678491115972106,
            0.7238288586441046,
            0.13833192222061017,
            -0.555906104947328,
            1.2830721821099238,
            -0.1772571239310046,
            0.9483227489455737,
            1.4417080331241006,
            -0.45567972389742234,
            0.8178513081672958,
            -0.03580072847807599,
            -0.08050288920992271
        ],
        [
            0.18461707261371363,
            0.35463880355465516,
            -0.2675642473653978,
            -0.2487808318843161,
            -0.9262340765618128,
            -0.9305517580820979,
            -0.9537803563694344,
            2.3940852635593424,
            0.009363061711138286,
            -0.679666848128105,
            -1.3053536877918086,
            -0.022590846368746132,
            -1.107084096704521,
            0.23756285967644183,
            -1.0382148910504716,
            0.33599511855593067,
            -0.041400488339125095,
            -0.10511329965074784,
            -0.008180405048889932,
            -0.1885579795161764,
            -0.18139818557312593,
            -1.200612425087038,
            -0.5956192520733244,
            -0.4142596192364044,
            -0.02486705471574058,
            -0.3394443576035075,
            0.07001458005997374,
            0.2712803855224804,
            0.19325014068562568,
            -0.39926305277296553,
            -0.1383820234887912,
            0.5274664184888408,
            0.76143286686742,
            -0.12098342300656183,
            1.1884948293621551,
            -0.3075891188015152,
            0.602272903279408,
            -1.4388754030885949,
            -0.344184623183658,
            0.10758898037352015,
            -1.2322076835653328,
            -0.12169866702743033,
            -0.06725964241737452,
            -0.3716520910595635,
            -0.3849357407216271,
            0.03745045105762397,
            0.5514874771859137,
            0.17304897053083068,
            0.04966983661098162,
            -1.1250321380592054,
            -1.3305296292493767,
            -0.07981118637149726,
            -0.11387018176384711,
            -0.15036206909436145,
            0.2645103747363944,
            0.5058640347225858,
            -0.20018078036241277,
            0.3448693045500078,
            -0.008152793314241952,
            -0.07881425481669499,
            0.20226067434673786,
            -0.49617539169904323,
            -1.7209017491871668,
            -0.1699561424980517,
            -1.0371026942016541,
            0.10483896277084784,
            0.008348185240793286,
            1.2308104740771397,
            0.362704944309471,
            0.08400135054263878,
            -0.25477995348216054,
            -0.13227590366986006,
            3.0026564016235495,
            0.10808580035076827,
            0.1384663207383626,
            -0.100539656689972,
            -0.14348716133719855,
            -0.9663662131762953,
            -0.09635129188961966,
            0.34604774833697,
            -0.1587909808182246,
            -0.1844590317843677,
            0.09989688477287902,
            0.08977978869016845,
            -1.0558309210548573,
            -0.1835099498187717,
            -1.4917806958135218,
            -1.2483010839047937,
            0.26842914614953045,
            -0.31491892567876806,
            -0.28230434454039455,
            1.0464099691393458,
            -0.6138293576704902,
            -1.2420786863785451,
            -0.278347498444395,
            -0.713046605475729,
            -0.4576264747173882,
            -0.38763453279957033,
            -0.07418309831423629,
            0.29395143823007075
        ],
        [
            -0.039447251843224417,
            0.2954050252501001,
            0.40005065374214194,
            0.3813456427022275,
            0.28477020691958654,
            -0.3144613229786599,
            -0.19928278690853915,
            0.009363061711138286,
            0.14204679208177562,
            0.007706398462540705,
            -0.17202698044214487,
            0.12359877809120433,
            0.08291194618462878,
            0.2582414895508024,
            -0.3308660660749186,
            0.08350754900451927,
            0.06851736909490655,
            0.07303489774360426,
            0.10482768002003987,
            0.02305923017999274,
            0.1916451281849339,
            -0.2802915696608036,
            0.4149450634611461,
            0.19877486777539718,
            0.21995748468299273,
            0.09233450451557636,
            0.10582817559210012,
            0.02258983459020847,
            0.15553631695629938,
            0.043495988358790684,
            0.056337742251986914,
            0.11898141162791871,
            -0.16781800310336198,
            0.08999688182937515,
            0.03580487442216025,
            -0.09421806142677233,
            0.17568613892182772,
            -0.503025607601678,
            -0.33086440482037915,
            0.03387135995774134,
            -0.506911448865455,
            -0.08042824755382143,
            0.07330015849608945,
            -0.10175836744009628,
            0.16267226101851864,
            0.04107568843616638,
            0.169410499298702,
            0.208369246184526,
            0.004365697829615899,
            -0.20678206224599036,
            -0.1423603954021577,
            0.10770890498337915,
            -0.01896860942912028,
            0.08250916396184889,
            0.061361776843096544,
            0.32140180842134464,
            -0.05392176151173598,
            0.07676809395900373,
            0.04858643539744081,
            0.024094366758603644,
            0.08556607834720334,
            -0.15040008415853579,
            0.14429749710305256,
            0.08828693563331541,
            -0.3999902992363175,
            0.08493948579460574,
            0.1521526724182366,
            0.023754780555381418,
            -0.03042824352575171,
            0.3436976728216918,
            -0.03943464902474888,
            0.13481979324542484,
            -0.049849165400167574,
            0.11669542895944905,
            0.11444254204627868,
            -0.07141327989748401,
            0.21962502824488916,
            -0.43327107481942567,
            0.12523860399825074,
            -0.01424834894667166,
            0.15465116851049865,
            0.08518662156461618,
            0.046530004306924534,
            0.028930890348283163,
            -0.14102248940935175,
            -0.03427119449929807,
            -0.3648098683572805,
            -0.28569356649818584,
            0.06392202888834266,
            -0.1488920100249817,
            -0.10259689738433278,
            0.14714736231687575,
            -0.2641207348452809,
            -0.05759237846592502,
            0.029556527473742697,
            -0.2522087089155848,
            0.3195349555522732,
            -0.20375085071883614,
            0.07941196081216706,
            -0.04399952459025518
        ],
        [
            -0.025840362955706027,
            1.2537101658911904,
            -0.6194836731118802,
            -0.5699615329366204,
            1.4281064678735274,
            -0.7787052980094575,
            1.3301002018403525,
            -0.679666848128105,
            0.007706398462540705,
            1.9487610151727008,
            -0.5762563118898587,
            0.2248193844032943,
            -0.2674955577277906,
            0.3401763504283906,
            0.619672838461105,
            0.3392580855008505,
            -0.03748534080930821,
            2.0672870377462895,
            -0.14849365381361243,
            0.07606538538146417,
            1.5575892791319754,
            0.38756865338342483,
            -0.8795950840691633,
            -0.30236698307595794,
            1.6297181565830525,
            2.210971030658758,
            -0.2722854697758344,
            0.06990300422319105,
            -0.5569009361451286,
            -0.08313256477910057,
            0.6358702078281133,
            -0.48175845051453126,
            0.03823972365576551,
            1.7134989785679071,
            0.28057253611334587,
            1.9997153648261083,
            1.6091168877846842,
            0.041059029459185256,
            0.19796896126644237,
            -0.0730315186195609,
            0.17902755867001674,
            -0.13980943609445784,
            -0.08324828632112896,
            0.09184557401976913,
            -0.24190878177241448,
            -0.02869251983296575,
            0.6083620498178366,
            1.2681826309225424,
            0.012489346114313475,
            0.7172114669602397,
            0.9835744073848972,
            0.6057069345764616,
            -0.06020010968773729,
            -0.08568768823442365,
            -0.2814137638888818,
            -0.5627782270291632,
            -0.5396133981621926,
            -0.011442643510814081,
            0.34513305988339793,
            -0.04245183472209563,
            0.7614446213823158,
            0.811799748669828,
            0.9250844505641878,
            -0.09211181393589835,
            -0.358443465479507,
            -0.6287540228143994,
            0.20070160516040636,
            -0.6227714662220988,
            -0.0037054055429099086,
            0.7546777824477263,
            -0.28805292896562146,
            -0.20746333527483773,
            -0.6996884041605433,
            0.6809627225520197,
            1.593432731207993,
            0.13713723140746387,
            -0.2174691146781069,
            0.16746869471813364,
            0.28996578934373635,
            0.25935305916651114,
            0.639992298378655,
            -0.107791271904198,
            -0.18724530576924642,
            -0.16024897631203772,
            0.719977532947101,
            2.0064786657356275,
            0.35302461504722193,
            0.49970777071283873,
            0.16087823488638534,
            0.42531461889806954,
            -0.18330009108269496,
            -0.3939014503284674,
            0.6191718250922167,
            -1.1639938420293832,
            1.537395686546068,
            1.1105129323891325,
            -0.2296966310711131,
            0.2611384494942346,
            0.09845700367256544,
            -0.05489524900117394
        ],
        [
            0.3680191633051952,
            -0.8124127318056094,
            0.4955789976243792,
            0.47026520778079917,
            -0.36050740644665424,
            1.5627371785568132,
            0.37829003544637063,
            -1.3053536877918086,
            -0.17202698044214487,
            -0.5762563118898587,
            2.586382088207305,
            0.806907568391575,
            0.7877296363566533,
            0.1953662560098226,
            0.6991050435168682,
            -0.8350442904044668,
            0.7919433157813397,
            -1.1545273463065588,
            -0.35138927700372724,
            0.6111399229628792,
            0.2412863432740925,
            1.132803476765919,
            0.437273742338425,
            -0.14587774312776908,
            0.3497519130707842,
            -0.6816486382138938,
            1.3131350352764564,
            -0.4182960942643068,
            2.0605462524271507,
            0.23791139701037056,
            -0.19879298987809185,
            -0.7511027546247708,
            -0.4737514348268353,
            -0.8503855025164211,
            -0.005648531988862622,
            -0.6724797312667299,
            -1.0648815395371207,
            1.8849484497837226,
            0.5476982615448197,
            0.9932431234341152,
            1.3800694045240531,
            0.2921938441778979,
            0.9207569641206906,
            0.006248789634552887,
            -0.12037364421559944,
            -0.19358604418567454,
            -1.224758800257766,
            -0.8835616267761719,
            0.0005231963406304301,
            0.8523683447200145,
            0.8477683357009289,
            -0.3525077864100451,
            0.07361829722143644,
            -0.10019515177080474,
            -0.3609380259221611,
            0.4830775909690309,
            -0.01534519376166896,
            0.054316366840033936,
            -0.15010104729524107,
            -0.012281213849034908,
            0.30067869046773027,
            0.5201500353009816,
            0.8528032609598908,
            -0.1002470614083355,
            1.3774317717522073,
            -0.22583518235018984,
            -0.48791923217445093,
            -1.1176633074648226,
            0.10137305372996541,
            -0.7023137096020999,
            0.3466110969899039,
            0.3035063027392381,
            -2.0946554362187024,
            -0.04213465795077462,
            -0.31684768183771517,
            0.32347776817652757,
            0.980204232701515,
            1.2321437331920595,
            0.5920448493892494,
            -0.11695148508769404,
            -0.48813380886996693,
            -0.06386294637049293,
            0.5685000953842198,
            0.032837794548517533,
            1.173693415092383,
            -1.1175589863138036,
            1.4155299308170244,
            1.0862272833185895,
            -0.49719210552784193,
            0.45392748525962645,
            0.4399002124064936,
            -0.7034258436007104,
            0.7897864557334006,
            1.9772077046674383,
            -0.4431710431850297,
            0.588611853102078,
            -0.2391184137858553,
            0.5257107282746358,
            -0.03353483143252713,
            -0.10058809874394184
        ],
        [
            0.2944504585529068,
            0.7476823340862624,
            0.6344114477458317,
            0.6427604267755954,
            0.5088704909179488,
            -0.39145909131465406,
            0.03224019298682731,
            -0.022590846368746132,
            0.12359877809120433,
            0.2248193844032943,
            0.806907568391575,
            1.131995817304384,
            -0.15962214924421053,
            1.1051557089793616,
            -0.4512586717798612,
            -0.3297951372513945,
            0.8083417890430294,
            0.3059309505785437,
            -0.20964662936449338,
            0.2884658560005064,
            1.578578587874978,
            -0.13735106613654577,
            0.15927410096575223,
            -0.19351937357656657,
            1.7704513480377628,
            0.7335738540882544,
            1.3155070315937547,
            -0.09704021050793661,
            2.0199612141253573,
            -0.05064576770678961,
            0.09417287465141716,
            -0.38805531224974477,
            -0.27805636356913793,
            0.38332869160219074,
            0.8708385445949299,
            0.2481252075525846,
            0.7155935567901075,
            -0.2540202353990921,
            -0.3253996340343702,
            1.0180319198419439,
            -0.4261541058057944,
            -0.06257045899986624,
            0.9164054013929658,
            -0.3479769889783202,
            -0.19097772513509148,
            -0.08422454787195437,
            -0.06986529393521304,
            0.49736372704489,
            0.06079245690817956,
            -0.07381813560670435,
            -0.031250254138052956,
            0.16204439294386455,
            -0.06880380687942608,
            -0.07548745137520647,
            -0.2021539841478559,
            1.0806621957345404,
            -0.6279554505223887,
            0.4176792637954429,
            0.13534117299933032,
            -0.04171288214792253,
            1.0897031206847274,
            0.3497006686020825,
            0.45978697341362285,
            -0.0807220309920759,
            -0.47107293837996056,
            -0.34290930855690344,
            -0.1001140429410819,
            -0.5669518620736917,
            0.2684161717408455,
            0.5966139860095491,
            -0.08435020951191585,
            0.34387946551693915,
            -0.43635943923929865,
            0.7620073921763261,
            0.9812894473300683,
            0.09192157142216537,
            1.1649524430801195,
            -0.25397797400934147,
            0.5955272364382429,
            0.19106042435803774,
            0.12277420897076885,
            -0.07184510846902556,
            0.5729322273159223,
            0.043595713160204747,
            0.521632179439022,
            -0.07467489932343603,
            -0.33907600119166315,
            -0.26949312139285037,
            -0.06776959143767086,
            0.10285916078823021,
            -0.11016247354819256,
            0.011713532791252862,
            0.002632362836933305,
            0.1106776417727323,
            0.4224695185787031,
            0.1562751641174429,
            -0.09323577692124975,
            -0.14779379801242573,
            0.13525893353626586,
            0.009961204023180872
        ],
        [
            0.020024103613481732,
            -0.3118448523682589,
            0.6483191164139129,
            0.5496936633313821,
            0.12605550808853397,
            0.9142708323807831,
