{
    "pos": [
        [
            3.3363529037435007,
            0.7243427548455232,
            0.04198396734833445,
            -0.06173850228179088,
            1.8481486148255881,
            -0.47495192961394767,
            0.9737067052360211,
            1.0544024931169822,
            1.7277682514343267,
            1.7229437513155923,
            0.8890716325993534,
            1.4964932078829891,
            -0.7671854429877841,
            2.1254258096621625,
            0.678734709926592,
            0.19149241336339876,
            0.8725871438527057,
            1.163496512864566,
            -0.4114496383463756,
            0.7011194960779331,
            2.3693251775901962,
            -0.6948363462360174,
            -0.152123096564274,
            -1.1858650795346792,
            0.7363053985533148,
            2.873068572374292,
            2.001602652171203,
            -0.10636058646861785,
            -0.7521309965397405,
            0.474766585660733,
            3.0659950885645832,
            -0.7447166595978831,
            3.097072403088704,
            -0.24139060412444824,
            0.004531977817961187,
            1.1526837937211682,
            2.465013963972551,
            1.5945926016744103,
            0.5232274756148737,
            -0.5659087635413458,
            -0.7590644535420854,
            -0.1292944125911466,
            -1.109524779780906,
            -0.23352995816560476,
            -1.0260768591037872,
            -0.43981850277837675,
            0.9912700225338092,
            1.343348710934601,
            0.04475241103133467,
            1.1272133209009614,
            0.38339454049068067,
            1.228071374868917,
            -0.6760815849127695,
            -0.735544496233053,
            -0.19750594563741877,
            -0.06298241853630708,
            2.9080036465256183,
            -0.021325156928884086,
            0.47298634954425595,
            -0.8571083233597551,
            1.335141335011823,
            -0.3573766139296562,
            1.1804662738344225,
            -0.6740713211722554,
            -0.2697660452332383,
            -0.4743124739229237,
            -0.3135919119759248,
            -0.8635492312144063,
            1.8374370509661562,
            2.4272865326884916,
            0.157493913375505,
            -0.21115645998818036,
            0.5980260293387563,
            1.2087749196574225,
            0.36561485116237413,
            2.322479745946548,
            -0.02840243660403026,
            0.42710937578833436,
            2.995765453758266,
            0.3962311556712626,
            1.1646457079259622,
            -1.2494906436719964,
            2.8109435654456774,
            -1.0621731853210357,
            0.11889312685263438,
            2.3248165721199663,
            -0.8585161420878287,
            -0.40261568170004647,
            -1.002833408296946,
            -0.7112686833271823,
            -0.13415726731170707,
            -0.48525244952610774,
            0.1243082416495553,
            -0.503824545659254,
            1.772864727465682,
            0.2821099016202418,
            0.36489707439654884,
            0.7577127503691976,
            -0.7111058081569982,
            -0.31046348950499697
        ],
        [
            0.7243427548455232,
            0.5337892992548717,
            0.6340273786176668,
            0.5994309269120627,
            0.4451996266675883,
            0.12607127938749682,
            -0.28405459223866564,
            0.42639141784084783,
            0.34930572762893536,
            0.7335471812974586,
            -0.09024783833125519,
            0.6790617954050088,
            0.43163647505847375,
            0.8265277668991979,
            0.3825634048917048,
            0.15814373244898805,
            0.3253940627509026,
            0.7861856070191382,
            -0.05043471467209278,
            0.09355472227622098,
            0.4709680068217514,
            0.18774191098537438,
            0.07563276226496843,
            -0.5052466959699722,
            0.2986424015383592,
            1.447041313852843,
            1.0214297790456728,
            -0.23756591707204186,
            0.3961124155954112,
            0.358572450405336,
            0.7470552338295752,
            -0.5663996325338456,
            1.00909250615856,
            0.702700723014901,
            0.442564536333628,
            1.0317222834416035,
            0.8672746426779642,
            0.6118518384397342,
            -0.08428319957297024,
            0.47134463523125986,
            -0.14616861172196774,
            -0.3385841068789546,
            0.49441258529305593,
            0.027201587598496373,
            -0.4088108059558585,
            -0.16951014378991536,
            0.38976480808009234,
            0.48210762361420056,
            -0.06073124428077655,
            0.28904204759933966,
            0.6148459746105069,
            0.2681828956733626,
            -0.2050112115211164,
            -0.24206109932877173,
            -0.1253613433521258,
            -0.05945094114975799,
            0.6112686116323417,
            -0.08050457833467414,
            -0.25531701608994656,
            -0.26879089751516877,
            0.7042131789466017,
            0.42504499648268745,
            0.20689365307324561,
            -0.2244564260002153,
            -0.06369597170001327,
            -0.30205828795158246,
            -0.4640708785006465,
            -0.5624585195987434,
            0.5547816867133711,
            0.9147882306679417,
            -0.3319739104147902,
            -0.17651598418376047,
            -0.19561154375338455,
            0.6041160133195532,
            0.8437057280814008,
            0.7256433815399516,
            0.12468250196491569,
            0.36305106213467886,
            0.598827984572662,
            0.5728073788061965,
            0.283003459827292,
            -0.5077898994997958,
            1.366892072699324,
            -0.6515828099875995,
            0.38951084466638924,
            0.8660796658983788,
            0.344591262714614,
            0.002713681520970238,
            -0.14784203375807467,
            0.9218362410681628,
            -0.3958489836690588,
            0.9976455400181706,
            -0.16148290248883834,
            -0.4034835285210485,
            0.3346668466197463,
            0.37950213272336225,
            0.023331028404685435,
            0.07079855160966664,
            -0.2441588777161643,
            -0.2146323645903395
        ],
        [
            0.04198396734833445,
            0.6340273786176668,
            1.4471576835491888,
            1.4184593252932565,
            0.2854969910234074,
            0.39162470855181797,
            -0.2801803847444186,
            0.5978634505932429,
            -0.2438081440316866,
            0.6171168770101947,
            -0.0487945150464158,
            0.6695316405773752,
            0.9616512077320378,
            0.827962255315,
            0.7979274302560493,
            0.11487150388385037,
            0.3166606203275629,
            1.0873077915981262,
            -0.2868499088040739,
            0.05775584634178635,
            -0.2655951117363676,
            0.5333642182102855,
            0.023396987381827612,
            -0.9244395995884214,
            0.23040865771340205,
            1.4184624298340118,
            1.0694509891256698,
            -0.34820507931099576,
            1.361553195257752,
            0.37378947348829983,
            -0.02656419118441787,
            -0.9352947324502129,
            0.6209060830614751,
            1.758993415453866,
            1.6169426635097914,
            1.710730535315729,
            0.5762255388405497,
            0.5041431710923551,
            -0.25353585532028183,
            1.6533787141271383,
            -0.21468691369142462,
            -0.4137701415044825,
            2.006638520348234,
            0.027902670936111863,
            -0.7864761886150026,
            -0.23958224195466601,
            -0.08706275904700589,
            0.5857674763456548,
            -0.18401413496546853,
            -0.05130391785578437,
            1.3788089449835723,
            -0.26104795355129023,
            -0.49401377409327285,
            -0.5010886748838296,
            -0.20798137073485315,
            -0.19056123337605296,
            0.08447865593550959,
            -0.07473759705263254,
            -0.25332397512672505,
            -0.6176728686832004,
            0.9786093396036541,
            0.5006221943584003,
            0.4787626710684155,
            -0.45780526403206956,
            0.07370368315771565,
            -0.5073448444756521,
            -0.4336316137598658,
            -0.9257200003133407,
            0.2456499709569261,
            0.5808503237210733,
            -0.48486286213730756,
            -0.37555032605474814,
            -0.4702050292428158,
            0.5192496978716354,
            1.6689182216612344,
            0.191125727087202,
            0.1907293087037601,
            0.687767388658868,
            -0.1963393582102231,
            1.3455620656812382,
            -0.3517411137675865,
            -1.0169759523750919,
            1.3906030505734543,
            -1.136588038218096,
            0.635980630890142,
            0.7480066593600871,
            1.6918736761916768,
            0.024676422140029616,
            -0.08430055454818264,
            2.5042636236237765,
            -0.46351260606869205,
            2.4837225912723486,
            -0.7540214293550564,
            -0.19045104754489203,
            -0.27050832604133795,
            0.7387159617462069,
            -0.3036816285179675,
            -0.6057621774842114,
            -0.23101173582627352,
            -0.4863038123864789
        ],
        [
            -0.06173850228179088,
            0.5994309269120627,
            1.4184593252932565,
            1.3941978754813764,
            0.22622030655558856,
            0.4021473739254023,
            -0.2989353407640576,
            0.5522042514235894,
            -0.28735751877885457,
            0.5568605557973111,
            -0.06669966935231057,
            0.616100031503753,
            0.9569325875357806,
            0.7602496710028913,
            0.7703782421485492,
            0.09069887279714388,
            0.2883418135487724,
            1.0340431990097154,
            -0.2616227108477583,
            0.04012903375826272,
            -0.3305589469098123,
            0.5540805338670199,
            -0.010809785415906666,
            -0.8776684074724342,
            0.2072070099316828,
            1.2998731616017345,
            0.9942204777425162,
            -0.3399308438678005,
            1.3644480932760552,
            0.3599170289304948,
            -0.10923692213315173,
            -0.8993712227249192,
            0.5199974123760698,
            1.7372756010317312,
            1.6005854364379217,
            1.648773125352438,
            0.47720953471159383,
            0.4516665798662266,
            -0.2642587116267803,
            1.653967428713043,
            -0.18371388510740488,
            -0.40508547200160433,
            2.005470392646594,
            0.03280225722073019,
            -0.7398381038565517,
            -0.24698197815434383,
            -0.1265092808923209,
            0.5428311546603981,
            -0.18102333718268265,
            -0.0847221219256931,
            1.356882275136946,
            -0.29734194964622185,
            -0.46062852321182296,
            -0.47444367668094356,
            -0.20205585837094003,
            -0.18867989422026274,
            0.005429933904184414,
            -0.07393711671485692,
            -0.2592121241912459,
            -0.5805882637070295,
            0.9297567319004258,
            0.5186079511910296,
            0.4435762072025412,
            -0.43471341732192015,
            0.06283190916733865,
            -0.4894198590334507,
            -0.4089597345625142,
            -0.8743932406587559,
            0.18938265592757716,
            0.4924763005698842,
            -0.48818201932171973,
            -0.37012265921815174,
            -0.47968733973354766,
            0.4695796619401487,
            1.63681996779888,
            0.11237786421413057,
            0.19770196377618834,
            0.6678835184350385,
            -0.29640352885651977,
            1.3072222660506785,
            -0.38912894179285507,
            -0.962565646200701,
            1.285946941332285,
            -1.0682156512779823,
            0.6306340140862177,
            0.6539125084417093,
            1.6991678576999605,
            0.02965354811091739,
            -0.06561221713017065,
            2.491348950081665,
            -0.4516896394489437,
            2.4589038466449087,
            -0.7582399302286812,
            -0.15391410474493772,
            -0.3344275402329419,
            0.7159965219377725,
            -0.3324123890008317,
            -0.6137727741506942,
            -0.2027254232290286,
            -0.4640268271952706
        ],
        [
            1.8481486148255881,
            0.4451996266675883,
            0.2854969910234074,
            0.22622030655558856,
            1.129269367876156,
            -0.2136499072597496,
            0.7485836342599207,
            0.7175238765249526,
            0.8741254634038624,
            1.0165855836648678,
            0.6835334787480238,
            0.9234459775778551,
            -0.40717039669956406,
            1.368775324551788,
            0.6234695640330773,
            0.013579092339048708,
            0.5560845678539381,
            0.8078515157262854,
            -0.3512343987309525,
            0.4703303373258006,
            1.2183569033268513,
            -0.31309562772913924,
            -0.307991266233835,
            -0.9462596546908981,
            0.43695400681902785,
            1.6838930710395876,
            1.240276605102996,
            -0.08728940637348163,
            -0.12347817459123786,
            0.3016195511345335,
            1.6655715869750412,
            -0.5978622928707682,
            1.7939932236267768,
            0.2074280449074369,
            0.5222181447592772,
            0.9406312038684772,
            1.35047858695558,
            0.961832739784927,
            0.30012476394514853,
            0.12859483656716492,
            -0.511321604409764,
            -0.07499898624798632,
            -0.14900484045976398,
            -0.17279470131886226,
            -0.8031082622925091,
            -0.4133104699372255,
            0.34639875652185304,
            0.924029538344636,
            -0.010795823776963951,
            0.567689655877083,
            0.5701041289414126,
            0.5382070075879277,
            -0.5458937316489948,
            -0.6037926063052447,
            -0.1683791804816023,
            -0.10829213531162125,
            1.6985040528264421,
            -0.0027993852858148992,
            0.3894252032497136,
            -0.7042980351307372,
            0.9615011935843415,
            -0.2177595593334809,
            0.9423871284722041,
            -0.5566056786462902,
            -0.18753374659230748,
            -0.39205104544412483,
            -0.08760120653826443,
            -0.6263124558750353,
            1.0417546114261234,
            1.3374509477943797,
            0.06590134452420658,
            -0.23936995633443023,
            0.3212216393557145,
            0.6705901003568615,
            0.521628725227429,
            1.2038405929562763,
            0.029796351189517012,
            0.4031778801861443,
            1.5363724405741268,
            0.5188973270817898,
            0.4230421316887484,
            -1.0138297165198766,
            1.7292864844569733,
            -0.7724619839604153,
            0.16813116638877243,
            1.3501552036067532,
            0.01946267215505631,
            -0.29719702559673983,
            -0.6927661478737382,
            0.12173792225161802,
            -0.05562225311652854,
            0.19617326452855907,
            -0.21963960729894874,
            -0.10009451878180872,
            0.8183091094828927,
            0.2889855950071693,
            -0.003325634516370299,
            0.21473519442719868,
            -0.42960198191533705,
            -0.2835608599744755
        ],
        [
            -0.47495192961394767,
            0.12607127938749682,
            0.39162470855181797,
            0.4021473739254023,
            -0.2136499072597496,
            0.22469265138907077,
            -0.3925823275370526,
            -0.028641219523150498,
            -0.24470330093612538,
            -0.002755556570899436,
            -0.24223423811172637,
            0.03270761670492821,
            0.4242539077802151,
            -0.005167318420088056,
            0.10404972531656209,
            -0.03829143979299301,
            -0.015386597774232333,
            0.1836892501273663,
            0.10451766198664754,
            -0.10512949926617965,
            -0.3568738597541443,
            0.3516134383089567,
            -0.10726845573890335,
            -0.0374210166174906,
            -0.0011225090778426848,
            0.08008221540893522,
            0.11015381598416162,
            -0.12364675000924999,
            0.4928130355500716,
            0.12537955554613844,
            -0.337827382260224,
            -0.17456083125851807,
            -0.20247608793602376,
            0.5357549735071574,
            0.37344282197511,
            0.358497014327002,
            -0.20738864939937673,
            -0.03195766742298259,
            -0.18997615900201942,
            0.5404247766305363,
            0.12788995069729986,
            -0.18323369563506037,
            0.6504472296138342,
            0.06848933521112015,
            0.015393622135319734,
            -0.11259244264096954,
            -0.10063315343117152,
            -0.017962678444712315,
            -0.047618512547515375,
            -0.13662109296184058,
            0.3679411144521251,
            -0.20077277715778685,
            0.061801810291227,
            0.013804768034003677,
            -0.04515194923784997,
            -0.04137511211757461,
            -0.3627609263205896,
            -0.047752616366157505,
            -0.25466884959172237,
            0.04874651651616981,
            0.12725231501546555,
            0.42726146308825597,
            -0.12718897999100212,
            0.004849510265218169,
            -0.049322205007855925,
            -0.09179176544031614,
            -0.15572814152427397,
            -0.08209570876716267,
            -0.14254545101644317,
            -0.12401012740747282,
            -0.2796598722969949,
            -0.0961263850293735,
            -0.28163501523509704,
            0.022090043652800543,
            0.48352774687491495,
            -0.21994322601084584,
            0.1310115203997501,
            0.14444386640073412,
            -0.5195727106672047,
            0.25811897085796726,
            -0.20286996770262875,
            -0.006224089855154188,
            0.1079017614686887,
            -0.05272778241158616,
            0.25787240220857244,
            -0.14590459653963556,
            0.5410096819127518,
            0.07360005520063916,
            0.11026020948059785,
            0.84878497647802,
            -0.20522154230154555,
            0.8042146147008657,
            -0.22178771242923254,
            -0.011181275997501983,
            -0.3616614309547508,
            0.16213274841105582,
            -0.20868581907438571,
            -0.16309670812428412,
            0.05331739923382956,
            -0.03753012010304982
        ],
        [
            0.9737067052360211,
            -0.28405459223866564,
            -0.2801803847444186,
            -0.2989353407640576,
            0.7485836342599207,
            -0.3925823275370526,
            1.6597065732034613,
            0.36590020587257627,
            0.289549341377579,
            0.06394688555036318,
            1.2222287599636503,
            0.09345606021134348,
            -1.1111789635928504,
            0.49316968792929167,
            0.46605015350822565,
            -0.32030861493335633,
            0.21346104408327785,
            -0.0954233726909458,
            -0.5639288654713109,
            0.507491027290306,
            0.48403737050245804,
            -0.6027663043938659,
            -0.6710916537926359,
            -0.7165049720670591,
            0.04981347499668058,
            -0.2432523828000732,
            -0.044709244876679495,
            0.24998163517214983,
            -0.34292700377764207,
            -0.210596667551282,
            0.6149245517476277,
            -0.04910250323128355,
            0.5395567647035974,
            -0.37510522276056474,
            0.6664082616714488,
            -0.13002733743516334,
            0.187026535261906,
            0.2190302500529622,
            0.5045692694054656,
            0.030315194382002794,
            -0.5238130779958873,
            0.4788946490445223,
            -0.23894417469441845,
            -0.31010930486243526,
            -0.6528846877377068,
            -0.3632470728678834,
            -0.5181987089329327,
            0.5386446248089157,
            0.024937770746472725,
            0.0948367969452723,
            0.16611009601473492,
            -0.027531179955047478,
            -0.5977860350173054,
            -0.6045742228916035,
            -0.06817756625743168,
            -0.13195207960167837,
            1.070310439053627,
            0.15003121378725537,
            1.0671979722573346,
            -0.7537302808986552,
            0.2796174290927602,
            -1.064921552589274,
            1.1878581175379646,
            -0.5528151197534746,
            -0.09366422827740246,
            -0.14415272082686184,
            0.7706141786806627,
            -0.08377723513854933,
            0.3229409081083308,
            0.06143549758256063,
            0.6249407619547701,
            -0.15175396532646382,
            0.6819563322646941,
            -0.19514487089236163,
            -0.30627513143486423,
            0.09725706306365237,
            -0.14149782588281246,
            0.1177615133501868,
            0.6667899995978569,
            0.1580853521624178,
            -0.29554169197446933,
            -0.8628846542559544,
            0.01859656768092083,
            -0.20001248803007585,
            -0.3256574165546352,
            0.29711987294472003,
            0.2052907163652208,
            -0.4414964138301995,
            -0.7282585418732881,
            -0.5902086063176911,
            0.6224257006654711,
            -0.6858869440580904,
            -0.39489338595184575,
            0.7584134491593862,
            0.20753633217792902,
            -0.0688259185433979,
            -0.2694919609747429,
            -0.2187238820136567,
            -0.16923205956323137,
            -0.17801012612733697
        ],
        [
            1.0544024931169822,
            0.42639141784084783,
            0.5978634505932429,
            0.5522042514235894,
            0.7175238765249526,
            -0.028641219523150498,
            0.36590020587257627,
            0.6033163984819943,
            0.3778794015876669,
            0.7188440529680011,
            0.3673158499604592,
            0.6825575535125944,
            0.08506766601238802,
            0.9477545825860797,
            0.5650890939616603,
            0.1153490147950146,
            0.38441430506549956,
            0.7554667555748801,
            -0.3476718801013039,
            0.268851557740631,
            0.5767212063724199,
            -0.08133046882682754,
            0.018458267854926946,
            -0.7977645226555536,
            0.28861295760867633,
            1.3569587674790526,
            0.9646535857879225,
            -0.13551104193499558,
            0.3182296605547477,
            0.22622153878237497,
            0.8534674902591518,
            -0.5937510333407641,
            1.1514658737010481,
            0.6273557231157312,
            0.748950674595286,
            1.0075073896103162,
            0.982518083934802,
            0.6524986833495849,
            0.10323748917150269,
            0.5162230788385148,
            -0.38862326567967276,
            -0.12935998836234824,
            0.5305725721234696,
            -0.09015257874227509,
            -0.7145978295249762,
            -0.17650225353925278,
            0.18864234876368177,
            0.6565269919112733,
            -0.06777986877937071,
            0.290725433671753,
            0.6640709491143763,
            0.2224518306059149,
            -0.49795779640607635,
            -0.4837864842967971,
            -0.13728161636423739,
            -0.10527214486376511,
            0.9254438647457632,
            -0.010420929268545142,
            0.1624495627630088,
            -0.6070339265002728,
            0.7808637220569346,
            -0.103495792237526,
            0.6624138721141819,
            -0.43746549152725517,
            0.015714500887943083,
            -0.3440246370477236,
            -0.18167753323093813,
            -0.6731758473588385,
            0.6252173341651686,
            0.9179567059705754,
            -0.04410684826946061,
            -0.21042759631264096,
            0.05804150642792517,
            0.5279893386860218,
            0.7342588027307949,
            0.7299046574677693,
            0.015865388070890992,
            0.4058904441455118,
            0.8580211558477984,
            0.7170193401307924,
            0.1441355263968621,
            -0.8925229963748034,
            1.323038126286926,
            -0.8625102114076052,
            0.21815881016742042,
            1.0215033735535064,
            0.48783699239432304,
            -0.1361493034125,
            -0.35996414512157276,
            0.7606501388317356,
            -0.13851646203297097,
            0.8182216857868415,
            -0.29723444908033336,
            -0.16997567520043405,
            0.4421506309992481,
            0.38596663915820584,
            0.015197282370184865,
            -0.11006197281214974,
            -0.3232035146158482,
            -0.33479138536831443
        ],
        [
            1.7277682514343267,
            0.34930572762893536,
            -0.2438081440316866,
            -0.28735751877885457,
            0.8741254634038624,
            -0.24470330093612538,
            0.289549341377579,
            0.3778794015876669,
            1.058800398362415,
            0.9053733781264001,
            0.3184492793165816,
            0.7594934371246241,
            -0.5018524959810932,
            1.0740580450454662,
            0.1819559174316376,
            0.012466335436466537,
            0.4345116318248425,
            0.49023893421571446,
            0.030134931143240458,
            0.32539109588426185,
            1.376816331025252,
            -0.2981195775157,
            -0.29648671342713856,
            -0.3799380148417777,
            0.407427607606056,
            1.4029145799684524,
            1.0126858734862358,
            -0.0587999814036133,
            -0.6269752675611794,
            0.32114429085666435,
            1.7809624384732243,
            -0.25641927456339214,
            1.6189770448163427,
            -0.42168441511116195,
            -0.40232120492001316,
            0.3732880102411159,
            1.165824184863895,
            0.8333463967837923,
            0.2506250380448806,
            -0.5914807221831823,
            -0.23718602528761562,
            -0.12833971700590646,
            -1.0426365482399165,
            -0.08527332876621561,
            -0.2624912304827886,
            -0.35824926435918997,
            0.6359222372912311,
            0.618111988994924,
            0.07180184881350667,
            0.6605796300782536,
            0.016938883472638316,
            0.763986186617642,
            -0.10748962191712098,
            -0.22245793367532515,
            -0.09083829356858825,
            0.004776445901668012,
            1.5569214389698265,
            -0.044409941090746176,
            0.1130775651490573,
            -0.1877091957410147,
            0.5976333065341055,
            0.09117406296095078,
            0.39271436164627316,
            -0.21689161732961518,
            -0.32373066737618345,
            -0.18733922406674902,
            -0.21044077468482023,
            -0.20689690054737533,
            1.0006376689221987,
            1.264629389889029,
            -0.020722117294416104,
            -0.0781607862723209,
            0.29643975988877563,
            0.6194199455065637,
            0.005571132226992905,
            1.2752332604262533,
            0.06616281904267106,
            0.12375254943228581,
            1.549000138185593,
            -0.1244347103655653,
            0.7683402471078129,
            -0.32245568960668586,
            1.4174143549102731,
            -0.18066074437279583,
            0.10129539114731882,
            1.0520742960065244,
            -0.8324042509159447,
            -0.20188460583564657,
            -0.5269473213104757,
            -0.7408839828631438,
            -0.1355711409826816,
            -0.6291559871173097,
            0.20759799236862528,
            -0.2759250205506764,
            0.9262572569402545,
            0.011505222736923316,
            0.1324414428073475,
            0.6819385778018233,
            -0.30703934032175695,
            0.006764590223720124
        ],
        [
            1.7229437513155923,
            0.7335471812974586,
            0.6171168770101947,
            0.5568605557973111,
            1.0165855836648678,
            -0.002755556570899436,
            0.06394688555036318,
            0.7188440529680011,
            0.9053733781264001,
            1.2664529390901833,
            0.24315827804483112,
            1.1495554529328182,
            0.10710579673389567,
            1.5399775507909637,
            0.6312996616078719,
            0.09966626994052927,
            0.6121952905309616,
            1.1332250823840337,
            -0.12241724238343196,
            0.3397896754502681,
            1.2056406064464964,
            0.03136358868173186,
            -0.24010982061714647,
            -0.8960768663112995,
            0.5404037826179314,
            2.2517592275554756,
            1.6429811811358337,
            -0.2718736282972045,
            0.18190672457217463,
            0.5453902223956547,
            1.742692613372247,
            -0.8034149584511722,
            1.9665705557932824,
            0.6234933894605257,
            0.5173659047324449,
            1.3826595268609883,
            1.5077863659256292,
            1.1214134181529691,
            0.0840149210791401,
            0.3715015676243103,
            -0.3475517462866736,
            -0.38745759248716166,
            0.14259352550337062,
            -0.05725533770107687,
            -0.7031626014893438,
            -0.47432274766059385,
            0.6100766861980963,
            0.9406628630379236,
            -0.03763811205129808,
            0.6286593447922307,
            0.8144011633882277,
            0.6151339062504725,
            -0.3791321424241104,
            -0.49385717147791613,
            -0.2089823243093419,
            -0.10083240520769843,
            1.566924999290679,
            -0.09314434753947234,
            -0.0752809915876433,
            -0.5246868821526073,
            1.1598005947282854,
            0.41508574026427286,
            0.628458963890906,
            -0.4641917286297029,
            -0.26877956767214917,
            -0.4781284657680245,
            -0.49685098114943743,
            -0.7530372051792449,
            1.1339830962020805,
            1.609080088591264,
            -0.3242092276108934,
            -0.2898452506368378,
            -0.0035243891468408235,
            0.934904871639875,
            0.9930649311958477,
            1.3895859396441184,
            0.17858115778308145,
            0.521484254760048,
            1.4200711020775396,
            0.6619251056873927,
            0.5780098330160952,
            -0.8897677685188445,
            2.2347706978497883,
            -0.8503107114898562,
            0.4820090838290157,
            1.4889704065205818,
            0.1472352117409118,
            -0.1687836325358482,
            -0.5452468418872127,
            0.7452874814475189,
            -0.4300904270894324,
            0.8513389939753043,
            -0.21416856412041746,
            -0.4244180571525774,
            0.7696700989160515,
            0.44874870092718794,
            -0.024486886263360895,
            0.3329773253946911,
            -0.4389041782267092,
            -0.27496506536950377
        ],
        [
            0.8890716325993534,
            -0.09024783833125519,
            -0.0487945150464158,
            -0.06669966935231057,
            0.6835334787480238,
            -0.24223423811172637,
            1.2222287599636503,
            0.3673158499604592,
            0.3184492793165816,
            0.24315827804483112,
            0.9533953369261549,
            0.2598487993820086,
            -0.7888776963425812,
            0.644257648438097,
            0.4990054540310064,
            -0.3019341242627139,
            0.2636539788059223,
            0.13508183123597353,
            -0.39936191541919774,
            0.43427865034067353,
            0.4784192586572209,
            -0.34860723737143434,
            -0.7193733836090034,
            -0.7093969953165699,
            0.12853324875159344,
            0.13244725517419756,
            0.2440831161194846,
            0.1219042851579444,
            -0.11558336582959626,
            -0.028716164111226544,
            0.6899670111226976,
            -0.20377079944979257,
            0.6713197872441544,
            -0.0750567417729828,
            0.7140497771878371,
            0.18975211114528875,
            0.2642592098099856,
            0.3421950773752502,
            0.3615758815671016,
            0.24116115200709873,
            -0.40955007436337926,
            0.2627359114244015,
            -0.020888442618029152,
            -0.2382663520302392,
            -0.5940415770133249,
            -0.4669027999843693,
            -0.37277025490561894,
            0.5773196244614396,
            0.007651603720720196,
            0.13414883686535947,
            0.3780885542103718,
            0.011022002202681793,
            -0.48516492477436,
            -0.5502602141465301,
            -0.10657531263015974,
            -0.1377756123512355,
            1.0120041974082308,
            0.08707551012161606,
            0.7694370250389959,
            -0.6439827009830864,
            0.4442029402464096,
            -0.6054723881651218,
            1.0108707163718245,
            -0.5116297247008754,
            -0.18897601361886884,
            -0.2203741004836703,
            0.5150799290621357,
            -0.15777259393871354,
            0.39633991245157296,
            0.23676222103950603,
            0.3460709803222818,
            -0.20816372693080548,
            0.46427910881920015,
            -0.024225921901599324,
            0.04465773655430163,
            0.21020854118239812,
            -0.018664468615148075,
            0.2169134722706669,
            0.5584397307148876,
            0.26311396236958257,
            -0.21826790682921926,
            -0.7987568211168147,
            0.3810453908832953,
            -0.227138301266223,
            -0.08887559261789947,
            0.37338767886405644,
            0.3375416584866229,
            -0.37368860772230106,
            -0.6650941730429482,
            -0.1261310404505732,
            0.3701314555441217,
            -0.21439816587296348,
            -0.43436219036473367,
            0.586727414323487,
            0.1366528845559345,
            0.042749066329270155,
            -0.34290430330761346,
            -0.13854804155946715,
            -0.17217042496412696,
            -0.16844610404663893
        ],
        [
            1.4964932078829891,
            0.6790617954050088,
            0.6695316405773752,
            0.616100031503753,
            0.9234459775778551,
            0.03270761670492821,
            0.09345606021134348,
            0.6825575535125944,
            0.7594934371246241,
            1.1495554529328182,
            0.2598487993820086,
            1.0589788148289212,
            0.13658768135417884,
            1.4361005540561818,
            0.6534705387690491,
            0.05477204399479458,
            0.5686570386853798,
            1.0797261372028433,
            -0.1409967336016821,
            0.321348385258606,
            1.0141136361367011,
            0.08124012103784553,
            -0.29774474501359216,
            -0.8977823786958777,
            0.49141130395936133,
            2.04477287966527,
            1.5176371296040736,
            -0.2621291281094328,
            0.30028188174788445,
            0.5096570944549454,
            1.5149554475192342,
            -0.7922053709608112,
            1.7624888069820397,
            0.7134016444551413,
            0.6644203037561629,
            1.3626090550732763,
            1.3217956391093575,
            1.0232361265558307,
            0.062453080421446365,
            0.5226734943310576,
            -0.3291236254986602,
            -0.3619354359477866,
            0.3352912261108664,
            -0.05971172059979918,
            -0.7031688673043641,
            -0.4888848498468479,
            0.46835815467051606,
            0.8968024177299403,
            -0.049268992628064,
            0.5303694710669837,
            0.8753269883139351,
            0.48468326429496683,
            -0.389407196618189,
            -0.5041311117937225,
            -0.2096612925591511,
            -0.11767806555473563,
            1.3959627048387235,
            -0.08408386471278552,
            -0.04621862670412304,
            -0.5395600160039434,
            1.1182141874447022,
            0.39957507373828793,
            0.6452035230565534,
            -0.4741092302663969,
            -0.25671990618044854,
            -0.4768015531937578,
            -0.4274051084898167,
            -0.7269702692313599,
            1.0071492447553532,
            1.4218729361114422,
            -0.3196249078240115,
            -0.3070509716111995,
            -0.029978863696295117,
            0.8356695955435156,
            1.031404919001574,
            1.1931883972212405,
            0.18540462600097055,
            0.5321652228397689,
            1.1818270501375996,
            0.7105960661088518,
            0.42487454196961716,
            -0.9001455942085677,
            2.058552054527661,
            -0.823030018587492,
            0.48528575802010737,
            1.3357792824630776,
            0.3402261766776246,
            -0.1689849120855686,
            -0.5225544568160443,
            0.9059769766218246,
            -0.39444946794284047,
            0.9799295065651541,
            -0.30506930445690084,
            -0.3198508732566463,
            0.6016361079192576,
            0.4574706724195806,
            -0.10761122941359422,
            0.21563400511141434,
            -0.39861521604329725,
            -0.2850695856795693
        ],
        [
            -0.7671854429877841,
            0.43163647505847375,
            0.9616512077320378,
            0.9569325875357806,
            -0.40717039669956406,
            0.4242539077802151,
            -1.1111789635928504,
            0.08506766601238802,
            -0.5018524959810932,
            0.10710579673389567,
            -0.7888776963425812,
            0.13658768135417884,
