{
    "pos": [
        [
            1.2429013899154624,
            0.21012672909492142,
            -0.019673658390293416,
            -0.09048867044753019,
            0.6761935584870012,
            0.0005497495275796241,
            1.1879688105888537,
            0.03169895205928393,
            1.031105398965672,
            1.0787877204515444,
            0.29370411478950104,
            0.09229161308873622,
            0.7023093178445459,
            0.041381133012750045,
            -0.30136153808262756,
            0.9841911380578469,
            0.3251552902116035,
            -0.27532631348274234,
            -0.2964604813996505,
            0.7754727013516644,
            0.9174747735545138,
            0.23838477342642217,
            0.49777287105097917,
            0.07336303580905548,
            -0.6900607621988263,
            -0.6217643420254629,
            -0.8208035223486244,
            0.05742953836153604,
            -0.2437956533684084,
            -0.1352093555307122,
            0.6677978165969111,
            0.29581118137560036,
            -0.13282898910249877,
            -0.6995723551479347,
            -1.3484103444874567,
            -1.521023313278351,
            0.6943534398738899,
            0.4650095517474007,
            0.5023465893360618,
            -0.8585598397654883,
            0.6714529432197797,
            0.17326211000581906,
            -1.0723563134737046,
            -0.10036587051672197,
            0.08363877601063183,
            0.03254810947732998,
            1.1630525151299675,
            -0.7630650985468559,
            0.05232367287553979,
            0.17174912167984968,
            -0.35932276396168183,
            1.2668893577740432,
            0.08198142613714246,
            -0.0032039815186916047,
            0.5629947097950838,
            -0.7373556135536057,
            0.6492774612436679,
            -0.019479093782818195,
            0.9530761408596707,
            0.030373397857865792,
            -0.18312901649271193,
            0.3126326462117484,
            0.5791512888080259,
            0.0009276363700581915,
            0.8336877940975453,
            0.1789056690535611,
            0.12820427428379969,
            0.3273810045459372,
            -0.3825082060676304,
            0.16594482891616946,
            0.45719908798153064,
            0.33517573107027254,
            -0.6680351534924762,
            1.059046687847031,
            -0.9557204673892117,
            1.4158252022547795,
            -0.6266578288199046,
            -0.025052652216901502,
            -0.09289302633447744,
            0.33101009017535254,
            0.6775052617881305,
            0.10260748632057226,
            -0.5141718956091234,
            0.014310751233631331,
            0.5289250350674947,
            0.4013177835822937,
            -1.1296580885935408,
            -0.037740534106993184,
            -0.06531406365913008,
            -1.1141467209433242,
            0.2658554088791118,
            -0.49585153727414605,
            0.7722706523100127,
            0.7486155150881355,
            0.3476041268344981,
            0.46427084679217456,
            1.1243446413556841,
            0.9045845868087352,
            -0.14562248403392156,
            0.16238762883530272
        ],
        [
            0.21012672909492142,
            1.0197721690098358,
            0.7906110901667213,
            0.8334568707058572,
            0.5920615810080755,
            -0.48202505419930425,
            0.5953523356761397,
            1.3443136263160804,
            0.9794397305245042,
            1.4108464582257607,
            -0.07264515741346138,
            0.8163189824482062,
            1.4725723063345315,
            0.5340552696062163,
            -0.4000362758462129,
            1.1372749180672148,
            0.8092570113692148,
            0.4226637082232311,
            -0.10661237532540718,
            1.3685762108998756,
            1.2311800393598948,
            0.04842006603137404,
            1.0047763790176882,
            -0.05274490736513328,
            0.017425731753372763,
            -0.14911770057997983,
            0.6412937712648737,
            -0.11440861176365709,
            1.4879742902146895,
            0.2693161931279776,
            -0.4412253515143647,
            -0.1313314223510229,
            -0.020517169801915928,
            0.8082691497494974,
            0.3610932253423915,
            0.04973838149424432,
            1.4130737550668357,
            -0.39699008758661597,
            -0.15740387000101216,
            -0.05387222181313374,
            -0.4674995291256543,
            -0.21851266499094538,
            -0.05213333963233992,
            -0.14420518734778207,
            -0.05436607773256385,
            -0.1477522664261382,
            0.929785344855851,
            0.26958721224629734,
            -0.036756161031866366,
            -0.6529820936734756,
            0.45773458367102915,
            1.4849801097469786,
            -0.04153283515291861,
            -0.026846459075148224,
            -0.26854475912890374,
            -0.03730877703337437,
            -0.08717545185108724,
            0.09711182071272906,
            1.293011424029734,
            0.013592538415452937,
            1.034106589668977,
            1.308924748458393,
            0.2997767841994938,
            -0.02535170348131458,
            0.12370735572302001,
            -0.11962180836913361,
            0.07725325490886215,
            -0.12980059482835707,
            0.11380983376686533,
            0.875050880473315,
            -0.15220472903966187,
            -0.2536153221226747,
            -0.07573939032050281,
            1.6233851168214248,
            0.1728280891547408,
            0.7521464341779475,
            0.14708612419118358,
            -0.5621731129208042,
            -0.10362663688865095,
            1.4297274323496196,
            0.6290098029313188,
            -0.024997540313849088,
            1.2880244704733412,
            -0.013477435901847296,
            0.9455504747199085,
            0.7262671130026805,
            -0.3071808407513221,
            0.642319272124976,
            0.004216359296067005,
            0.5007432822526096,
            -0.2989182154048757,
            1.555635771094492,
            -0.17433671244439386,
            0.12848175269164464,
            0.4944020930288424,
            0.4914873272933326,
            1.4650927617920253,
            -0.05250774939298735,
            0.11208903068605475,
            -0.037974797050320176
        ],
        [
            -0.019673658390293416,
            0.7906110901667213,
            0.81021272870814,
            0.8582264373936527,
            0.22146347958661372,
            -0.7774216068163481,
            0.04372657228354862,
            1.0531083738593257,
            0.6367740380259548,
            0.8777852350931599,
            -0.33879401390251906,
            0.8059287383846723,
            1.1219245946054164,
            0.6801156863865766,
            -0.6721310045201148,
            0.670183301515025,
            0.7453749946850677,
            0.486937191644946,
            -0.11572739035152138,
            1.1650468138425767,
            0.6325044404060851,
            0.0019184216073408816,
            0.7023235649871327,
            -0.012709777314151759,
            0.037648018154956914,
            0.15419979755540475,
            0.636365736713531,
            -0.1241994234986898,
            0.941514169447205,
            -0.047605434655238976,
            -0.3319297053793995,
            -0.086989608321483,
            -0.060538581425957874,
            0.8582420177687322,
            0.8744186913308879,
            -0.07423248324366044,
            0.8801535696511542,
            -0.836532816007387,
            -0.6640218726757096,
            0.3587698814330988,
            -0.745793660387484,
            -0.23011881661131986,
            0.4635785976413549,
            -0.30077074938663206,
            -0.016670980218667933,
            -0.13780373796978126,
            0.5982690028937833,
            0.42047827119825165,
            -0.01755057116173591,
            -0.6843757384489958,
            0.22078189448510666,
            0.8945707505406238,
            -0.0589470099605409,
            -0.010520764229855404,
            -0.17946594762851453,
            0.2846939212207571,
            -0.11957821801517561,
            0.22511755021146593,
            1.131181650582153,
            0.005434089866089661,
            0.9654102481128096,
            0.923431984324169,
            -0.04847908965945036,
            -0.008693115743584114,
            -0.34949372248605365,
            -0.12460890323372048,
            0.25079269321055336,
            0.008505907245112899,
            -0.21708099593758173,
            0.674080771162273,
            -0.2331913050961689,
            -0.1398766834160722,
            -0.23401605202194098,
            1.2373609045353502,
            0.5726131443325654,
            0.3078389064154947,
            0.37137688846834904,
            -0.7847732220057357,
            0.22508796060266667,
            1.1891424364213838,
            0.243357568082596,
            -0.006433873874080169,
            1.222398149629518,
            -0.0028313479265925463,
            0.688671930558849,
            0.45187830059356576,
            -0.3686294137629591,
            0.09911554904928349,
            0.19808999947597206,
            0.7856557026358165,
            -0.2971458195317382,
            1.385669627095179,
            -0.3710600365674251,
            -0.17554000144724613,
            0.09072149121932328,
            0.2140368706650218,
            0.8635534907606021,
            -0.26863350487998194,
            0.18068505723799633,
            -0.1075630835027116
        ],
        [
            -0.09048867044753019,
            0.8334568707058572,
            0.8582264373936527,
            0.9308503371262815,
            0.1148194327158524,
            -0.7178919524044365,
            0.025383472771295785,
            1.1477489198376511,
            0.6367520473053112,
            0.9083685569756826,
            -0.3067392326509469,
            0.8799459036869985,
            1.273439208173702,
            0.6845801776667816,
            -0.5720960243494252,
            0.674897783998735,
            0.7947840446754658,
            0.5433123463311765,
            -0.11015582281440249,
            1.2360468564724352,
            0.6274046070469971,
            0.17994061097776948,
            0.7363726708749696,
            -0.033610162885625336,
            0.028231392741734685,
            0.21209467871715204,
            0.7065245326016192,
            -0.13932206237712738,
            1.0152661799785712,
            -0.006277204649279243,
            -0.4981885978119592,
            -0.16653938807415428,
            -0.027756384523183103,
            0.9480647746308014,
            1.0017924186069984,
            -0.04027923536246743,
            0.9051496467626144,
            -0.7749746453096024,
            -0.7119308509095315,
            0.45327684251287065,
            -0.6699726074744599,
            -0.2612952636030758,
            0.5763231999060937,
            -0.28559701261179554,
            -0.03677721348738111,
            -0.21285470149828842,
            0.5109297494082833,
            0.4475161920088107,
            -0.025493921608081074,
            -0.7757085960858965,
            0.27647224282401067,
            0.8882391160072545,
            -0.06400031815825953,
            -0.020410361956775706,
            -0.3365904521647329,
            0.3179715519321639,
            -0.17122762082528162,
            0.23360858535914925,
            1.1959999047946035,
            0.005205960110069765,
            1.0710020416026174,
            1.0860359479714592,
            -0.1306350404029422,
            -0.018975826046968278,
            -0.2695091313591901,
            -0.18616554092452353,
            0.2035821937505268,
            -0.06646033746892697,
            -0.2997352712397729,
            0.702026877694433,
            -0.2735291657446715,
            -0.24262053078020976,
            -0.3035093818905368,
            1.3184144340649742,
            0.6958226103636704,
            0.16957231664551692,
            0.41635414951274746,
            -0.6578348786588101,
            0.24846660207853355,
            1.2810095015501215,
            0.22765548119161183,
            -0.019424388110610556,
            1.3734292991662531,
            -0.01583647667441696,
            0.831760076553416,
            0.4580590179702374,
            -0.2540167364722304,
            0.17780658834669252,
            0.18121185877373985,
            0.9369464400303387,
            -0.3379962716364022,
            1.5467723405476956,
            -0.38914643302240554,
            -0.1995171068867152,
            0.050433387219390835,
            0.2986046288189222,
            0.8686610754978004,
            -0.28006313228290186,
            0.18226217183039686,
            -0.1375257989521527
        ],
        [
            0.6761935584870012,
            0.5920615810080755,
            0.22146347958661372,
            0.1148194327158524,
            1.2260400564942213,
            -0.3716879431097786,
            0.8968346191611088,
            0.5912480702461935,
            0.8769033019542235,
            1.1413406155033003,
            0.009119379223686316,
            0.14793426255323744,
            0.40190672396610233,
            0.1921586195596133,
            -0.5545561323021165,
            1.0541144958047006,
            0.31583197514563255,
            -0.06454619467412735,
            -0.08334053810129302,
            0.6397468970111548,
            1.2819244980862798,
            -0.8826003322866838,
            0.6891242504494322,
            0.0436958081691441,
            0.06801782113076835,
            -0.6184523253759017,
            0.056833909895345924,
            0.016053739738136966,
            0.9896253440099685,
            0.2187243317574689,
            0.5072565503073836,
            0.29513132974260897,
            -0.14203879922863172,
            5.776997880189852e-05,
            -0.8622398956695463,
            -0.022219946530829742,
            1.179588765307283,
            -0.21457532182331504,
            0.5695464003696296,
            -0.8594086548366948,
            -0.46574275486713196,
            0.03411992618091035,
            -1.0324189469040055,
            -0.04046813080701721,
            0.03996146668969688,
            0.2932233296618788,
            1.2934365664922158,
            -0.09126000570949871,
            0.003062811997644649,
            0.10111821079735649,
            0.18110230951993564,
            1.4279069096085772,
            0.013844729099366843,
            0.0222409203382306,
            0.5747533986150879,
            -0.461949842564368,
            0.22757101348655207,
            -0.08642772241999934,
            0.5857127282488576,
            0.016088155263445716,
            0.1570242038970808,
            0.267829510894972,
            0.8922113372785321,
            0.024771391169303145,
            0.032265104536154346,
            0.2486413478507864,
            0.15023962399084342,
            0.19683837592119047,
            0.7924391645060446,
            0.5560880529065373,
            0.17103968960727978,
            0.2853918882800109,
            0.482638783804605,
            0.9000270624132369,
            -0.8562543343987195,
            1.5366524001149053,
            -0.30195176803464746,
            -0.8381013102999809,
            -0.43738074472152794,
            0.5911137180597387,
            0.7911522093399779,
            0.03726900062162194,
            0.057404063399024166,
            0.05220773021527614,
            0.034217102468782463,
            0.6387391067603988,
            -0.7420570732610527,
            0.4432749296080185,
            -0.07010208579673187,
            -0.7009152344273791,
            0.02119962256685766,
            0.24846948390713172,
            0.15214631653919303,
            0.4374226835359154,
            0.8582344246996243,
            0.07910625267212969,
            1.3676417275260688,
            0.19255567118570915,
            0.0030741506505321614,
            0.1873994974020581
        ],
        [
            0.0005497495275796241,
            -0.48202505419930425,
            -0.7774216068163481,
            -0.7178919524044365,
            -0.3716879431097786,
            1.6174576880850933,
            0.5689735007605209,
            -0.5036107877566093,
            -0.33123468983946575,
            -0.253933631535169,
            0.9005663737112514,
            -0.6287859202522879,
            -0.15948724588710167,
            -0.9915873996366846,
            1.6595848358750012,
            -0.21252216656776546,
            -0.6084942196061043,
            -0.4294130938852321,
            0.16095992769577794,
            -0.7990117269175312,
            -0.08653371097369852,
            1.0212485096965498,
            -0.3201712058693551,
            -0.13466737258789682,
            -0.19179313959124566,
            -0.30416399486093915,
            -0.4954533021988331,
            0.08978888567241665,
            -0.1854682010535914,
            0.6152486236605184,
            -0.5449782800356562,
            -0.33701670585668586,
            0.27091869717531025,
            -0.7060428149291387,
            -1.077264176196062,
            0.2954458430657222,
            -0.31809493911291675,
            1.8943991948484122,
            1.1747938498401984,
            -0.47603510548105143,
            1.6851131233277212,
            0.1500529885217765,
            -0.6479423093240074,
            0.625361794907919,
            -0.1216690604816561,
            -0.2306868036421058,
            -0.7444351021106534,
            -0.6031172349079821,
            -0.038726434801171994,
            0.4148725400783822,
            0.27432646645554526,
            -0.39318735259479587,
            0.07264023367469455,
            -0.05803708081302407,
            -0.6570918346809284,
            -0.5834414282694435,
            -0.027432020125657493,
            -0.3857144845130807,
            -0.819177962413596,
            0.0032503571658076217,
            -0.5980165887595689,
            0.16860093303397347,
            0.07031281105527704,
            -0.062253655406762635,
            1.4536684849142445,
            -0.14648276852562467,
            -0.7447523615809661,
            -0.5392926323864297,
            0.16635467902809115,
            -0.44771876211128847,
            0.2131111639011235,
            -0.4714213409167142,
            0.018456223655310453,
            -0.6221066542000667,
            -0.5858015082715613,
            -0.4998219995070211,
            -0.5528811931171329,
            1.9011208903187526,
            -0.5630252858916301,
            -0.6901508304811171,
            0.08480028965858374,
            -0.07547370165735648,
            -0.6764275646216692,
            -0.07755515979478729,
            0.2314379314678824,
            -0.19064197639636138,
            1.0697738904303937,
            0.8850519891093159,
            -0.554658053569356,
            -0.589117234774376,
            0.17659520148438804,
            -0.6960703519229704,
            0.62455154655327,
            0.5026006617612392,
            0.13850766198608885,
            0.5306785918547265,
            -0.29397068801093157,
            0.5849664484118612,
            -0.29903372551056395,
            0.06902087564406478
        ],
        [
            1.1879688105888537,
            0.5953523356761397,
            0.04372657228354862,
            0.025383472771295785,
            0.8968346191611088,
            0.5689735007605209,
            1.8563815090555842,
            0.3029697224490213,
            1.2995814215112083,
            1.6351423028937935,
            0.5195919692838952,
            -0.252219445783535,
            1.1761315710290907,
            -0.27106503749836713,
            0.46557197963218555,
            1.434929762977123,
            -0.06457189216538878,
            -0.5892470232483259,
            -0.2206772798116588,
            0.8817899279357759,
            1.3990963250286454,
            0.7202990099332354,
            0.8442250864340773,
            -0.04095565783576276,
            -0.8650637108781937,
            -1.2351038048861005,
            -0.7691359326246578,
            0.03257532754045606,
            0.7204297236803916,
            0.30658445847244775,
            0.011103975925253523,
            0.07547595758118555,
            -0.1587805875278708,
            -0.5333790650903424,
            -1.3949160052868603,
            -0.9997352479191721,
            1.283725630950257,
            1.0956695179866616,
            0.9784892128204503,
            -1.1311565599735516,
            0.9743626757002994,
            0.13425842883074443,
            -1.497374319364658,
            0.20235514415326938,
            -0.021922271045163377,
            -0.07225778605827454,
            1.2813907024632063,
            -0.7277080717439901,
            -0.01120950582281155,
            6.577657379150116e-05,
            0.3474663489397583,
            1.7818596761290824,
            0.08553193237451981,
            -0.04616156813390364,
            0.16038878012681979,
            -0.836850309516163,
            0.6294050662058825,
            -0.2520753931600287,
            1.0041508106191948,
            0.03258854453099554,
            -0.10754333629921793,
            1.097294498301588,
            0.9463862096815124,
            -0.041402374992500914,
            1.501239173175704,
            0.10871008633600983,
            -0.19674646285293895,
            -0.08434561683378612,
            -0.10059584102765758,
            0.5342236659062973,
            0.5543208271116784,
            -0.0654959244517236,
            -0.855459609248431,
            1.2227688428954737,
            -1.1749098675706857,
            1.6461785384361165,
            -1.1295137339830854,
            0.5829943516386445,
            -0.8990548335347871,
            0.8792062904257834,
            0.8907519464601683,
            0.01182969401111274,
            0.08456328166374433,
            -0.044634577785988366,
            1.0806964023893124,
            0.7315415034026536,
            -0.34737428485033334,
            0.6846965024720202,
            -0.30901235818147854,
            -1.1392475762662368,
            0.20336212687794505,
            0.4178752921803941,
            0.5999043130032274,
            1.163883156956502,
            0.5885908684369613,
            0.9556300677934108,
            1.6817372302263676,
            1.0175973006204175,
            -0.14060237220772495,
            0.22015552071929215
        ],
        [
            0.03169895205928393,
            1.3443136263160804,
            1.0531083738593257,
            1.1477489198376511,
            0.5912480702461935,
            -0.5036107877566093,
            0.3029697224490213,
            2.8361047112510795,
            1.218503241589603,
            1.9696685905164326,
            0.4498265360052104,
            2.463726011045269,
            2.523819184998871,
            0.8966883248655176,
            -0.5737243371738273,
            1.5333383816846473,
            2.485563445940222,
            1.716426814422121,
            -0.038723963172221224,
            2.1962309282455066,
            2.154345306079195,
            -0.1510715699325032,
            1.4857901244491916,
            -0.11518973314233055,
            0.9161129800509,
            1.0412282302519154,
            1.7866744292257106,
            -0.17155848609132873,
            2.2901564451618,
            0.8977690563436549,
            -0.7772739063354468,
            -0.48365773650082233,
            0.5457869753289979,
            1.4505485138128646,
            0.13300134869071423,
            0.5650277007191642,
            2.146812264036283,
            -0.27148437989460844,
            0.048190723344194,
            0.11320806697612446,
            -0.23366020064382506,
            -0.4492753705396382,
            0.3664120573345146,
            -0.15522210881418239,
            -0.13461871179047033,
            -0.43953407157965185,
            0.8696003283068413,
            0.3303323153942576,
            -0.04521047497780375,
            -0.9141383242328871,
            0.2851697457234476,
            2.0576475361298603,
            -0.08062485201449783,
            -0.046645625257892176,
            -1.0498017048796466,
            -0.43425101456437637,
            -0.7513889240504633,
            0.27236679719470275,
            1.88756807950552,
            0.022542025913404012,
            2.2273833205573568,
            1.9689770235712087,
            -0.0650168625138759,
            -0.05385590342549477,
            0.26121867110857433,
            -0.4642640626014914,
            -0.17063374803541875,
            -0.36002256831373936,
            0.6234159103285073,
            1.0206192983350089,
            -0.7210869117705417,
            -0.6201507666809865,
            1.2458321417933234,
            3.0267269697035193,
            0.5671399578122972,
            0.3132739569960006,
            1.3825321628212313,
            -0.5983564866175641,
            0.8926273261957413,
            1.6681543058412416,
            1.3087836451190966,
            -0.021868064527021367,
            1.595689780548992,
            0.007953826349227538,
            1.2904317267382979,
            0.9497822379392029,
            -0.7105240798257544,
            1.7631145297704707,
            -0.23996664724215258,
            1.2577529302552457,
            -0.6803943935158273,
            1.5615876788414451,
            0.4400922921790773,
            -0.38261036934862336,
            1.2458472812739618,
            0.6587442849484654,
            2.14850355731928,
            -0.19369542733313294,
            -0.0597598841577692,
            -0.21602072813776052
        ],
        [
            1.031105398965672,
            0.9794397305245042,
            0.6367740380259548,
            0.6367520473053112,
            0.8769033019542235,
            -0.33123468983946575,
            1.2995814215112083,
            1.218503241589603,
            1.5315094210694604,
            1.9358938664051888,
            0.22586046977623397,
            0.870851389061893,
            1.824903637692909,
            0.47050406820140434,
            -0.48192680880009925,
            1.6282649760479253,
            1.0260187728189876,
            0.25617446762359775,
            -0.29580249141256865,
            1.7317016430247874,
            1.6817243189001283,
            0.3220541586402732,
            1.1908819779870317,
            -0.0027815903301155573,
            -0.4421593316029001,
            -0.4395548565954898,
            0.0039986213894042605,
            -0.05816101916175781,
            1.0419086411100833,
            0.17308084272288216,
            0.03347124698317396,
            0.04251533540593188,
            -0.04837023265303678,
            0.19568629037273863,
            -0.6673517864923542,
            -1.051693359509135,
            1.656908870250948,
            0.0946119208743544,
            0.2334724858869235,
            -0.6025116098575257,
            0.22008109231732745,
            -0.074257193247054,
            -0.7276575763044938,
            -0.17898679137995588,
            0.0028161246291219183,
            -0.1619913385434966,
            1.5098233399496828,
            -0.34716895702727446,
            0.006170532570720931,
            -0.4476696742031715,
            0.09217761552560583,
            2.1086936982865225,
            0.023654680640783337,
            -0.030718588196522536,
            0.05404639701267985,
            -0.588348511800667,
            0.33546112197596706,
            0.08165941099260467,
            1.7868795387300431,
            0.0336387923732863,
            0.8101021079833546,
            1.381288194337551,
            0.5705013581151168,
            -0.02743291563605836,
            0.7796882206599739,
            -0.02532172429502202,
            0.10682771527998702,
            0.08286130030382748,
            -0.22675489647339375,
            0.8125874419135566,
            0.15533652516573612,
            -0.035466926058011466,
            -0.506855345489289,
            2.1882638471533387,
            -0.46701440860775884,
            1.4986411400852195,
            -0.22670474447053382,
            -0.36428553975723005,
            -0.04371085846823794,
            1.4068591853786474,
            1.0233318261426885,
            0.050578343473126244,
            0.7103571926189681,
            -0.006282880753061971,
            1.2346754266687885,
            0.8681455731457772,
            -1.0427057218725948,
            0.5889222564624296,
            -0.0732065889558663,
            -0.2932816497108396,
            -0.0834543428609752,
            0.9061741610173262,
            0.4860824685635856,
            0.598601808745252,
            0.6604508646234452,
            0.7877865240202475,
            2.002369961384774,
            0.6208476032623511,
            -0.03693654319390945,
            0.05756948938457029
        ],
        [
            1.0787877204515444,
            1.4108464582257607,
            0.8777852350931599,
            0.9083685569756826,
            1.1413406155033003,
            -0.253933631535169,
            1.6351423028937935,
            1.9696685905164326,
            1.9358938664051888,
            2.6113477015300806,
            0.43435284997104234,
            1.3436724724497624,
            2.5616343869684,
            0.5682299385665673,
            -0.38350855880019225,
            2.170015557063977,
            1.506499624808793,
            0.5537997197430254,
            -0.28565696074451574,
            2.284783127672175,
            2.3983832290773446,
            0.39846922197238466,
            1.662043382090155,
            -0.06167315059423422,
            -0.2798939406701182,
            -0.409916673916855,
            0.41172651428068213,
            -0.09895698076953652,
            1.8798231742370295,
            0.5389812350153992,
            -0.3019492726290809,
            -0.12087509821414028,
            0.07592636537152735,
            0.5399904973714024,
            -0.7670704591514487,
            -0.784724477436352,
            2.3793569957781453,
            0.2691693603872353,
            0.4632484158802072,
            -0.7314776441078703,
            0.2951823943440796,
            -0.17902017700798287,
            -0.8569004699490557,
            -0.11255640316309064,
            -0.05800051786559124,
            -0.2826315692893778,
            1.8037047686032546,
            -0.3007940347349385,
            -0.021768429159194358,
            -0.6777912111651644,
            0.36033846254738855,
            2.8084254186563498,
            0.010564879506667523,
            -0.0537978105149222,
            -0.28296845151924,
            -0.7797740383847183,
            0.172174011195542,
            0.06255150834977054,
            2.249989452128485,
            0.040942587005969616,
            1.333427093879451,
            2.0699964897625276,
            0.7155045322368081,
            -0.05205344149113042,
            1.086697054441618,
            -0.14110266216889542,
            -0.03989661878099873,
            -0.1158711029080378,
            0.05026067399117769,
            1.1625564703196654,
            0.0351237673500973,
            -0.28321644499713106,
            -0.23170447802688293,
            2.979089285007395,
            -0.4815295959053856,
            1.7199077155080649,
            -0.07949239903914118,
            -0.3175402017451459,
            -0.09427873590589046,
            1.9460935591296344,
            1.4469723667760377,
            0.022151371119240905,
            1.2041659003502767,
            -0.019338392508576423,
            1.6937720511850411,
            1.2114114098595157,
            -1.0190895527060582,
            1.2577907133741468,
            -0.22286753350440847,
            -0.08720413996521537,
            -0.2474651314982463,
            1.4834248859352233,
            0.5915691850742766,
            0.6719860187352842,
            1.08131370538506,
            1.1002441432321397,
            2.733897228298737,
            0.6508664790065911,
            -0.06485520308488758,
            0.0384569734464208
        ],
        [
            0.29370411478950104,
            -0.07264515741346138,
            -0.33879401390251906,
            -0.3067392326509469,
            0.009119379223686316,
            0.9005663737112514,
            0.5195919692838952,
            0.4498265360052104,
            0.22586046977623397,
            0.43435284997104234,
            0.8641436183994898,
            0.4929708129269438,
            0.5973497929205246,
            -0.3733893812618361,
            0.7424743168987415,
            0.357076914956143,
            0.595982874783471,
            0.3245680892492066,
            0.0389560975233796,
            0.16347131176805585,
            0.6846359802947635,
            0.4967622691843643,
            0.18934963829104212,
            -0.08044859417006413,
            0.15608326479633725,
            0.2484707684651821,
            0.03947490714681382,
            0.04468405061467645,
            0.19270145531241867,
            0.6206861090171555,
            -0.2314537641063923,
            -0.26240362867447947,
            0.4007417692210516,
            -0.31487049754626206,
            -1.1754128419024603,
            -0.026868216126268565,
            0.3760667215639406,
            1.2709488425087636,
            0.9411699421413853,
            -0.4650389463589559,
            1.2670841459245614,
            0.02935918546399571,
            -0.5006090138766551,
            0.31830768794909803,
            -0.07947107049471389,
            -0.2497573413328884,
            -0.10026914161542473,
            -0.5510023630565173,
            -0.007954747890322324,
            0.18836545522735632,
            -0.06475449145774449,
            0.4274826313335305,
            0.047517755693555826,
            -0.04101182875309562,
            -0.5640688259577114,
            -0.766966601139512,
            -0.152256559179626,
            -0.13795825600945968,
            0.08650958794433687,
            0.01538004646820964,
            0.17902668769874078,
            0.46382260894938226,
            0.040208872733549325,
            -0.0466313989348984,
            1.1218951816464064,
            -0.19013633017526016,
            -0.5026069986336714,
            -0.3057315240173365,
            0.2675503416518324,
            -0.1527813153076252,
            -0.02501278468214446,
            -0.32580915159368284,
            0.5211828382937731,
            0.6411574298758712,
            -0.4501115019895059,
            -0.06569318032902298,
            0.1274464978036321,
            1.0290698045990336,
            0.16653210886940506,
            -0.2209971785105155,
            0.597471773817166,
            -0.006628268299128437,
            -0.4429735402297674,
            -0.024769721313797274,
            0.4116935529491875,
            0.11291688866619468,
            0.03493968981510902,
            1.0425499320369245,
            -0.45745355777430685,
            -0.32391907562534306,
            -0.00235212324077714,
            -0.6135083198123675,
            0.9135524715332949,
            0.2469206954580886,
            0.5764480858958003,
            0.4946367734186279,
            0.49629546049391843,
            0.5326451991954552,
            -0.3054190936074986,
            0.003957458060622704
        ],
        [
            0.09229161308873622,
            0.8163189824482062,
            0.8059287383846723,
            0.8799459036869985,
            0.14793426255323744,
            -0.6287859202522879,
            -0.252219445783535,
            2.463726011045269,
            0.870851389061893,
            1.3436724724497624,
            0.4929708129269438,
            2.7459708735760575,
            2.1281828937332414,
            0.9754812718403832,
            -0.8861305817416734,
            1.008843111564732,
            2.811444095098671,
            1.983816890470008,
            -0.0928209899230017,
            1.9583749978668679,
            1.6066601656553088,
            -0.19474349837312355,
            1.0539731270624937,
            -0.03997672232784121,
            0.9970026357552956,
            1.6737620869511582,
            1.597040604267236,
            -0.12990496937458795,
            1.1773204401086106,
            0.5920439476401061,
            -0.3178653019137068,
            -0.3928194540994112,
            0.6740973813116965,
            1.1056097720594014,
            -0.054649469396958396,
            -0.014754920988475874,
            1.431819706877151,
            -0.3611999243507112,
            -0.1934211533465676,
            0.345695087858642,
            0.023012832858975017,
            -0.38253419219874446,
            0.7299579837967232,
            -0.3146427126833268,
            -0.06400211341126005,
            -0.4636100630293636,
            0.49003155629677847,
            0.10010840949528294,
            0.011437823459777431,
            -0.6860733007590936,
            -0.40964985002656845,
            1.4085042883806966,
            -0.0640841076548711,
            -0.02475743537114907,
            -0.9055818648734985,
            -0.48673207034827953,
            -0.7455841605870586,
            0.43663317525158885,
            1.7152288875097197,
            0.022338747881444933,
            2.058769946808241,
            1.3030773073790465,
            -0.523190461821924,
            -0.033967163235340235,
            0.045297787525311474,
            -0.4791440409283773,
            -0.05058226352631262,
            -0.1004834249848302,
            0.21917325015575817,
            0.505254117785804,
            -0.7818213844192798,
            -0.3830248733691034,
            1.327438112268001,
            2.7926453276694216,
            0.7295960807894701,
            -0.16267409572760294,
            1.799937293229408,
            -0.6122139418281719,
            1.6695888677551505,
            0.9563703766197094,
            1.0983256713985206,
            0.05284949268553216,
            0.8448957688501552,
            0.039586991196766175,
            0.9079717385439546,
            0.5403889894352623,
            -1.2397227250302818,
            1.250690701789187,
            -0.13645440864103103,
            1.2113113013746275,
            -0.5819107956209159,
            0.45785930616174303,
            0.8351542958525381,
            -0.6932114489826049,
            0.96957360316351,
            0.3642257637476971,
            1.4814582372042575,
            -0.11282324536946953,
            -0.15570153824296676,
            -0.2847036679260456
        ],
        [
            0.7023093178445459,
            1.4725723063345315,
            1.1219245946054164,
            1.273439208173702,
            0.40190672396610233,
            -0.15948724588710167,
            1.1761315710290907,
            2.523819184998871,
            1.824903637692909,
            2.5616343869684,
            0.5973497929205246,
            2.1281828937332414,
