{
    "pos": [
        [
            0.3384320907055714,
            0.39890316880277155,
            0.014152359909164478,
            -0.03262248402022195,
            0.05016621664068619,
            0.29437637092724706,
            0.38223956994851993,
            0.10049671413099809,
            -0.01622869413358148,
            -0.019496329589646397,
            0.2972030476639108,
            -0.09579910219509657,
            -0.20426589559661235,
            -0.015878917163288413,
            0.3291297099970994,
            0.16787963233799913,
            -0.17135237873672923,
            -0.26866113304231953,
            -0.08086299937037855,
            0.2787760347786129,
            0.2905018738073575,
            0.12132609450427395,
            0.019379960610003945,
            -0.2324507519258619,
            0.4405706266095094,
            -0.20226131816529436,
            0.05300129127469221,
            0.0007441200689755567,
            0.7122811315962565,
            0.06144625852662666,
            0.14517317157329698,
            -0.14882716421458328,
            0.05570113535590343,
            -0.06519550421718866,
            0.3476475308619957,
            0.17464391596394271,
            0.3698661295547128,
            0.27103671227305864,
            0.26199195655908936,
            0.18770265277022147,
            -0.0011262501726880063,
            0.049663320440556574,
            0.0577840767474385,
            -0.1037078433676222,
            -0.20477406091582712,
            -0.032677752505423395,
            -0.007029982805208542,
            0.06048200802379914,
            -0.0002597196303407337,
            0.2355511500608839,
            0.486382369208536,
            0.07787454107555052,
            -0.03756929024567068,
            -0.09327709095752013,
            -0.07407739057459667,
            0.3124127061310158,
            -0.059382183002417405,
            0.036718773370857084,
            -0.21688000253484066,
            -0.03479093331622951,
            -0.1214070921915532,
            0.1138211954344945,
            0.16741294026993486,
            -0.09935313535195607,
            0.12068659926608959,
            -0.13241404702353243,
            -0.07284282776273937,
            -0.17113806729792277,
            0.2041975259870776,
            0.07032204188283013,
            0.0022474742333583346,
            0.0068321049922541585,
            0.09539488954187553,
            -0.5041811727219291,
            0.14874381310988163,
            0.23976236100068565,
            -0.1086235471081595,
            0.17159177228030192,
            0.36998765124894767,
            0.15076530295214707,
            0.022520014806750876,
            -0.12368790868355238,
            0.1403325143142374,
            -0.0014760176387484639,
            0.1553408173423699,
            0.14670992147790088,
            0.28399790785102774,
            0.2125629037755462,
            -0.13040387367903336,
            -0.22297050330284246,
            0.05038711807623958,
            0.12595861873056746,
            0.2895747937462045,
            0.19119282104465432,
            0.13126632036450936,
            0.31271495596246696,
            -0.11781652422861295,
            0.31755916413783036,
            0.00039516290075475037,
            0.05612659825102471
        ],
        [
            0.39890316880277155,
            1.0784987182513912,
            0.86081362257504,
            0.7587658365667913,
            0.46492133665608004,
            -0.2622511922012984,
            -0.06324020114462893,
            0.3999174415892103,
            0.26552421421700656,
            -0.20480807121157651,
            0.01244385130501678,
            0.13535551814753527,
            -0.1755998138078702,
            0.5197383468796807,
            -0.3632925500482784,
            0.3867903827142166,
            -0.06519552959612825,
            -0.364615212256521,
            0.10510302688320705,
            0.41275848187797615,
            0.6781642522902813,
            -0.5265228576623823,
            0.8777061147229303,
            0.06959921258904667,
            0.951376380837761,
            -0.2558363326557748,
            0.34762303817147105,
            0.05916136899367073,
            1.3719754056285478,
            0.1410686844860984,
            0.2537706175323139,
            0.10637582575477783,
            -0.2071180340080542,
            -0.033792130690617775,
            0.6425890106736012,
            -0.12445318045460885,
            0.7926225208023856,
            -0.768973884522522,
            -0.36196370999670263,
            0.3618722210232375,
            -1.1387648380303574,
            -0.09557859092952135,
            0.25109064380761614,
            -0.38974975304822507,
            0.032672872512250595,
            0.04078045146803279,
            0.3262136309291349,
            0.4295008475243968,
            0.01296967712769773,
            -0.24236570827251824,
            0.18661237478707657,
            0.27243273676614665,
            -0.09508753651308038,
            0.031993177391874975,
            0.060225264495298206,
            1.1700791396650259,
            -0.18011889639282258,
            0.24408089498262778,
            -0.21123654753321325,
            -0.0027944873231657776,
            0.0021593241856824176,
            -0.23898942506177662,
            0.3132451975376031,
            0.034124196403011585,
            -0.7079034253818868,
            0.03789647407055795,
            0.19212406420837377,
            -0.04810626919816652,
            0.2485340274647594,
            0.7440964412156162,
            -0.07852732165288498,
            0.2920405468671124,
            0.31246836080721774,
            -0.45611665556733333,
            0.3489112599842563,
            0.16303192509766284,
            0.3319252795829698,
            -0.7352620458114236,
            0.7409530283430232,
            0.18903428991502358,
            0.2811921224876537,
            -0.004013180146391237,
            0.318319903894613,
            0.07655785524781131,
            -0.1984877112040681,
            -0.037693581509024535,
            -0.5038534317847614,
            -0.4281673841310658,
            -0.03682459353419052,
            -0.6424983346505431,
            -0.14996406244515434,
            0.5790677182221192,
            -0.23158373550462016,
            0.12860602066687296,
            0.1074764113428368,
            -0.22066522138564235,
            0.4584549648210464,
            -0.03567689714695683,
            0.14932861994048402,
            0.0142744370959774
        ],
        [
            0.014152359909164478,
            0.86081362257504,
            1.451832359738413,
            1.3759875442431975,
            0.9122887384120641,
            -0.5985415496278369,
            -0.46265638599829223,
            -0.3417522657532977,
            0.42691484556144826,
            -0.07923885767826705,
            0.14405217833743417,
            0.592408508846057,
            0.44480966623470153,
            0.9036617825853667,
            -0.8398963840362342,
            0.09118710351238943,
            0.3864549870765716,
            -0.06450787395717086,
            0.2466476890856765,
            0.26895682497851753,
            0.7847747233238257,
            -0.6006125760848359,
            1.4898547462295808,
            0.5895937347219047,
            0.9231872220165007,
            0.13720829150703276,
            0.6775492205285096,
            -0.0317004862866144,
            1.149123712388592,
            0.22239016764737324,
            0.1688693025654037,
            0.16543740748019925,
            -0.6865909443635676,
            0.10227503101851716,
            0.14411047963707188,
            -0.41097131816571236,
            0.3957954307324774,
            -1.1263571763504663,
            -0.9094973234523439,
            0.38755954339504706,
            -1.3145018277219467,
            -0.1853260005270032,
            0.4810773480375476,
            -0.34336363519435803,
            0.4804314686719323,
            0.08233520333506177,
            0.2545510561986862,
            0.4993505823842287,
            0.014094292300023388,
            -0.405670180328607,
            -0.1418718672990108,
            0.29353197406895887,
            -0.04908637976861709,
            0.23572152455128204,
            0.09206117682694531,
            1.2291470173238752,
            -0.19766673148894018,
            0.2654643600595195,
            0.08396032099568784,
            0.07218119249454563,
            0.3384181426639996,
            -0.32957731247292066,
            0.7761946043471791,
            0.25425681930983374,
            -0.9500049799279564,
            0.1933706080379167,
            0.36964991104914,
            -0.26876635402161325,
            -0.04693941886239062,
            0.9958329431431336,
            -0.040865067069046544,
            0.5262596553946779,
            -0.7460834244513217,
            0.2877544318419076,
            0.34379816791550355,
            -0.11339619110423178,
            0.9530304596630919,
            -1.0793073401256665,
            0.6169155493402796,
            -0.05770585353895002,
            0.41026059766560624,
            0.2482535185990857,
            0.3161481739831487,
            0.0994025548377902,
            -0.11803046612088677,
            -0.3368615952750864,
            -0.7788850460068268,
            -0.6176255517133884,
            0.05932050348979631,
            -0.4215496529640194,
            -0.2194371737203682,
            0.30407197175236456,
            -0.6189058949114126,
            0.3454532473233098,
            0.04124674497088072,
            -0.6099717523998791,
            0.9886404340644068,
            -0.4834638232824223,
            0.2591960854268258,
            -0.16667086562752276
        ],
        [
            -0.03262248402022195,
            0.7587658365667913,
            1.3759875442431975,
            1.3225186496046797,
            0.8414435255520234,
            -0.6731828515584843,
            -0.5293013437186287,
            -0.29371665972328403,
            0.3999014726700149,
            -0.05153478441418705,
            0.15396785414583558,
            0.7253795654920547,
            0.4243884512484082,
            0.9708012189081228,
            -0.9152620698060325,
            -0.007703326832178216,
            0.5195123178777741,
            0.05333934433938356,
            0.20764111220114048,
            0.21559169042328685,
            0.8280751678774911,
            -0.5990984756686378,
            1.3352162843081923,
            0.551249793181869,
            0.9463073882344827,
            0.27270048425907484,
            0.7903737517454982,
            -0.04196179455570688,
            1.1229339422744522,
            0.16691768534571286,
            0.12408623231777256,
            0.13729495166714584,
            -0.6496356116525022,
            0.15444192804336854,
            0.18939202263700847,
            -0.39472831532129066,
            0.3507516803433932,
            -1.124393325347656,
            -0.9284828090417465,
            0.4479674223938953,
            -1.240380877740555,
            -0.1875109356279766,
            0.5493256080748358,
            -0.33487758787633554,
            0.4481262907344268,
            0.06876671552734796,
            0.21867957439025903,
            0.49184195443716155,
            0.021850852412842982,
            -0.44717957535096986,
            -0.27982923613709526,
            0.25816560940497946,
            -0.04510084195729192,
            0.22052049884969765,
            0.07583310065643574,
            1.1681279180757291,
            -0.251253144733619,
            0.29408281134285147,
            0.15965230280296044,
            0.06619828143863205,
            0.500922669719316,
            -0.28006909661882295,
            0.6762390321760376,
            0.23749719438945865,
            -0.9530272443403341,
            0.15933906549616994,
            0.33515369112765003,
            -0.2517829920357224,
            -0.053767502889156805,
            0.9395927177644025,
            -0.053085662321607635,
            0.5131336086957256,
            -0.7074711005875686,
            0.514377655655961,
            0.4059424033379256,
            -0.15191915640643905,
            1.049470959870938,
            -1.0537391189570324,
            0.5481146729021767,
            -0.057005906035612765,
            0.3674053054233666,
            0.24076348252701163,
            0.3293481314018838,
            0.09747567205497513,
            -0.08488097015920085,
            -0.3615877940792787,
            -0.833403566720847,
            -0.6543165180244465,
            0.08373131288389257,
            -0.28834728245392477,
            -0.22664346344725864,
            0.2555787230519248,
            -0.6275531832515453,
            0.2597203933995959,
            0.04800872500050737,
            -0.6137193032086073,
            0.8875639307668557,
            -0.5388603417538772,
            0.24722244580190586,
            -0.15911459291605345
        ],
        [
            0.05016621664068619,
            0.46492133665608004,
            0.9122887384120641,
            0.8414435255520234,
            0.804970042268865,
            0.07592443949939143,
            0.05868504489222091,
            -0.8563398440348623,
            0.24816941018965802,
            -0.026047864818539615,
            0.4817084623474034,
            0.014255415411765874,
            0.3278667336547096,
            0.2844796706940521,
            -0.09894921701491606,
            -0.010966753452288439,
            -0.12351739529346982,
            -0.38893723411334813,
            0.19646793254252212,
            0.05600570250737953,
            0.5205922684030861,
            -0.05666032777773964,
            1.1033913285493602,
            0.4480135300730297,
            0.4824907519095318,
            -0.2272743201024745,
            0.13159849209572844,
            -0.04350336106055415,
            0.816450821842249,
            0.30067472732058653,
            0.0507551691289507,
            0.005096784794794522,
            -0.6549124001138029,
            -0.10703013007028968,
            -0.45990606217903623,
            -0.1737695284297866,
            0.09439352684483249,
            -0.19705483666149665,
            -0.34990065623550326,
            0.10132424637878655,
            -0.4715386488100662,
            -0.04300810405064737,
            0.15713749623109777,
            -0.07252164825242176,
            0.36989261278674124,
            0.05928642483750313,
            0.0016623840261005688,
            0.1758403261687426,
            -0.009045877508135175,
            0.02567532409105358,
            0.3254315363709363,
            0.17228665114675873,
            0.008002685187584046,
            0.1763650503032496,
            0.012416668583443043,
            0.7215463384820849,
            0.024217851906026506,
            -0.01704148467108607,
            -0.222512288257543,
            0.06275016736570058,
            -0.2399941110806894,
            -0.1479807590372746,
            0.9970969209974291,
            0.19317375834001613,
            -0.1919186759917907,
            0.15383663479125265,
            0.12253142787010617,
            -0.5303234835447721,
            -0.057146037514563444,
            0.6241043597473198,
            0.1133035477080082,
            0.35127700789872845,
            -1.149482089074927,
            -0.4180071848900198,
            -0.06738927997926154,
            0.0006499123195522734,
            0.3641565965890107,
            -0.28840150863084074,
            0.16009920476806921,
            -0.17458049854492672,
            0.2813152793473951,
            0.17033190556878253,
            0.15517831071744803,
            0.030741405768409915,
            0.1278634865598014,
            -0.24100015238353534,
            -0.010036412713022495,
            -0.10163253363651155,
            -0.1501927169089504,
            -0.5721554160407266,
            -0.012789475675788392,
            -0.07996747459976689,
            -0.30478572399221737,
            0.71234169296208,
            0.052614451008095364,
            -0.20266732055925357,
            0.7264678079714132,
            -0.12094479321511611,
            0.16535538250184834,
            -0.1234164146956252
        ],
        [
            0.29437637092724706,
            -0.2622511922012984,
            -0.5985415496278369,
            -0.6731828515584843,
            0.07592443949939143,
            1.5170820186457403,
            1.3179642212970548,
            -1.1915650759395693,
            -0.23111168825099215,
            0.18736027010213696,
            0.8313198299217686,
            -1.0674798218744523,
            0.20823822751393628,
            -1.120606013065549,
            1.690741553925072,
            0.20007613118323808,
            -0.9442020424273025,
            -0.6989575611769578,
            -0.06481270240155705,
            0.24212614874618665,
            -0.5320787841764815,
            1.1706567254615474,
            -0.1127305567866467,
            -0.19044311558887697,
            -0.5760750884739995,
            -0.7495622217796322,
            -0.9656844983918336,
            -0.08523826799474152,
            -0.3331125833046491,
            0.3263563359825125,
            0.1567410299149147,
            -0.3751509078733972,
            -0.04191580981617199,
            -0.3800078475797876,
            -0.798580101515902,
            0.4173616526206687,
            -0.31563637656040816,
            1.830576795319157,
            1.1134805491795114,
            -0.469873212018784,
            1.37987071391031,
            0.2608581468493307,
            -0.5608132635913471,
            0.3697927087913375,
            -0.1361386864370168,
            -0.04616614874059135,
            -0.4067562062451258,
            -0.48593212787814183,
            -0.0690573847874789,
            1.1942703663130743,
            1.6382654983336729,
            -0.028992644451581867,
            0.06728252514011346,
            -0.08710507280929,
            -0.18346103503487984,
            -0.7085913215663189,
            0.46931268226489814,
            -0.49280086718089366,
            -0.5574259383049276,
            -0.006194123579979935,
            -1.1730467506013662,
            0.35049617014435214,
            0.8515713718429914,
            -0.08720529745874657,
            1.4186800374597182,
            -0.11047962740162148,
            -0.22897529453992807,
            -0.650397632639016,
            -0.0011402866913089176,
            -0.5559761708803522,
            0.25364256807992364,
            -0.24701235575399916,
            -1.182022684992508,
            -1.5978395069734153,
            -0.6082833181823611,
            0.4369134618922079,
            -1.0888778503975114,
            1.3717948138667335,
            0.018341614923999543,
            -0.08700077053900798,
            -0.07477213399079267,
            -0.12877740685137484,
            -0.24041536993743762,
            -0.11042212063766865,
            0.6052478898255733,
            0.4066011532227751,
            1.7967543194492297,
            1.3915733696785104,
            -0.4047606099789642,
            -0.26241932369394844,
            0.4004911952269657,
            -0.5350082486795146,
            0.9624715470429461,
            0.99471532318143,
            0.09238229655172103,
            0.9991777473603474,
            -0.15218902979684434,
            0.9824184814246583,
            -0.11131870390484618,
            -0.021232682202835213
        ],
        [
            0.38223956994851993,
            -0.06324020114462893,
            -0.46265638599829223,
            -0.5293013437186287,
            0.05868504489222091,
            1.3179642212970548,
            1.2533400619015467,
            -0.9543805466449655,
            -0.21191613249913666,
            0.25877221793655414,
            0.9570502411138805,
            -0.5760535168663286,
            0.2403322348157515,
            -0.7348165248988199,
            1.4929061816963036,
            0.16830148393672817,
            -0.5139263170322451,
            -0.45015226416977355,
            -0.17058902708367932,
            0.489967986313187,
            -0.1998839099932015,
            1.0983536192578958,
            -0.16155520891553898,
            -0.3109301550438052,
            -0.08829723851305242,
            -0.40000205304156816,
            -0.45405678598984417,
            -0.1280268241521262,
            0.13685945129870322,
            0.24884087291955154,
            0.2580481939284924,
            -0.48534762305413354,
            0.016500080532033324,
            -0.2070657777480477,
            -0.2489189406927781,
            0.447670558847268,
            -0.09338078528125349,
            1.679876093834799,
            1.010254500458493,
            -0.11510002733503788,
            1.226664910419358,
            0.2287266767494256,
            -0.23585846182229098,
            0.21540373987974426,
            -0.24230548359809775,
            -0.08743339441231966,
            -0.40185569827010154,
            -0.3332657569745092,
            -0.04968730866378227,
            1.1704015661284168,
            1.587663164315513,
            0.017897665536804174,
            0.03100263650054433,
            -0.1360445113276195,
            -0.24289859687904777,
            -0.46865654535160123,
            0.25004286242941587,
            -0.3017238356267261,
            -0.3626182452590252,
            -0.028675423696933884,
            -0.6563507348521327,
            0.4695856735216656,
            0.7608292241222975,
            -0.14084367460443045,
            1.2156336721032301,
            -0.2508067611336586,
            -0.19775518224726235,
            -0.6647171986617175,
            0.07899460989358881,
            -0.48876718096280175,
            0.16697213864857977,
            -0.18623207795107335,
            -1.0762058223676718,
            -1.1067539146354586,
            -0.20342717870987995,
            0.4744725936045564,
            -0.6831292298127605,
            1.219369620221163,
            0.41799281528973764,
            0.05308613113377286,
            -0.0752658898301403,
            -0.16764474912888616,
            -0.06879173836330713,
            -0.08766460425651579,
            0.7292657695958389,
            0.4373141801791496,
            1.6428710754377212,
            1.3502489191184899,
            -0.3414105473930392,
            0.018082969069181734,
            0.3418465140531633,
            -0.4291385330843218,
            1.070643579692138,
            0.8563299583091688,
            0.1878047458678379,
            1.062717399062195,
            -0.25718485891447507,
            0.9515020697322406,
            -0.08739106314776,
            -0.025140575404177863
        ],
        [
            0.10049671413099809,
            0.3999174415892103,
            -0.3417522657532977,
            -0.29371665972328403,
            -0.8563398440348623,
            -1.1915650759395693,
            -0.9543805466449655,
            2.425936563839275,
            0.0038332452078634048,
            -0.40904436287660995,
            -1.4261576585794862,
            0.27947873515191785,
            -1.0250708223438696,
            0.43362765625580074,
            -1.1407513688138093,
            0.3088700670946921,
            0.24766704750994226,
            0.37580555114508396,
            -0.06537059609141749,
            -0.12652739908181393,
            -0.022392403066548005,
            -1.1965567208975594,
            -0.7912809550669389,
            -0.4528209519602493,
            0.17946777658476287,
            0.16992365675509916,
            0.26079784254400445,
            0.2515067886502518,
            0.01735529027803649,
            -0.4826060274865797,
            -0.056444258061250654,
            0.46123255848189376,
            0.8221755798085271,
            0.18328087762399534,
            1.3999776515926667,
            -0.1251448026018804,
            0.7287133622042296,
            -1.548395546689079,
            -0.42180632974938254,
            0.19368325317477708,
            -1.217077895790927,
            -0.16342354061048664,
            0.04913362489803719,
            -0.38992399841308595,
            -0.4127622464162293,
            0.018688833331815594,
            0.6101766102246109,
            0.34058922772542477,
            0.05884052745673782,
            -1.1029211578703104,
            -1.3948168821972469,
            -0.02855902791950532,
            -0.12429601318960296,
            -0.16278654962940164,
            0.22396180102926963,
            0.36773173289144323,
            -0.3364672984018601,
            0.41962661676167246,
            0.2325978397851478,
            -0.08556755209049556,
            0.599143616497544,
            -0.3664695508189024,
            -1.7763466369985104,
            -0.18428679526600444,
            -1.1730797845117586,
            -0.0018158304478993659,
            0.07256687462196934,
            1.2436167510391452,
            0.3229445040349579,
            0.10490241727502894,
            -0.3370503168626108,
            -0.1580199683937258,
            2.9754919257653434,
            0.6402917180367093,
            0.46172344684898275,
            -0.1426221248881699,
            0.038447692266850075,
            -1.0394293218260635,
            0.02844612120129802,
            0.4042228220689505,
            -0.11864693167458251,
            -0.18157026406270452,
            0.09551342705731662,
            0.08030072311058063,
            -0.958149513044098,
            0.030570653784102786,
            -1.5788086714961043,
            -1.228876459159847,
            0.37552651717937907,
            0.026117831734526427,
            -0.3401829515593359,
            1.0043055996300738,
            -0.5332813063948123,
            -1.535114096980437,
            -0.11577709224744318,
            -0.6297193176808419,
            -0.5387291478655842,
            -0.45433322085513866,
            -0.06520906815907,
            0.2654301545316175
        ],
        [
            -0.01622869413358148,
            0.26552421421700656,
            0.42691484556144826,
            0.3999014726700149,
            0.24816941018965802,
            -0.23111168825099215,
            -0.21191613249913666,
            0.0038332452078634048,
            0.14244637281084335,
            -0.08619289841071916,
            -0.1256876672190746,
            0.044640081843232184,
            0.06917368675906793,
            0.20252248779303728,
            -0.30701386987373336,
            0.08484814158220241,
            -0.0034293206253408733,
            -0.07869510293885036,
            0.12005486624389053,
            0.009660775432500747,
            0.13049644722194573,
            -0.2804061595481376,
            0.47691099697255207,
            0.21165408950156617,
            0.14713635094882638,
            -0.06735320322556441,
            0.062660951453598,
            0.025255939014318374,
            0.21103885683365037,
            0.06701504462512074,
            0.028014528030769786,
            0.138954677189826,
            -0.18482088148803347,
            -0.011415134011561396,
            -0.02217263026395698,
            -0.16668330911787332,
            0.11982632573120576,
            -0.4668564858526947,
            -0.3098502257727253,
            0.014637752517173992,
            -0.50636702341295,
            -0.06681938775800791,
            0.04623862250638532,
            -0.09762858009316916,
            0.17227755624092883,
            0.04553358428166869,
            0.14283092191836164,
            0.14664197031890544,
            0.0016990060350786955,
            -0.21603360792840842,
            -0.13196847100230544,
            0.08628953950233799,
            -0.015277153493774086,
            0.08630901837782509,
            0.07378459595401318,
            0.3627993033975389,
            -0.011575187521639864,
            0.05720321276923862,
            -0.017637179816612347,
            0.02631158825995593,
            -0.025731844958944095,
            -0.19124361422658182,
            0.1507272534581214,
            0.0926507780145349,
            -0.354368412280809,
            0.11892795150307917,
            0.1321035476586164,
            0.024222744458456708,
            -0.020251746125589193,
            0.3255141013898398,
            -0.013707160697623866,
            0.14415829620891518,
            -0.04259716709107437,
            -0.02935744358912783,
            0.01076982400758887,
            -0.060529552628240904,
            0.17675748515698564,
            -0.4109125187968241,
            0.09309110737020285,
            -0.03248407137682998,
            0.13504997506247338,
            0.08544237094042939,
            0.050898310207022006,
            0.03322680475832027,
            -0.17025143106204194,
            -0.11539955922161159,
            -0.33919200740836497,
            -0.29024202463168436,
            0.03289334217121637,
            -0.23887166047989045,
            -0.08364144596900709,
            0.16000029360910129,
            -0.28738534137204247,
            0.038518868447774454,
            -0.03199697557721365,
            -0.28328249080989293,
            0.34228228777818676,
            -0.1863455351103831,
            0.07559134031796944,
            -0.036635471491386414
        ],
        [
            -0.019496329589646397,
            -0.20480807121157651,
            -0.07923885767826705,
            -0.05153478441418705,
            -0.026047864818539615,
            0.18736027010213696,
            0.25877221793655414,
            -0.40904436287660995,
            -0.08619289841071916,
            0.32090071274556314,
            0.5206749500335001,
            0.5718010196870348,
            0.4712082638127285,
            0.1912906497778215,
            0.2549488193356883,
            -0.17319226898813722,
            0.5970273861671664,
            0.44151722929401854,
            -0.19090752645992606,
            0.38302810367537143,
            0.10075939189669059,
            0.4713762114140118,
            -0.19851127030453813,
            -0.11231558116562697,
            0.23970754777035702,
            0.5742425366673037,
            0.5078775958068283,
            -0.16229396951709338,
            0.038362856085113146,
            -0.03373202037738307,
            0.15196465780729895,
            -0.3351581668694785,
            0.013826512970686084,
            0.23151142213307635,
            0.2976978318874318,
            0.13537420230856193,
            -0.15494808681508615,
            0.5465261709230245,
            0.1694486217704181,
            0.29965242400856906,
            0.5730268657339915,
            0.038464369980490715,
            0.3319405222247915,
            0.016752571987288103,
            -0.07869526143869666,
            -0.08759800625624536,
            -0.26498521482519094,
            -0.04053794004669015,
            0.000460785093078415,
            0.4519855059408604,
            0.3729731297054784,
            -0.006959287590914755,
            0.008704046374648076,
            -0.05373703942859697,
            -0.17533125090725546,
            -0.2785718143967491,
            -0.13345501980255847,
            0.07243014210135298,
            0.34601091630419667,
            -0.012376696593696071,
            0.5848647781734793,
            0.37990977308108476,
            0.18645242575894416,
            -0.05684873659532829,
            0.3290091242236124,
            -0.2398374939557221,
            0.0013435829343172642,
            -0.28868114472527834,
            -0.06750684554141888,
            -0.286089273669931,
            -0.029088630370750088,
            -0.018625399836163306,
            -0.7182175302366672,
            0.7115110098764784,
            0.3595968303873627,
            0.07906182423528753,
            0.3840077954763884,
            0.3564636543108273,
            0.47296211647018843,
            0.07261086680015755,
            -0.07629003491220263,
            -0.01985713584490795,
            0.07746727466190066,
            -0.01894384439746012,
            0.522819162598757,
            0.14552758457164916,
            0.4932483060740947,
            0.5663010286804314,
            0.02990968839534186,
            0.74714206687129,
            0.07051622208903048,
            -0.2876440328969145,
            0.5267058077189859,
            0.1328717429676345,
            0.1287695507696408,
            0.4283637498545752,
            -0.1933028589906588,
            0.18207738457448758,
            -0.014693009282871495,
            -0.09529073539564527
        ],
        [
            0.2972030476639108,
            0.01244385130501678,
            0.14405217833743417,
            0.15396785414583558,
            0.4817084623474034,
            0.8313198299217686,
            0.9570502411138805,
            -1.4261576585794862,
            -0.1256876672190746,
            0.5206749500335001,
            1.8965259341390723,
            0.861281034345746,
            0.4540285722146682,
            0.43292619173603764,
            0.8141638565569382,
            -0.5797038268310234,
            0.6804401990268193,
            0.10973513451515325,
            -0.3742703071636054,
            0.49486329976778987,
            1.1563331496477869,
            1.0907396585527342,
            -0.08770987111751581,
            -0.2795241309450099,
            1.2649827692254905,
            0.6113286262357529,
            1.0441500238697605,
            -0.3085928127214236,
            1.5977980135798677,
            0.1444384090541963,
            0.12848062546332428,
            -0.8834237300156961,
            -0.41189281679726036,
            0.1946252628625027,
            0.15450416646090145,
            0.48167435364316813,
            -0.009807198987218688,
            1.5239216705869385,
            0.5009383210020764,
            0.8607092639229896,
            1.1791635318978029,
            0.1623811076521997,
            0.7895132842945263,
            0.032212726719455444,
            -0.23091012517731554,
            -0.17676659415805962,
            -0.7055472309865838,
            -0.04175724054126369,
            0.014373085541381794,
            1.013481953173808,
            1.1264072008187738,
            0.01980236439055528,
            0.0280117045360873,
            -0.12742293340436558,
            -0.4507763900241856,
            0.21876085088644337,
            -0.34411980056786345,
            0.06885401325385102,
            0.04228172682474399,
            -0.03395195416263732,
            0.7140809839224728,
            0.857565527307574,
            1.2077485665258914,
            -0.13079276447892493,
            0.8968160951301452,
            -0.521550540600683,
            -0.32868771687749443,
            -1.2880391359537926,
            0.10401816111026668,
            -0.12285310525035834,
            0.14069131499837736,
            0.18078349835988397,
            -2.1063977558708364,
            0.36768127293364566,
            0.6092080430768068,
            0.32116684864159734,
            0.8007423127360158,
            1.0714303007177761,
            0.5930742846018521,
            0.030617616059936206,
            -0.06869928638411786,
            -0.1090926994159635,
            0.4218649942251846,
            -0.05115582284528877,
            1.3585415148194926,
            0.06010495279372812,
            1.2699991422566406,
            1.065782355201735,
            -0.3405884164526678,
            0.5531165311349698,
            0.2563032543494743,
            -0.7946050711073366,
            0.9043049768682023,
            1.041282983468118,
            0.44866866928015514,
            1.0241840821493615,
            -0.3237643242631485,
            0.5150270000736292,
            0.034831430294145926,
            -0.10159470302599075
        ],
        [
            -0.09579910219509657,
            0.13535551814753527,
            0.592408508846057,
            0.7253795654920547,
            0.014255415411765874,
            -1.0674798218744523,
            -0.5760535168663286,
            0.27947873515191785,
            0.044640081843232184,
            0.5718010196870348,
            0.861281034345746,
            2.7423304060951197,
            0.6418420569883659,
            1.9389467340108835,
            -1.1374458738323494,
            -0.7464114987318408,
            2.5203076451736943,
            1.6386604256644586,
            -0.5013709909904208,
            0.7523673638616604,
            1.4996541717604224,
            -0.07099743501483928,
            -0.3718466655480471,
            -0.2666443916231583,
            1.9415129838331233,
            2.1933032016298704,
            2.6496425680462643,
            -0.32084735965965194,
            1.532881970223255,
            -0.4129214694731096,
            0.20429994077358316,
            -0.6152949987971369,
            -0.007468534698430273,
            0.9702577875388525,
            1.8706383791618586,
            0.04862176888916983,
            0.31056425328367676,
            -0.4810965975279855,
            -0.704928120548658,
            1.63173866154462,
            -0.13264233932298827,
            -0.15716291323535728,
            1.6959886216397704,
            -0.4759628798980844,
            -0.22901238579716077,
            -0.20535444890272472,
            -0.2886850129497782,
            0.5421031701470544,
            0.09692963701458766,
            -0.12019693966517637,
            -0.6773248333198088,
            0.05573563810421163,
            -0.07867286003400994,
            -0.11559884634153078,
            -0.33203967370695886,
            0.5945791238672066,
            -1.0364731841096768,
            0.8150808266754057,
            1.2629845747944866,
            -0.05633289362235803,
            2.848033398733261,
            0.7128662039069139,
            -0.2172486785433787,
            -0.12788566137446436,
            -0.7191626012458732,
            -0.6224417131322989,
            0.08787385469842697,
            -0.3181771517361724,
            0.0462068485418714,
            0.10625710257309523,
            -0.3231647540618452,
            0.3300765669751935,
            -0.5740103180103515,
            3.270956167137157,
            1.7973874007530668,
            -0.1379228423381825,
            2.3566731926865963,
            -0.4892306133115682,
            1.2832285130138907,
            0.3578834023093307,
            -0.09410137905104321,
            -0.00862262198829574,
            0.7020176680075312,
            0.07907817945123242,
            0.8675291449245155,
            -0.12414746658124197,
            -0.6672735270269388,
            -0.14091424431523297,
            0.3596196498769388,
            1.8814140046406693,
            -0.2376890902282107,
            -0.12535723672407004,
            0.32748341542263054,
            -0.5283056018173571,
            0.38747734440698856,
            0.16086610718907582,
            -0.4523738792874345,
            -0.5047470165444418,
            0.11332445315202958,
            -0.14640022043490739
        ],
        [
            -0.20426589559661235,
            -0.1755998138078702,
            0.44480966623470153,
            0.4243884512484082,
