{
    "pos": [
        [
            2.2025810841501268,
            1.251969501380306,
            0.39057937057047054,
            0.2508395943099066,
            0.5244987143602173,
            0.026013428814954023,
            0.7215922727582691,
            1.3844243219592576,
            2.0769252217521985,
            1.710807300457126,
            -0.09525476991819513,
            2.395701343082081,
            -0.0879008443274991,
            1.8639396320504593,
            -0.3801922448327947,
            1.3479327280155244,
            1.6667036385152167,
            1.4818474719996872,
            -0.38702199012927857,
            0.2837008531993636,
            2.810640595465097,
            -0.801864688704154,
            0.7866631179277019,
            -0.7506755565232872,
            1.8052937966975482,
            2.81135964489194,
            3.167079907120927,
            -0.31968237286344836,
            1.0191470397556406,
            0.10737620272767519,
            2.4789187284741443,
            -0.34291145290047004,
            2.2971383239218306,
            1.376368658036188,
            0.7900438293613685,
            2.119973348707114,
            2.111833696556029,
            0.7087255926524838,
            0.03972271125034393,
            0.5912094725231243,
            -0.5174486328036342,
            -0.023370813599506365,
            -0.05668675385762393,
            -0.40314667977977287,
            -0.6960767758510097,
            -0.3241355460728324,
            1.5195897870094452,
            1.6919284049457635,
            0.24141311931589465,
            0.4231551767666972,
            2.1844062811570413,
            0.6589768210165584,
            -0.4208214126596544,
            -0.42538048360287084,
            -0.2996207624308337,
            1.0027141323548727,
            2.1471927350735274,
            0.5260298270129681,
            0.23596127439800033,
            -0.16517476201982378,
            1.7565484883041949,
            1.0556119756173408,
            0.46816578344051935,
            -0.42309058417541484,
            -1.0257542182280595,
            -0.1612884705615219,
            -0.2483148338549948,
            -0.3687426921741646,
            0.8229275759671606,
            2.7264335947032476,
            -0.018375517551842083,
            -0.49648145944975264,
            -0.8999070239002998,
            2.187744480886296,
            2.2907544138790517,
            2.0844391441844556,
            0.8767903198537246,
            -0.25973903834636936,
            2.3033453553748173,
            1.2387973379158188,
            0.483894299586164,
            -0.3110229311770465,
            3.0230115880384894,
            -0.36092624829805187,
            0.4674115235341728,
            2.281028545009764,
            -0.2164811873645055,
            -0.7474291425067634,
            -0.543291002220789,
            0.44177711996369456,
            -0.08155694205627954,
            1.975000509189535,
            0.6344156318378229,
            0.41560479327096245,
            1.655231368580722,
            -0.12044672088453182,
            0.8210158468211225,
            1.2859314512132691,
            -0.8419737399834146,
            0.039923723811337755
        ],
        [
            1.251969501380306,
            1.9377429102985326,
            0.8241845572506299,
            0.6294433933048302,
            0.5120336301671403,
            0.8725935682749949,
            1.7163309025795657,
            0.8126621415818284,
            1.8239915628618844,
            0.7098950509808352,
            -0.21399283790994394,
            2.0595619017463593,
            0.7833433766871883,
            0.7544737720030981,
            -0.05682412572099748,
            2.255853424985474,
            2.119469481759539,
            2.510821484840133,
            -0.22067148282499618,
            0.8413489235219445,
            1.125482824875531,
            0.22911308656644513,
            2.0899033704972894,
            -0.36650179939530436,
            2.3049921881971427,
            0.7129951972257388,
            1.514136771850435,
            -0.08275335421049032,
            2.8730621304636266,
            0.6582019562687761,
            0.6704080165409171,
            -0.32468153879401873,
            0.8438491209821161,
            0.9257265201798938,
            0.4588285062486344,
            1.771349346930417,
            1.1823425116574442,
            1.0590008480926252,
            0.26860928953422286,
            0.0266736599419075,
            0.08946544387561395,
            -0.021531843951083308,
            -0.23029169891386944,
            -0.5375526706243421,
            -0.2620701453213804,
            -0.3487038666530281,
            0.8559259291322526,
            2.387728356499225,
            0.3698502028528065,
            -0.30194179943154986,
            1.8368903436188455,
            0.9913651523723074,
            0.009607069194357562,
            -0.3438768247392443,
            -0.2480612955582409,
            0.24214966149316247,
            1.9855726271943661,
            0.8481021455301673,
            0.18947186103864153,
            0.05890538374082063,
            1.2673327207889917,
            0.49411036659481367,
            0.32965625787172126,
            -0.3427541762015708,
            -1.11866747867434,
            -0.07606250982071586,
            0.29700320306045613,
            -0.561870492243622,
            1.047869453441378,
            1.0587086371761008,
            -0.03439905568210496,
            -0.3638534150417734,
            -1.0548488625250487,
            2.000602958785933,
            2.0728911610576524,
            2.6502246416993134,
            1.0505937409252344,
            0.06140701895460509,
            1.2280373683801715,
            2.3671490927099,
            0.4730987986040123,
            0.03798832756036591,
            1.61920847308892,
            0.2306257914999546,
            1.1543311362887188,
            1.4368189093409056,
            0.9354180496754602,
            0.8537956525859202,
            -0.2256237617519921,
            1.0918437793605917,
            -0.05415079948057199,
            0.5606502667926391,
            0.8882802179105367,
            0.6545042671622001,
            1.8935243693083326,
            0.4216380017446854,
            1.179398561331859,
            1.1264127108798534,
            -0.7381515409979796,
            0.19021220621728596
        ],
        [
            0.39057937057047054,
            0.8241845572506299,
            0.7931929453923471,
            0.5638067747539568,
            -0.2452756518979039,
            0.19277547341233608,
            1.040187028791173,
            0.6129066260829982,
            0.5178074501463477,
            0.048273623169417,
            0.04627525588958413,
            0.6932067214883708,
            -0.05260836042032643,
            0.26788712273033916,
            -0.699133531236173,
            1.0229702450760343,
            1.108001497604964,
            1.0125126331108365,
            -0.140004687959006,
            0.12381946728430199,
            0.11750147909555296,
            -0.40885423624053613,
            0.976493595649417,
            -0.13254681384643285,
            0.9454347857491107,
            -0.29228815470234587,
            0.13026539492588107,
            0.09052902871161894,
            1.5809727905692648,
            -0.24480867539190512,
            -0.2161958543764465,
            0.227867902920047,
            -0.15790823127559986,
            0.6235613054609561,
            0.39333172595741805,
            0.4892151559772211,
            0.07454780867145461,
            0.1036381285913808,
            0.0010045141890881056,
            0.9251412274285672,
            -0.09929104564277084,
            0.19282371642103674,
            0.9853170058715618,
            -0.1834290823902478,
            -0.10982356522555975,
            0.015510377520420462,
            0.18688724354676944,
            1.0990473280842077,
            0.2208984245641828,
            -0.28697721373952917,
            0.7090681464705422,
            0.025255680203618482,
            0.0645059284358459,
            0.16695211604849988,
            0.16970656309382126,
            0.1327309597139885,
            0.5273803729567161,
            0.5838450289181595,
            0.012280177580890497,
            -0.0026851822594011285,
            0.3307280920984321,
            0.08308581302278102,
            -0.1401920014200733,
            0.18164531296227016,
            -0.6918638821421413,
            0.1609978607932922,
            0.3656381276445897,
            0.1969168779644696,
            0.1678299711398836,
            -0.21562982008860448,
            -0.01825927314861128,
            0.20958009790963952,
            0.08131561006123716,
            0.7357792929131334,
            0.8221117007725871,
            1.0163895183105092,
            0.9382426507818027,
            -0.5959833656241255,
            0.49159211943499675,
            1.1172736242454753,
            -0.28935313608480534,
            0.05199407388553226,
            0.22298181355483684,
            0.4399200545124428,
            0.20592820555150726,
            0.09333249844181488,
            0.28344795072980944,
            0.03825952486131993,
            0.5636038392515555,
            0.16591435517935652,
            0.19101324204791864,
            0.0544109717552413,
            0.6650800287311172,
            0.36613588829834814,
            1.3760548989977495,
            0.06288211277898426,
            0.4508566050176917,
            0.2428252030626039,
            0.2633391325867254,
            0.1106851848466156
        ],
        [
            0.2508395943099066,
            0.6294433933048302,
            0.5638067747539568,
            0.4557049171076777,
            -0.20614528881697694,
            0.471942805516125,
            0.7840202437318725,
            0.4074517309952548,
            0.46270296068371464,
            0.12155432616935141,
            0.21690926871327598,
            0.4170680901713006,
            0.17641961258337507,
            0.11533192053875732,
            -0.2857717200844093,
            0.9066505196022221,
            0.7570000408342501,
            0.8487172360745829,
            -0.19219734406609446,
            0.07221783658087186,
            -0.010033995588435887,
            0.00041853789606897355,
            0.7734786418254164,
            -0.1375597584048401,
            0.6338471678812868,
            -0.29866989163102986,
            0.006183757693408258,
            -0.024564809803120865,
            1.2227824180730906,
            0.08166987378566576,
            -0.2860928613919535,
            0.21834565944651999,
            -0.03954320866577964,
            0.3198730303749119,
            0.29464202532012135,
            0.43147645590117734,
            0.016989472370058597,
            0.29346306731224797,
            0.029581271066901546,
            0.6156650064626202,
            0.12585841885962998,
            0.10035823335875012,
            0.6024384487349334,
            -0.14925879883935697,
            -0.1129387526181349,
            -0.07510444512079494,
            0.21481253651587037,
            0.7584575163137383,
            0.13665604186120914,
            -0.16930061683441083,
            0.5880040369576597,
            0.048943832388457176,
            -0.005418008850361428,
            0.0815470754123202,
            0.09420937724451886,
            -0.03520506336773539,
            0.47770671637650397,
            0.47324252423367635,
            0.004094405358836191,
            0.020654054812243926,
            0.2225589544011637,
            0.08646596742410954,
            -0.10730700075449975,
            0.0803481755874769,
            -0.24193242615623448,
            0.053855279235103276,
            0.20024123891251083,
            0.12346845067368731,
            -0.01945444753713625,
            -0.1925305897317174,
            -0.06918899677354212,
            0.126524795832347,
            -0.21814070798667534,
            0.5165555715451993,
            0.5749751839042327,
            0.7545524703045494,
            0.536982846980095,
            -0.11681882910542446,
            0.2590139042406833,
            0.8414157860956281,
            -0.07246720033426206,
            0.037448740215346256,
            0.08937899399620233,
            0.30623027718069684,
            0.31876754781527766,
            0.031507269430080136,
            0.3324540229429667,
            -0.047078646227784945,
            0.2851290627669121,
            0.1283586424516681,
            0.08916376326220357,
            -0.03768188238428398,
            0.5190381678294101,
            0.36132529985637885,
            1.0953256652517525,
            0.08489415750878918,
            0.43972603498752916,
            0.2887285614606319,
            0.17888136377950858,
            0.10645264199370275
        ],
        [
            0.5244987143602173,
            0.5120336301671403,
            -0.2452756518979039,
            -0.20614528881697694,
            1.1180604028024441,
            0.01359450611712099,
            -0.03173806977249526,
            0.01449647857080632,
            0.7914400497737252,
            0.2446843962167245,
            -0.3990286421551438,
            0.7259459031676262,
            0.1060138889236026,
            0.2160230004095296,
            0.037683882372416544,
            0.578060290419651,
            0.43337041381655284,
            0.527003788680218,
            0.020425067831677628,
            0.4163516633225315,
            1.0591954747136556,
            -0.186926688362944,
            0.34073726477223143,
            -0.04835534759900051,
            0.6287098762388783,
            0.7065727484737891,
            1.0459555991758076,
            -0.07640033750545638,
            0.3822809039924693,
            0.2915441110743335,
            0.9798609322811741,
            -0.43354439723245064,
            0.5924513787279847,
            0.023356571445750374,
            -0.08181575675692138,
            0.647918886064038,
            0.5080260503284243,
            0.18861950781258835,
            0.21048001982859074,
            -0.8135153131452347,
            -0.2303890682978759,
            -0.22267794191877388,
            -1.09572678728591,
            -0.24803454013145992,
            -0.05731097050406894,
            -0.3306597547609782,
            0.3213094706273001,
            0.7843975059764556,
            -0.03535660887489891,
            0.046857329891881294,
            0.5109639686212948,
            0.7432791346978393,
            -0.08794526308228973,
            -0.531800811849827,
            -0.39059583116844054,
            0.5671257575165791,
            0.8696634801526071,
            0.021950055691667924,
            0.17786288643892167,
            -0.06231951416048113,
            0.5789386127938072,
            -0.07599195790751878,
            0.7896364609611092,
            -0.5631492293244732,
            -0.22312788902261757,
            -0.1183890203877287,
            -0.33884527897642613,
            -0.4728415833325068,
            1.2748260785161067,
            0.8952386005112465,
            0.07141296892294029,
            -0.271930978086067,
            -0.5647883563375875,
            0.7266940476934988,
            0.7720454324760545,
            0.9845014674662954,
            0.009180704621717384,
            -0.07442977868422096,
            0.48316492453975013,
            0.3711783504017912,
            0.43576661055054705,
            -0.06302584822970177,
            0.9966185501581466,
            -0.43689669207747395,
            0.06956276358421848,
            0.8728576555634696,
            0.057733830978149575,
            1.120996064981434,
            -1.059993153343122,
            0.8899905134765593,
            -0.25964421845057273,
            0.18966672185896907,
            0.3341961278364791,
            0.047072630892052526,
            -0.10966127494437046,
            0.1927880139936327,
            0.06442869944518646,
            0.3904972056052107,
            -0.8511969955344277,
            -0.17534666365946505
        ],
        [
            0.026013428814954023,
            0.8725935682749949,
            0.19277547341233608,
            0.471942805516125,
            0.01359450611712099,
            2.296999151901275,
            0.823930050151475,
            -0.12366692872002621,
            0.9972847612186708,
            0.5495032934226469,
            0.9116242347911426,
            0.10350844097033336,
            1.6796224498773047,
            -0.4085445444291324,
            1.426137627033929,
            1.717090767416815,
            0.4130757360503922,
            1.5861289843925832,
            -0.5220231333885746,
            0.30063941243842646,
            -0.49566876129812965,
            2.044145757590356,
            1.2174495658866888,
            -0.2707284916941945,
            0.4975266036680844,
            -0.5597677122008768,
            -0.2838409446614883,
            -0.4977886315480675,
            1.5566071130792825,
            1.8383629188608932,
            -0.8045587777194877,
            0.13545539803628545,
            0.47665144391680925,
            -0.5733574636115596,
            0.09031082922708206,
            0.9220364906685914,
            0.06163518409669763,
            1.6691845924735902,
            0.29532356179459845,
            -0.5602382716651542,
            1.2836972718720752,
            -0.2520788054831659,
            -0.8927758500781269,
            -0.2726076108280944,
            -0.17643266753219072,
            -0.5954617780715789,
            0.5927171936811653,
            0.584817614315641,
            0.002155566727556122,
            0.012773056990262908,
            0.8902534280398582,
            0.5767055371854144,
            -0.2051764241673178,
            -0.3376118729861204,
            -0.2594210310687354,
            -0.8523483732404401,
            1.1182490466941917,
            0.5430015953865361,
            0.02521467466954226,
            0.1991330713872565,
            0.21389808397984075,
            0.23640310345886806,
            0.03973863760633753,
            -0.4024423815069791,
            1.1182478131879212,
            -0.38993509364133283,
            -0.18132255196598318,
            -0.39017475468561125,
            -0.44966698306356734,
            -0.09215785315455165,
            -0.3252182705178548,
            -0.29953268780660575,
            -1.9594098379714286,
            0.46801498516739515,
            0.4426520459883214,
            0.9802677799288957,
            -0.5430359538321387,
            1.9736976641416217,
            -0.38533864068388873,
            1.0777905721432304,
            0.9834356768735513,
            0.07487802110130203,
            -0.12310896307954029,
            0.07253505880516423,
            1.4946486039029296,
            0.14969656657431138,
            1.2371346195717154,
            0.14222415798448912,
            -0.7485633985229445,
            0.5047828133866309,
            -0.3107131202674123,
            -0.4812973871736536,
            0.420500668364301,
            0.7487807719338231,
            1.042099720888877,
            0.46422735770715584,
            1.068502134623378,
            0.9664817267107664,
            -0.34806235125111895,
            0.2432921600379786
        ],
        [
            0.7215922727582691,
            1.7163309025795657,
            1.040187028791173,
            0.7840202437318725,
            -0.03173806977249526,
            0.823930050151475,
            1.8486103213707776,
            0.686968062447801,
            1.233427629692639,
            0.2522279199177744,
            -0.10083115089170334,
            1.5202853192705783,
            0.6971961000154955,
            0.3789885697964254,
            -0.23424047712763096,
            2.0073414037839603,
            1.9335698758778133,
            2.2648425479421133,
            -0.15641314406089077,
            0.6834259928573078,
            0.22872652570730595,
            0.2748063748036777,
            2.058015675885792,
            -0.21417257466677847,
            1.9837383460868911,
            -0.17684182293035955,
            0.5497925395604034,
            0.060935615252767444,
            2.9378871977810057,
            0.40303512341318515,
            -0.20890686916328846,
            -0.0625083825498729,
            0.09275200417975338,
            0.8300631580541871,
            0.42015277337144746,
            1.2153929486466752,
            0.5955885941785131,
            0.8153051700816626,
            0.18280690134350586,
            0.4326405396408157,
            0.1967361270187862,
            0.12052304343411202,
            0.44084230574689554,
            -0.4142123680408554,
            -0.11399995710957822,
            -0.14064318407465348,
            0.4528197161440559,
            2.0748787082768163,
            0.39735937475372596,
            -0.49741442014032056,
            1.3721889003758552,
            0.6033647417739867,
            0.16200028238478703,
            -0.019822978041897435,
            -0.000564142494997168,
            -0.0915566921175887,
            1.354867007686967,
            0.8722247488101447,
            0.08450774661933347,
            0.10887783845774537,
            0.7946416190468477,
            0.3109940645398842,
            -0.07123805313281396,
            -0.0012870281387592254,
            -1.0869290039530612,
            0.05829156349702304,
            0.5819660772597602,
            -0.269925517184694,
            0.5313955137077173,
            0.13137492398068837,
            -0.043553894014539817,
            -0.1058727551269284,
            -0.5771088532614781,
            1.4965573223529969,
            1.5555775281242832,
            2.1494816336354674,
            1.1534356159083121,
            -0.10324324253842637,
            0.7349191914334722,
            2.2765096947458163,
            0.11000173248078032,
            0.14025327998531611,
            0.7230327303472124,
            0.5768054459244215,
            1.0445650908625008,
            0.6965871907984919,
            1.0074579950577516,
            0.6729370285889633,
            0.4317012931555444,
            0.7447767746305397,
            0.11508568477151793,
            0.1124756437190335,
            0.8083430840988548,
            0.6222503295207501,
            1.920669490783108,
            0.3907040576337405,
            1.0756283042303774,
            0.7573228265671933,
            -0.2022153605854492,
            0.26401220589532076
        ],
        [
            1.3844243219592576,
            0.8126621415818284,
            0.6129066260829982,
            0.4074517309952548,
            0.01449647857080632,
            -0.12366692872002621,
            0.686968062447801,
            1.1732839216796251,
            1.2071005667291,
            0.9671379022751676,
            0.0882258288433117,
            1.4272229083877148,
            -0.4262813796384979,
            1.2160205997910907,
            -0.8597038351421409,
            0.9678626165030049,
            1.2623576989819507,
            0.9028091923408745,
            -0.32805450884477877,
            -0.04684870758718647,
            1.6617902440527619,
            -1.0221074682466436,
            0.5439933344452078,
            -0.5001103550529649,
            1.1317541378543472,
            1.4191853800459258,
            1.7335421405127989,
            -0.13413107654003684,
            0.9237256312476104,
            -0.3764547928666567,
            1.302920519234107,
            0.10253618370871904,
            1.1556960498349633,
            1.0934222619005636,
            0.7124420098037717,
            1.2133806692397546,
            1.0387802725131268,
            0.1683339597436062,
            -0.0682230085804381,
            1.1955633688071314,
            -0.4804424251607746,
            0.14292027180344388,
            0.8682120895916029,
            -0.23684723846733272,
            -0.4898047283675555,
            -0.11113155996477125,
            0.9032432594604244,
            1.1865002658302934,
            0.19285289771050784,
            0.18618914736859346,
            1.4245056097682856,
            0.10570431027189367,
            -0.2677695120715923,
            -0.04823093794320353,
            0.018013393911091424,
            0.7576550160585294,
            1.1985552456597286,
            0.5447164955829835,
            0.10722543918557932,
            -0.15083580906093758,
            1.0126316151356674,
            0.5827287259349264,
            0.1327202750891001,
            -0.04046839902812721,
            -0.8028204072276255,
            0.047488576461382825,
            -0.02874726718212028,
            0.14476023989902354,
            0.35297742173751023,
            1.3023716471344027,
            -0.021553397318727845,
            -0.007609490737928483,
            -0.19167660531300884,
            1.372254129819641,
            1.4993652300500726,
            1.2962265166099125,
            0.9817980995264218,
            -0.7173601159723046,
            1.5423125325768865,
            0.859197353895771,
            -0.0785900460421055,
            -0.19705070800708344,
            1.668593278719524,
            0.0008184075290134144,
            0.019413280678415204,
            1.0991862584703183,
            -0.2949169264687481,
            -0.793712325211491,
            0.1045939409732301,
            0.052807370694830415,
            0.1081459178937148,
            1.1779148487744031,
            0.7195467453967138,
            0.36541295234697224,
            1.6039695936995715,
            -0.19655875581557986,
            0.4820726727360527,
            0.676698581288066,
            -0.08583405066111971,
            0.02724861092272504
        ],
        [
            2.0769252217521985,
            1.8239915628618844,
            0.5178074501463477,
            0.46270296068371464,
            0.7914400497737252,
            0.9972847612186708,
            1.233427629692639,
            1.2071005667291,
            2.5141367527121865,
            1.6754653817916538,
            0.09410083683903683,
            2.4843294972449104,
            0.6837851263294554,
            1.4801634707106923,
            0.138961561480532,
            2.2857371994430267,
            2.014007789278272,
            2.3707040205396233,
            -0.5188281829211138,
            0.6031186907605544,
            2.456455434911122,
            0.05351599323191622,
            1.5884555734971642,
            -0.7495528728837194,
            2.220989556733206,
            2.21509465503688,
            2.8643602565895048,
            -0.4397620669675453,
            2.0957714221004657,
            0.8967943727192808,
            1.961456551216114,
            -0.3717486743268039,
            2.1936743441440276,
            1.0693543447669531,
            0.7218579402013927,
            2.465866811152574,
            1.971587853214533,
            1.3662574788532214,
            0.2423143304115456,
            0.11002399908338385,
            -0.003527891549709688,
            -0.15407894274430875,
            -0.6128232261864981,
            -0.5847018972407285,
            -0.6574038239260126,
            -0.607073030423426,
            1.6103933251093752,
            2.242628321661502,
            0.2606169825492058,
            0.2506846457322041,
            2.4974200953041206,
            1.0921893947921275,
            -0.4033355866607476,
            -0.6358479732347092,
            -0.4557612759569927,
            0.6779748352036044,
            2.6617267009856787,
            0.8015222403409284,
            0.2728206517597712,
            -0.06238973926559108,
            1.8208771442134926,
            0.9475100448084437,
            0.6401287915518721,
            -0.6640579528804039,
            -0.7184547161687551,
            -0.287707779726416,
            -0.25644980980151927,
            -0.630850511137063,
            1.0392754388500032,
            2.4391906938263497,
            -0.11369959931726717,
            -0.5991581319678216,
            -1.7001279438265993,
            2.448979104813162,
            2.552442185169852,
            2.770902070565608,
            0.756760323922844,
            0.4180780066626668,
            2.0036768221612125,
            1.951843463885509,
            0.8862662760960506,
            -0.21297588994795302,
            2.8263742899263953,
            -0.2857794319501013,
            1.1181480308021816,
            2.283305493302596,
            0.48204806882294665,
            -0.02389442590081855,
            -0.9588292974159199,
            0.9802148370122389,
            -0.2348302081863063,
            1.4733937586301011,
            0.9469979055788157,
            0.7402242990907141,
            2.051315139642408,
            0.20988341138531574,
            1.2631392406272428,
            1.640024151902135,
            -1.1060051962491066,
            0.10872480697374848
        ],
        [
            1.710807300457126,
            0.7098950509808352,
            0.048273623169417,
            0.12155432616935141,
            0.2446843962167245,
            0.5495032934226469,
            0.2522279199177744,
            0.9671379022751676,
            1.6754653817916538,
            1.7068081999078872,
            0.3556460783664642,
            1.5815777705154883,
            0.29629148758415913,
            1.4458650422224444,
            0.35345788293029384,
            0.9457439282285443,
            0.8506422321936313,
            0.9858158091985832,
            -0.48601943310789547,
            0.046324396267763863,
            2.1575276892626403,
            0.016941292337593627,
            0.29993430570177,
            -0.7212912846392355,
            0.9858039478689178,
            2.4580289387976793,
            2.4983982036843897,
            -0.4987791839988129,
            0.2463065671083994,
            0.6095529877061034,
            1.9522856915974374,
            -0.20011982318040783,
            2.2423853957981965,
            0.7637629826601906,
            0.6161072212177054,
            1.7484585045254304,
            1.7565857227162944,
            0.9731717913888001,
            0.02867026902235739,
            0.2787926248714054,
            -0.016571042760996746,
            -0.12253429552539624,
            -0.3986847511819675,
            -0.2568155574654674,
            -0.6641358122722854,
            -0.3870031693953109,
            1.4233854024561392,
            0.7923549106683119,
            0.08813893949066522,
            0.6053171263862658,
            1.7441634828362589,
            0.4527671411709485,
            -0.5119998567777774,
            -0.406456180307727,
            -0.3061931049070188,
            0.4984546386347033,
            1.728273062651164,
            0.31642407694942615,
            0.15945047513927338,
            -0.1003120601142677,
            1.3206396645915381,
            1.034982353567819,
            0.2818609360294536,
            -0.42533170808759313,
            -0.09000327723298984,
            -0.31255636981995566,
            -0.44429622566280413,
            -0.33289743636671926,
            0.07599673124548575,
            2.3788706126622743,
            -0.13562874772040032,
            -0.5333631416227461,
            -1.2524177997496804,
            1.4975542635510655,
            1.5372566972030723,
            1.2527853633701456,
            0.1245415182699011,
            0.6326690504625663,
            1.6504305855178494,
            0.5913568769255008,
            0.7251255457593386,
            -0.3077366587030056,
            2.3595806471447522,
            -0.45572980185493583,
            0.6295309313319071,
            1.8085336464736756,
            -0.13453629092119176,
            -1.207445838037319,
            -0.7191156576552691,
            0.09708037602451235,
            -0.1861318227933101,
            1.6620869613027207,
            0.277550992853197,
            0.39282198981104255,
            1.153881369378348,
            -0.13321136313018542,
            0.7563801996251017,
            1.2104043094762948,
            -0.6982737300476025,
            0.08058904476723731
        ],
        [
            -0.09525476991819513,
            -0.21399283790994394,
            0.04627525588958413,
            0.21690926871327598,
            -0.3990286421551438,
            0.9116242347911426,
            -0.10083115089170334,
            0.0882258288433117,
            0.09410083683903683,
            0.3556460783664642,
            0.8564270871237728,
            -0.5632639876184034,
            0.3019237857713539,
            -0.15220848106104398,
            0.3473138766862578,
            0.2840713133037939,
            -0.3547540070151779,
            -0.06645046708328767,
            -0.41287168091243265,
            -0.4317076411018815,
            -0.2638446609602125,
            0.5476265922959488,
            -0.1993293251434456,
            -0.20744682519764834,
            -0.5622483183373459,
            -0.2783183366907888,
            -0.39671088271809446,
            -0.3307934252102094,
            -0.18273537353641012,
            0.49263484900896676,
            -0.42588510143167213,
            0.46790547589282855,
            0.2484005494538064,
            -0.3650244850500375,
            0.199907054267913,
            0.06409083017623195,
            -0.3154499921797958,
            0.44780535992473497,
            -0.03143934539387854,
            0.4868955071517889,
            0.5239392500827288,
            -0.034126983176771805,
            0.28595888838289335,
            0.03841665870425473,
            -0.2146804587409951,
            -0.2164727577564598,
            0.2882146547707879,
            -0.4687197002052661,
            -0.12651373639749375,
            0.26006905683194054,
            0.1684727849186982,
            -0.28517184135610507,
            -0.28208531907954654,
            0.03440505428338867,
            0.05942673973052194,
            -0.30232535530816645,
            0.05106135108773783,
            0.1864137860004057,
            -0.06233094068450789,
            0.004863742726288265,
            -0.19075205796032982,
            0.0904859652423383,
            -0.15562805095274726,
            -0.00602853144315639,
            1.0270278760003573,
            -0.13994789938913366,
            -0.2895107950763781,
            0.29972821697418,
            -0.829214373022013,
            -0.25167934153347726,
            -0.2146020196924281,
            0.1399283820945062,
            -0.6369302911187799,
            -0.2677552771992905,
            -0.2420785425201998,
            -0.3602224759554723,
            -0.39268538047862994,
            0.7425202623961032,
            -0.2500433476803231,
            -0.30724358385226325,
            0.19520822396256668,
            -0.07073128260935935,
            -0.37530902394994636,
            -0.01870104706315857,
            0.19054220285661144,
            -0.3928657018417244,
            0.04961962454942686,
            -0.9219286732679696,
            -0.1775792366338016,
            -0.38331225344669084,
            -0.07130605567890327,
            -0.14353463817127748,
            0.2182147984846306,
            0.32084889139596445,
            0.5150172005080903,
            -0.08689575320890926,
            0.20423151989829616,
            0.23345813001181168,
            0.3434036071602171,
            0.05328495045842573
        ],
        [
            2.395701343082081,
            2.0595619017463593,
            0.6932067214883708,
            0.4170680901713006,
            0.7259459031676262,
            0.10350844097033336,
            1.5202853192705783,
            1.4272229083877148,
            2.4843294972449104,
            1.5815777705154883,
            -0.5632639876184034,
            3.2057174458159565,
            0.3130405933316037,
            1.935791717334813,
            -0.3136100020100451,
            2.0223854935212087,
            2.523126415895694,
            2.50687489268939,
            -0.21153810754320632,
            0.8784642413336763,
            2.799650299032416,
            -0.5712950861093441,
            1.7955125672440913,
            -0.6893122331195012,
            2.8628534472981526,
            2.7478897942030187,
            3.4238020721041096,
            -0.14602331362169532,
            2.3237520293694796,
            0.2853741312993453,
            2.426775536398129,
            -0.6830370943485709,
            2.155249272968405,
            1.7280319629738736,
            0.7471831310489104,
            2.5479634376278173,
            2.4910336300763327,
            0.9887166743293929,
            0.17452164469533185,
            0.189268160921517,
            -0.5161419189688018,
            -0.009907635115990673,
            -0.33539508327850587,
            -0.5872830181146759,
            -0.5731497246929271,
            -0.2975796941155883,
            1.5027294112467986,
            2.6899012325148957,
            0.4588331788957851,
            0.06220767716679087,
            2.5638056851876696,
            1.139016402572804,
            -0.17428143578224986,
            -0.4906194817411342,
            -0.37922006469208264,
            0.9092820530507629,
            2.6498968920833934,
            0.7306689209196908,
            0.2956839221962348,
            -0.07207059224299026,
            2.105915564790167,
            1.1325225352217396,
            0.49212827103504647,
            -0.4624790999616417,
            -1.8477783304555366,
            -0.12385617996206062,
            0.14959979120972067,
            -0.7630729770719151,
            1.3868226318731798,
            2.8315313639452286,
            0.05617752523737956,
            -0.7053287712444647,
            -0.9853455366953574,
            2.8343763493629366,
            2.9133493023653827,
            3.0956584014117325,
            1.34260473259903,
            -0.3372180717660604,
            2.5189837083720223,
            2.351146652977798,
            0.5762191834737987,
            -0.17982993832103888,
            3.359067852836463,
            -0.1195489141680866,
            1.001420124552609,
            2.730271099542418,
            0.3588741657230734,
            0.14321473583066513,
            -0.3576710090594839,
            1.0019183135445495,
            -0.04823712483837973,
            1.9561652140836145,
            0.7106267853022645,
            0.4976462426255944,
            1.9846311166456418,
            0.17066969774983531,
            1.2169173217705653,
            1.4995139018519137,
            -1.192229632262375,
            0.15598394143749075
        ],
        [
            -0.0879008443274991,
            0.7833433766871883,
            -0.05260836042032643,
            0.17641961258337507,
            0.1060138889236026,
            1.6796224498773047,
            0.6971961000154955,
            -0.4262813796384979,
            0.6837851263294554,
            0.29629148758415913,
            0.3019237857713539,
            0.3130405933316037,
            1.6834059278959836,
            -0.38011666923147763,
            1.645259759383582,
            1.1305962937463903,
            0.31819877690817233,
            1.4129675153528578,
            -0.1484096397866805,
