{
    "pos": [
        [
            1.0375119656348097,
            0.8822060200208368,
            0.6360625319783844,
            0.5990494071092347,
            0.18309728130953254,
            1.160662266264207,
            1.1553152456913283,
            0.4230361927597014,
            0.24351728960322605,
            0.5735309842157382,
            1.171952537469473,
            0.6543220651758275,
            0.663616827373155,
            -0.0883334190664234,
            1.2873804321297477,
            0.6887001506642538,
            0.8457316017585831,
            0.07784638315248182,
            -0.24490035010401812,
            0.6583250220551625,
            0.058605608214961274,
            0.8280580848427258,
            0.5649168035465131,
            -0.48100596646785143,
            0.36134156803240697,
            0.798309830286699,
            0.28861627635974524,
            -0.06326999628828642,
            1.0475177472605701,
            0.5424902091302067,
            1.249463750876651,
            -0.6010955075919657,
            0.5658269293197561,
            0.06662270445863946,
            -0.5445504843639187,
            0.23029544863420984,
            0.4914474449247368,
            1.305943523143351,
            1.1599674493638017,
            0.027329866907138286,
            1.0155262050517944,
            0.21287500728108497,
            -0.05145425395353407,
            -0.19119116294786284,
            -0.33609699629644013,
            -0.5082064545807644,
            0.11388731445056458,
            -0.14906256410953442,
            -0.030951914719659496,
            0.7118634406129254,
            1.5730269688623801,
            0.25338382560374234,
            -0.12454100839941905,
            -0.2350971989882824,
            -0.2933028561514799,
            0.5150994685654926,
            0.5296955295994342,
            -0.02051736179657087,
            0.1906060154223116,
            -0.0837620826278031,
            0.09394797087160822,
            0.6055561759260936,
            0.556520719940734,
            -0.2517658924377647,
            0.1331465851979057,
            -0.20009512833796683,
            -0.1547060571906438,
            -0.4726387162883505,
            0.4426218221060449,
            0.044029150260382226,
            0.06135593159763958,
            -0.5302856484243212,
            0.08626261913022287,
            -0.1869893698667617,
            0.8588049145311358,
            0.4541479084078208,
            -0.050420961109590726,
            1.3832766843173303,
            0.7082832535995518,
            0.5668618083814879,
            0.3291175033010848,
            -0.30354535206338484,
            0.21841734017018202,
            -0.06737896571485326,
            0.8328074375593522,
            0.4382812873621908,
            0.9967959168863211,
            1.185909854936834,
            -0.24918086850464383,
            0.44328920977565817,
            0.29331858087668206,
            0.18242120372497495,
            1.3888662019284364,
            0.8681799108756794,
            0.24328610448799093,
            0.9465951623880422,
            0.4413157536547998,
            1.0852306364682691,
            -0.18927879347713752,
            -0.19962184190077656
        ],
        [
            0.8822060200208368,
            1.289312289637743,
            1.028872081598953,
            0.9513602004722332,
            0.34603765384824214,
            1.4359969140372362,
            0.39931482933934936,
            -0.04747993731699649,
            0.23798129269832435,
            0.7077590241630802,
            0.5600945935423295,
            0.5722682925219159,
            1.1583882310492604,
            -0.43844440070246526,
            1.2457126705325956,
            0.9213219007455824,
            0.6423737815333956,
            0.03515469242945544,
            0.26227131230258355,
            0.2467822056331604,
            -0.5460324896654144,
            1.0230089281512216,
            1.1167326094462584,
            0.008914819921583918,
            0.38292005504388316,
            0.668774245717962,
            0.19671654927996887,
            -0.20753578320349053,
            0.715151935351676,
            0.8373305237030515,
            1.295106528238055,
            -0.45399588881105307,
            0.09031322357025683,
            -0.01673766176655966,
            -1.1284785699690452,
            0.12026799728224874,
            0.5424449086178755,
            1.1201141301080548,
            0.8700458354749527,
            -0.36269126915860994,
            0.8276499788336766,
            -0.10005672208311714,
            -0.3373395691243869,
            0.16681699361867364,
            0.08866738751704531,
            -0.17372255879844617,
            0.42981190767432453,
            -0.9773371157240274,
            -0.10324216145982337,
            0.8216790332653567,
            1.3316541554411239,
            0.4478284339420025,
            0.031373105113171006,
            0.07939625142184227,
            -0.17232212851231832,
            -0.010017109644584833,
            0.12517628904444417,
            -0.1605518991184,
            -0.4749655540447437,
            0.0706631128851683,
            -0.4701474212148112,
            0.1754810820467837,
            0.4919023874846349,
            0.07080637262048516,
            0.28604602395731643,
            -0.07391161442233918,
            -0.36461927585580567,
            -0.6090366066545689,
            -0.03666201151222603,
            0.3872312096638817,
            -0.20102854984550791,
            -0.15855057398141034,
            -0.4318326010413954,
            -0.2189957372010715,
            0.6298455108509193,
            0.7481407671463252,
            -0.17372110201537105,
            1.2490927832337413,
            0.533939783441824,
            0.39887732689474925,
            0.6128933035715501,
            -0.05194421901916934,
            0.14410102619809181,
            -0.36040124543027285,
            0.9093067375568872,
            0.33564402091930573,
            0.7411089704594486,
            1.4383395092659073,
            -0.11027297241042865,
            0.3806723924364299,
            -0.0554955878004183,
            0.61277620170052,
            1.2397360170293303,
            0.7556433659627073,
            0.21821148490721717,
            0.8999174451156515,
            0.9610965910471885,
            1.0278294361729698,
            -0.295838939701251,
            -0.22413999392820194
        ],
        [
            0.6360625319783844,
            1.028872081598953,
            2.046467878235933,
            1.934743273718895,
            0.732667138700139,
            1.190309780563713,
            -0.11783996852746986,
            -0.07036863594114076,
            0.35700770836858275,
            0.41855389269705445,
            1.0433493736581214,
            0.30763820267768294,
            1.1759542287835247,
            0.460756240408439,
            0.6962185187135123,
            1.153804802401414,
            0.5636998651368,
            0.06907572830534447,
            -0.291387324057538,
            0.3575774160428713,
            -0.12002337222983313,
            0.8714097335488824,
            1.5321518829357759,
            -0.3561458890966846,
            -0.23009625903722802,
            0.5969090911222561,
            0.16149633476098538,
            -0.07391425195165556,
            0.7120105621861529,
            0.8033504077970118,
            0.9965750995230755,
            -0.34589474611536136,
            0.7376033359120162,
            -0.17707838494213912,
            -1.3044613598723038,
            -0.09970577760774789,
            0.33696300612845564,
            0.9231371125510637,
            0.19337554826349296,
            0.17593650369504232,
            0.5525325437255398,
            -0.04424554439043151,
            0.22784450562356123,
            -0.5353750720019989,
            -0.30241062815607295,
            -0.5630495871362698,
            0.48656483336827167,
            0.1222517285316338,
            -0.04849762436200806,
            -0.10677857572353477,
            1.4280122664261736,
            0.06864332067022637,
            -0.32575947306829717,
            -0.2679553198694942,
            -0.16384508957018054,
            0.8001712657247788,
            0.3280879885514456,
            -0.3650312556407906,
            -0.29890238295884813,
            -0.2260387648276411,
            -0.13615125043244647,
            0.28342625906057695,
            0.8967496214673547,
            -0.24165174767593758,
            0.29774023821108686,
            -0.1855159556027371,
            -0.35241031570712883,
            -0.8080455563279179,
            0.39274978614281536,
            0.40018113695848295,
            -0.02369039744244852,
            -0.6913857566406303,
            -0.08160480242500337,
            0.2801298014200585,
            0.5143282933243335,
            -0.7583120734368753,
            0.385781858142075,
            0.9070251817881589,
            0.4414140536710902,
            -0.051644804693595996,
            0.7105491410767509,
            -0.43275042154726356,
            0.10097851200759281,
            -0.5680159495014829,
            0.4529581473218287,
            0.18252706122514778,
            0.5335818868388086,
            0.4734031890068915,
            -0.3141594825230964,
            0.039092536840638244,
            -0.01396985517351293,
            0.21712669809049154,
            1.0006797727063963,
            1.1133178230719873,
            -0.5047019048803011,
            0.08709521498564776,
            1.3572034649616023,
            0.783712339600295,
            -0.28077207117314734,
            -0.5743720702409021
        ],
        [
            0.5990494071092347,
            0.9513602004722332,
            1.934743273718895,
            1.8376847998431314,
            0.7213964778214519,
            1.090883874868906,
            -0.09036916947463758,
            -0.08039902124478401,
            0.3810206927001968,
            0.39077052294329206,
            0.9790751182794584,
            0.24947946310533703,
            1.0903890962575855,
            0.43924809892063554,
            0.6201922834444165,
            1.069455697493727,
            0.5023517864869597,
            0.05075991934807772,
            -0.25774593872573237,
            0.2743706485024317,
            -0.08887901687622977,
            0.750828335276046,
            1.464270078170588,
            -0.30645213258052334,
            -0.23193376895933204,
            0.5097432390691429,
            0.13854977276166439,
            -0.05389856654983291,
            0.5962126932065653,
            0.7593501857863669,
            0.9541264633270027,
            -0.2909608694738259,
            0.6457596326680783,
            -0.17408558850271627,
            -1.2680819376621584,
            -0.11429228988243245,
            0.2924875948386671,
            0.7939794126827263,
            0.1163373778036811,
            0.10549522076954188,
            0.4021921099165723,
            -0.020133276123609767,
            0.15919220737204504,
            -0.4969475236068703,
            -0.2564313552977858,
            -0.5389249860890998,
            0.45373406632528,
            0.13631429897926084,
            -0.041599215767474704,
            -0.1260248656196202,
            1.308461875876444,
            0.06846958314495544,
            -0.30422844581691716,
            -0.2405291338531868,
            -0.15952742845469778,
            0.8142983483679013,
            0.38519343069297113,
            -0.34681796904177103,
            -0.2282106364802049,
            -0.20697396512127392,
            -0.15032644841654927,
            0.2014849052906644,
            0.8820261623728234,
            -0.21582479381220604,
            0.22122140494780906,
            -0.15037168936989392,
            -0.30089572149911115,
            -0.7345331281829655,
            0.3488570535473941,
            0.3982148494692191,
            0.018187382024281752,
            -0.6598447841366206,
            -0.07806924928826772,
            0.24360045470479333,
            0.430784421584266,
            -0.7259698482082381,
            0.3629875860766627,
            0.7860966984531971,
            0.37911160591942966,
            -0.06551309795691719,
            0.6734515369769651,
            -0.39301571336530555,
            0.08632385428154578,
            -0.498553185374272,
            0.4055899223474486,
            0.12095999794041763,
            0.4570653654399249,
            0.4071321703615322,
            -0.3131896161767013,
            0.008180513150203126,
            0.01388609943140797,
            0.1762344197727198,
            0.8665881732170768,
            1.089006459620938,
            -0.5052249863597537,
            0.04202747549499567,
            1.3188259257052874,
            0.7154952620778441,
            -0.2556366275060389,
            -0.5367378165972235
        ],
        [
            0.18309728130953254,
            0.34603765384824214,
            0.732667138700139,
            0.7213964778214519,
            0.46479624507185674,
            0.39968759564771517,
            0.08949742468809316,
            -0.0992697994310352,
            0.32349390853626153,
            0.17580794729769236,
            0.3557039742283796,
            0.11795555082151817,
            0.3815258683717175,
            0.21878577759248596,
            0.2709906696042113,
            0.46229424151801535,
            0.17209573163138192,
            0.021824003159273575,
            0.02999996875292911,
            -0.3046167914689192,
            0.0848452662537323,
            0.20430323018296478,
            0.7008698367244852,
            0.08036373341631106,
            -0.13182290353483292,
            0.007519356924449022,
            0.03646370873739375,
            0.017939162482078466,
            -0.15912514506211878,
            0.24392040423692354,
            0.5175268992332119,
            0.10909515725880492,
            -0.08678254907747293,
            -0.13871272411934615,
            -0.42855293088501406,
            -0.06988901337411853,
            -0.012448401953563157,
            0.10319537412965585,
            -0.025389296353064097,
            -0.45372362104486874,
            -0.591788292867338,
            0.05515855713373648,
            -0.46633642366965883,
            -0.10626047897257979,
            0.055839226440875606,
            -0.12484988507547866,
            0.1294675488580371,
            0.031197073797078242,
            -0.0008188264617981997,
            -0.059605821009684506,
            0.5439334347872994,
            0.04239337857185002,
            -0.10670149005713295,
            -0.03716756940191166,
            -0.08502021690435922,
            0.4113566324353639,
            0.36867085083801643,
            -0.26297636221649595,
            0.014005524835167532,
            -0.06643929188539698,
            -0.30784758361331466,
            -0.3464048202828982,
            0.5821692140250818,
            -0.018394588175396683,
            0.11026190540394848,
            0.06570498379517269,
            0.08869032529403514,
            -0.12311740249356429,
            -0.07055642531723703,
            0.20465872941086105,
            0.18208354761881523,
            -0.21346830464320454,
            -0.24863935532479836,
            -0.024752901219118103,
            0.05725087436111118,
            -0.3956905624502038,
            0.14083750584795066,
            0.2703783298657477,
            0.03083963689660532,
            -0.10794748421415792,
            0.2857178547628164,
            -0.04500859986554272,
            -0.00527177303028491,
            -0.13381204210296538,
            0.14002218628612184,
            -0.1304191457148679,
            0.1471741249195115,
            0.05490790389357151,
            -0.2518597083853894,
            -0.07812289470326855,
            0.07904275194268205,
            -0.13592969335886093,
            -0.02308850118268521,
            0.6202231030002355,
            -0.2246153363390112,
            -0.042656357507626974,
            0.6594385944926044,
            0.3495771098230352,
            -0.09858752465706058,
            -0.19254890198845864
        ],
        [
            1.160662266264207,
            1.4359969140372362,
            1.190309780563713,
            1.090883874868906,
            0.39968759564771517,
            1.776222477550385,
            0.9177838898231366,
            0.2521657024815461,
            0.24884288733856366,
            0.8209254053036624,
            1.1932891716067806,
            0.9736432794136773,
            1.2369967653269962,
            -0.18480442976669464,
            1.7569307235872789,
            1.2075737739605534,
            1.075731302907488,
            0.15302498045187443,
            -0.05178852396996767,
            0.5765911221963343,
            -0.27362931597309686,
            1.4580548590461089,
            1.1599609630946097,
            -0.34312481898755515,
            0.42590038699134536,
            1.0456920156884701,
            0.36256822181732445,
            -0.20219714542048794,
            1.191790136368532,
            0.8325511532928909,
            1.6423976307028962,
            -0.6568559433077623,
            0.49419949089009335,
            -0.016010159807979304,
            -0.8593089568165514,
            0.2735673035687494,
            0.6579535153919617,
            1.750940123820362,
            1.4798962389391246,
            -0.23811757471113473,
            1.1261911426897278,
            0.02309708116808808,
            -0.3203214694945478,
            -0.09169320979555963,
            -0.23592445441411458,
            -0.3877826923697303,
            0.346704895340602,
            -0.6823933673595687,
            -0.08640188324637567,
            0.9645018312229324,
            2.1098778729291414,
            0.38749048484438275,
            -0.12056431261269236,
            -0.1684671344929059,
            -0.29200233637088474,
            0.22452061817901262,
            0.24866594587552174,
            -0.24243165391393592,
            -0.34528832271436305,
            -0.07395362375026553,
            -0.28810256687805835,
            0.5000374112651542,
            0.7523163556041165,
            -0.1711464116868301,
            0.5960988076931333,
            -0.21525663848860377,
            -0.3218507834896982,
            -0.7326129085179798,
            0.26474733193647926,
            0.21600656831507592,
            -0.1236860156170983,
            -0.4496568192809588,
            -0.3459237240877382,
            -0.17899577191917979,
            1.125208412367215,
            0.5022791457940246,
            -0.05397026504101909,
            1.9662277882642916,
            0.8777469214612568,
            0.5688079871193341,
            0.6253793540413466,
            -0.27448463451481275,
            0.23968221664142875,
            -0.44756230603671937,
            1.146947981923066,
            0.5874488833204289,
            1.296535774377841,
            1.6556986271951493,
            -0.2851266835597483,
            0.5561246898083846,
            0.08234637694509196,
            0.42676554266175337,
            1.748711773085537,
            1.0661869323722708,
            0.3108592521835968,
            1.2186818427063242,
            0.8899955468706913,
            1.5030835773552027,
            -0.3563755764365134,
            -0.33898702786031437
        ],
        [
            1.1553152456913283,
            0.39931482933934936,
            -0.11783996852746986,
            -0.09036916947463758,
            0.08949742468809316,
            0.9177838898231366,
            2.336430260473193,
            0.9987603158234969,
            0.3145131545238472,
            0.48118994520956265,
            1.8795904761469064,
            1.0550520939116506,
            -0.0062932279886946775,
            0.33618478102918514,
            1.6440403846180776,
            0.5187603668768682,
            1.2283102547788654,
            0.21567582685241027,
            -0.6952191681600494,
            0.7396839938415104,
            0.9131396817247712,
            0.7952710803148196,
            -0.11105652404418354,
            -0.8614312085383905,
            0.4068598126191259,
            0.8922220418196274,
            0.45399379358911135,
            0.10150151738903297,
            1.1355681196935759,
            0.019803683817248032,
            1.391558186965351,
            -0.5649568967437205,
            0.7340503380827795,
            0.10101153403187205,
            0.6320402581014384,
            0.46845593993135615,
            0.3333520174179918,
            1.5826543867773313,
            1.8487283508517856,
            -0.13429579271106004,
            0.4985380099593111,
            0.6216808710075307,
            -0.44804384052282054,
            -0.453217442221166,
            -0.7113861719445923,
            -0.6828724520132394,
            -0.3877973173302396,
            0.6689668046570935,
            0.06693143573109119,
            0.789004253538395,
            2.126711567197169,
            0.04139357892416583,
            -0.27910312378015073,
            -0.5679902466808316,
            -0.4652360347903332,
            0.9444081175414403,
            1.0254434594907633,
            -0.038179380772540183,
            0.9551659006948935,
            -0.25934423336529216,
            0.450799805655921,
            0.7048601588654443,
            0.8305656964045687,
            -0.5812392055482292,
            0.310455851942763,
            -0.24914955930352073,
            0.35369362483243133,
            -0.08742993131351,
            0.7428268486621604,
            -0.44707441565956785,
            0.49994134563936277,
            -0.817552187209506,
            0.31968799055704344,
            -0.3187701116855134,
            1.2546937307829242,
            0.08230630721750974,
            0.04818803814957997,
            1.8971098352354727,
            0.9210525796475658,
            0.7723687694095738,
            -0.05180977425073681,
            -0.4609370520960491,
            0.29346984318396946,
            0.26311109829225193,
            0.8531494526503236,
            0.5321869512171093,
            1.5456370073158765,
            0.9589255316136871,
            -0.559127523820531,
            0.566039065440937,
            0.7394545966015356,
            -0.589214347708751,
            1.3200670948974909,
            1.104981157563303,
            0.4791822567885573,
            1.2037922096881912,
            -0.26777396908831047,
            1.4364542476130273,
            -0.09191436744364241,
            -0.11038504043346967
        ],
        [
            0.4230361927597014,
            -0.04747993731699649,
            -0.07036863594114076,
            -0.08039902124478401,
            -0.0992697994310352,
            0.2521657024815461,
            0.9987603158234969,
            0.6315988009899371,
            -0.04673613030387899,
            0.05523837328270601,
            1.0616911642587163,
            0.520791522182895,
            -0.1787793795992337,
            0.449228359312985,
            0.6261449473270212,
            0.1802027266939733,
            0.626751940331821,
            0.1623693666066238,
            -0.6678722234081285,
            0.7270857825365107,
            0.6059723637462955,
            0.433813137325725,
            -0.3188708402304781,
            -0.7274011224697471,
            0.069674160923103,
            0.5687004810251354,
            0.251132330755167,
            0.06964804927044636,
            0.8513335675545726,
            -0.16299888010774433,
            0.335387181207883,
            -0.3828175233708959,
            0.809864161024351,
            0.07267375568708188,
            0.6463666600924909,
            0.25727126975011555,
            0.14670223145075015,
            0.9049441031984853,
            0.9195941440159399,
            0.4884604163966117,
            0.6749163136732281,
            0.2941834005019607,
            0.3118888367302593,
            -0.5012330437820932,
            -0.6477666722362481,
            -0.43932639471863677,
            -0.26443833653682886,
            0.7744521738743205,
            0.05379643672607374,
            0.13810944845321846,
            1.0238087535028653,
            -0.1743156103351826,
            -0.2550686505508652,
            -0.4691468545492498,
            -0.1977827945634816,
            0.4972027441351169,
            0.284588909586883,
            0.024380413757611054,
            0.4784469453725647,
            -0.24958380310194084,
            0.5871047739219047,
            0.7362134238158146,
            0.24981859242028662,
            -0.47018166263220273,
            0.28154181160910124,
            -0.26793836152233425,
            0.10842628576404052,
            -0.1042690313106644,
            0.6604227130387726,
            -0.4115374733327686,
            0.17618113348594835,
            -0.5342165881944682,
            0.43564842073396454,
            0.08523947187731545,
            0.7430619921435412,
            -0.37304830897763375,
            0.19058225153603725,
            0.9348700168653287,
            0.5339464003564731,
            0.32771952655706255,
            -0.158848749030315,
            -0.41639798076368906,
            0.1646937056840151,
            0.046754582769583844,
            0.2509005947271493,
            0.410251312074831,
            0.8073151620786887,
            0.1685192220160164,
            -0.23478976103731242,
            0.274887853181296,
            0.3271161828765915,
            -0.38762599090449884,
            0.7829659815298959,
            0.3440142576720766,
            0.15873062938421634,
            0.4409978293081367,
            -0.4407712611849748,
            0.5708459716333779,
            -0.011574926138374641,
            -0.11138688600666438
        ],
        [
            0.24351728960322605,
            0.23798129269832435,
            0.35700770836858275,
            0.3810206927001968,
            0.32349390853626153,
            0.24884288733856366,
            0.3145131545238472,
            -0.04673613030387899,
            0.3414791690721967,
            0.17293097323604198,
            0.25269717102855294,
            0.011375902355626764,
            0.20169331502559104,
            0.01983720642916688,
            0.2115192585427734,
            0.21872762572235094,
            0.08735626591969486,
            -0.03803259776161288,
            0.10373606084683124,
            -0.3074957402371353,
            0.09227219118349002,
            -0.04711077323693507,
            0.44559106452306296,
            0.12457682695147865,
            -0.012439527715357867,
            -0.08622609108331876,
            0.005528867800542449,
            0.045755953528271914,
            -0.22294910208809512,
            0.20108604198188818,
            0.4925764546652393,
            0.0954052713756798,
            -0.21962721236564164,
            -0.06874865829776802,
            -0.4102068030255178,
            -0.05993076084478499,
            -0.01580625621155143,
            -0.05163601643782633,
            -0.04840682269481408,
            -0.4920879797015116,
            -0.5671716876580998,
            0.12740048262775766,
            -0.49138993548635646,
            0.024573482042010594,
            0.1319416924346772,
            -0.11699106510318469,
            0.0553675573325534,
            -0.03827826710911527,
            0.0051362998314051275,
            0.059210578555505634,
            0.307693856801617,
            0.10602680612489075,
            -0.02000816577515129,
            0.03364961521687904,
            -0.09751205059720336,
            0.40707392688923916,
            0.5081273768768123,
            -0.11762622247165361,
            0.21179117070340348,
            0.01092651128922683,
            -0.25225403321864565,
            -0.34535122078506575,
            0.44623160861660954,
            0.03659699736572645,
            -0.15749106165772364,
            0.10912467032799217,
            0.13587388265805941,
            -0.00019681641908942196,
            -0.10083406610984608,
            0.1842302838647548,
            0.22746043594032828,
            -0.1468958414349819,
            -0.14709325584470284,
            -0.16173156021783153,
            -0.056622463128429924,
            -0.020410112428005833,
            0.0021407217315105045,
            0.07817489392859239,
            -0.025299610181077077,
            0.0018652301574518895,
            0.18525076385849834,
            0.03396335847505206,
            -0.0038295552415103466,
            0.08548708822584103,
            0.13878271325459232,
            -0.1837078288807824,
            0.04286439030820013,
            0.12889095009146295,
            -0.19449268329019076,
            -0.055034551380611176,
            0.17111538158063244,
            -0.10445942635766448,
            -0.09625017733752644,
            0.5205009818809981,
            -0.11692985467057898,
            0.029679709158879145,
            0.48559173362755503,
            0.241046966945092,
            -0.039413932408772896,
            -0.06583898758849449
        ],
        [
            0.5735309842157382,
            0.7077590241630802,
            0.41855389269705445,
            0.39077052294329206,
            0.17580794729769236,
            0.8209254053036624,
            0.48118994520956265,
            0.05523837328270601,
            0.17293097323604198,
            0.43174469477574995,
            0.4032675686357934,
            0.39225729458532,
            0.5769415749075902,
            -0.2744958636106505,
            0.8189069376003485,
            0.48807999221223364,
            0.42859120309846244,
            0.026665049070108523,
            0.14260475741851458,
            0.12122556876044738,
            -0.21764777028188168,
            0.5654706283019165,
            0.5395027608373281,
            -0.008658989685026038,
            0.28015713508510326,
            0.3877746850037426,
            0.13609374415523406,
            -0.09897162537238056,
            0.4016733530942993,
            0.43013643272709745,
            0.8315761971241757,
            -0.2594765355042938,
            0.0010207566424150873,
            0.007388941728211833,
            -0.5183117552401928,
            0.11215101313724539,
            0.30494297692640243,
            0.6788242019052242,
            0.6354092175731346,
            -0.31347702237874897,
            0.3817350919989772,
            0.014421755440425982,
            -0.3308855521458113,
            0.12207146036732229,
            0.044655029473069055,
            -0.11071379214756596,
            0.17366470572511872,
            -0.5355582837467548,
            -0.04883690072251698,
            0.5653454601341971,
            0.8433380351460728,
            0.27178531599492906,
            0.027689077240582696,
            0.03326272227008408,
            -0.13448612202215626,
            0.038674274087318106,
            0.189889161865747,
            -0.07577524055657851,
            -0.13959349521772038,
            0.04554800755134767,
            -0.2600873817641612,
            0.07953918578882647,
            0.3214444534763004,
            0.02491285245966724,
            0.14356847141779103,
            -0.028210794587692423,
            -0.12572111326300472,
            -0.27462257732475825,
            -0.018649065367421887,
            0.17075434167347686,
            -0.04233278597306711,
            -0.10397206213773978,
            -0.2409278104659107,
            -0.20685837208817417,
            0.40929641337515044,
            0.5206926210307791,
            -0.1385361628801106,
            0.8019441883356898,
            0.3367284834891563,
            0.30162103795331907,
            0.3023981527963198,
            -0.01607607779098613,
            0.09670790169284839,
            -0.1174701955844244,
            0.5720073413078375,
            0.19521467091186448,
            0.5104874495503725,
            0.88548868134683,
            -0.10418136138651475,
            0.25740829649293695,
            0.05260430356000487,
            0.26981558551867707,
            0.7098278156810681,
            0.48371944284092233,
            0.20653939874535118,
            0.6203349793826598,
            0.45898666193727183,
            0.6692151497965293,
            -0.1559725439565699,
            -0.08710896766649885
        ],
        [
            1.171952537469473,
            0.5600945935423295,
            1.0433493736581214,
            0.9790751182794584,
            0.3557039742283796,
            1.1932891716067806,
            1.8795904761469064,
            1.0616911642587163,
            0.25269717102855294,
            0.4032675686357934,
            2.5192386397084743,
            1.1426543593838507,
            0.37465681391721084,
            1.0370568005550556,
            1.6181471016721556,
            1.0336897917822523,
            1.4654409725081554,
            0.32293429949041086,
            -1.2594740272502407,
            1.2783805552074572,
            1.061323875985769,
            1.2459264924109295,
            0.4199763107065197,
            -1.384035588389892,
            0.014827181122124994,
            1.2765534900224393,
            0.5412832193953957,
            0.09920826372179709,
            1.738251865452805,
            0.18915105519374997,
            1.354160111084907,
            -0.7856357079750345,
            1.6572824243609106,
            -0.0026753147112988417,
            0.37105828894602183,
            0.398339270552659,
            0.4167264638964473,
            2.078443504240725,
            1.7735302108157442,
            0.6449814653090408,
            1.1328290406877437,
            0.5520363283259883,
            0.3415519277307959,
            -1.1229199222979693,
            -1.224400142078652,
            -1.0775867477824448,
            -0.20887766186073498,
            1.3754068920806997,
            0.07271134644498314,
            0.25675540190425833,
            2.732684081476355,
            -0.22161663531690304,
            -0.6218199402369547,
            -0.9459015023755651,
            -0.4797403162529328,
            1.4212082516952502,
            0.8786197578417134,
            -0.2274939056498294,
            0.7630921279360877,
            -0.551528236617234,
            0.8051528229102249,
            1.23939292192326,
            1.1243438513519066,
            -0.9306894728926487,
            0.6549474229321892,
            -0.5091587395979649,
            0.10320540556703811,
            -0.5720984051992151,
            1.2822231439686576,
            -0.45516711556750966,
            0.40884819035280046,
            -1.3354444886735992,
            0.5964461411453802,
            0.19993247216621035,
            1.5846902245252317,
            -1.0568004348147695,
            0.5276324864255083,
            2.2279264379771337,
            1.168520601516842,
            0.5574614268217151,
            0.16194397321659715,
            -0.922263031679973,
            0.34086342769946143,
            -0.18607929920083013,
            0.7627291626325876,
            0.7446399388805305,
            1.769951094323066,
            0.623086803373534,
            -0.6814751230655858,
            0.4960752351417974,
            0.6428110115561131,
            -0.6513315497855464,
            1.8344062998544246,
            1.4191217278969637,
            0.009387944752570728,
            0.8801725135577212,
            0.11562654716157234,
            1.5712605635980283,
            -0.19046151664046163,
            -0.5134643779129608
        ],
        [
            0.6543220651758275,
            0.5722682925219159,
            0.30763820267768294,
            0.24947946310533703,
            0.11795555082151817,
            0.9736432794136773,
            1.0550520939116506,
            0.520791522182895,
            0.011375902355626764,
            0.39225729458532,
            1.1426543593838507,
            0.9781843101508102,
            0.38039995396864046,
            0.2541069035083792,
            1.3237464481262913,
            0.7216783139769781,
            0.9610966204491844,
            0.25303962639632144,
            -0.402253929584117,
            0.5613003253211396,
            0.3115581446347502,
            1.1352201145407845,
            0.24117883849797117,
            -0.5383983717144619,
            0.24966715211670487,
            0.8434747325068166,
            0.3624408936476989,
            -0.07303787595042792,
            0.9687934222228798,
            0.11497005978436736,
            0.924418444568198,
            -0.43172385167813376,
            0.5920352621956194,
            0.0004826723493925137,
            0.44000123325681834,
            0.3667760504672866,
            0.33366819233145406,
            1.4496468516737195,
            1.4771031354242137,
            -0.02186309079191186,
            0.6431834006466852,
            0.15870099820753567,
            -0.24236736430588524,
            -0.29991532957390066,
            -0.4958368756205035,
            -0.2793186503861567,
            -0.08494711788229832,
            0.1094566178536992,
            -0.0008349471396795669,
            0.5968093900624146,
            1.7271572070887982,
            0.025628548799869217,
            -0.21367928207877906,
            -0.37586524774452496,
            -0.23934232410433862,
            0.16890824211969752,
            0.1039402576628834,
            -0.21107863846712532,
            0.009042461159618941,
            -0.21031105380322176,
            0.10939733691008609,
            0.5407597942443318,
            0.5164821886710141,
            -0.3662022573678916,
            0.7895386740173532,
            -0.2489997029531455,
            0.028014624479447515,
            -0.29141878389335385,
            0.40815845472261075,
            -0.2645662265423973,
            0.05037711649953708,
            -0.4160300190973776,
            -0.09961126385022379,
            -0.04324025604061029,
            1.098649536828588,
            -0.12108141499746816,
            0.10409547650250497,
            1.7193879328047537,
            0.7572541268762389,
            0.4342529560109991,
            0.1247116745281351,
            -0.33057261051987163,
            0.20393120126945777,
            -0.27010752941335847,
            0.6991393202236197,
            0.5764962535822304,
            1.2572862854024134,
            0.8344196104084264,
            -0.32089504259629675,
            0.46323566405939415,
            0.18371715273720035,
            -0.1889699587040709,
            1.1769037193810488,
            0.6256516213513195,
            0.3727853223990663,
            0.920039991529584,
            -0.0357458951875267,
            1.1645419315047387,
            -0.1897102166242524,
            -0.20024839548034148
        ],
        [
            0.663616827373155,
            1.1583882310492604,
            1.1759542287835247,
            1.0903890962575855,
            0.3815258683717175,
            1.2369967653269962,
            -0.0062932279886946775,
            -0.1787793795992337,
            0.20169331502559104,
            0.5769415749075902,
            0.37465681391721084,
            0.38039995396864046,
