{
    "pos": [
        [
            2.721066982872468,
            0.8322143185519452,
            0.6448033992116619,
            0.5270343570886971,
            1.3761538072402002,
            -0.5529706669758337,
            0.7852632473010752,
            1.3005785960612357,
            1.3704701752047945,
            1.4692037095014014,
            0.42391341584751346,
            1.461407282229415,
            -0.4887477345995612,
            2.1453095912831057,
            0.11148527514998495,
            0.2343508794325948,
            0.9121739197910312,
            1.1085847158532596,
            -0.4165183717262507,
            0.5275750930795268,
            2.026081234139746,
            -1.142433296213624,
            0.007719284815615585,
            -1.2138398738138056,
            0.7125416341032239,
            3.000471329934823,
            2.1375883563124134,
            -0.12559454166852613,
            0.1311143978178089,
            0.15608893079965958,
            2.604246750248423,
            -0.9141982934395689,
            2.5649685723864075,
            0.9279358875816075,
            0.5028821708104669,
            1.549650697891746,
            2.0719606755582363,
            0.7968142634541793,
            0.13450304949342626,
            0.6051283133778247,
            -1.1339501317824854,
            -0.021252482377577986,
            0.403072509028572,
            -0.25373177419364495,
            -1.0223034014374988,
            -0.5530134828149875,
            0.7981331728441059,
            1.6046147223814673,
            0.03280881241686183,
            0.7705973029782782,
            1.0978560676379623,
            0.7315815023236618,
            -0.5883563939836812,
            -0.6495504961579638,
            -0.31489587586239454,
            0.8107329779035791,
            2.33472721442027,
            0.12660405415670592,
            0.7028902421190638,
            -0.7315079434599339,
            1.6190267096252733,
            0.3002479636253275,
            1.165314275699734,
            -0.602136623861883,
            -1.0895489028641794,
            -0.38674953274127977,
            -0.3802665215731641,
            -0.8109686411032831,
            1.9340074685943254,
            2.117930500831612,
            0.15962615889213233,
            -0.47093593184144344,
            0.5686871951221546,
            1.3083044641119148,
            1.2401192831170622,
            1.9732187157581107,
            0.3470404999342256,
            -0.2851336589781185,
            2.462970297175657,
            0.9335535555037429,
            0.5052925606632243,
            -1.1621197397684495,
            2.9083483712044185,
            -0.9148684979931763,
            0.16608467638385488,
            2.0410458051266076,
            -0.2503784689626292,
            -0.2432660309862234,
            -0.6455766558197213,
            0.5758890032680694,
            -0.006582281259779362,
            0.8006036682395046,
            0.09125190325567709,
            -0.1289763003247318,
            1.2947965703159108,
            0.35418066764573874,
            0.24925391419973228,
            0.48060013337328167,
            -0.5613343282635154,
            -0.3937141962801639
        ],
        [
            0.8322143185519452,
            0.4333834945973427,
            0.31751787597750775,
            0.32354660616500963,
            0.40071248786201985,
            0.14799330927749357,
            -0.07316865390192144,
            0.29648961730338064,
            0.5046129404250174,
            0.6681873902049843,
            0.08931346600149512,
            0.4936539740720335,
            0.3280387434411828,
            0.546873772039427,
            0.3299384538739768,
            0.17177654515413357,
            0.24159667541499205,
            0.5209203308267071,
            -0.043448597301840655,
            0.15949932837658265,
            0.5642107942608943,
            0.14843687362887267,
            0.2629859624987419,
            -0.34569196348903874,
            0.2511596673460707,
            1.203877333006606,
            0.7749637211633812,
            -0.14203347551981868,
            0.027339727481684308,
            0.44124865359952054,
            0.823449017329942,
            -0.4170580578689769,
            0.9596904174028412,
            0.23552724564386993,
            -0.22465394417687118,
            0.6289516554126297,
            0.870124028216192,
            0.6530090921371576,
            -0.024847174033460505,
            -0.061309749191662245,
            0.11030669310041766,
            -0.16636007358684166,
            -0.045930994871919976,
            -0.011275259487012763,
            -0.248373139392835,
            -0.2188536419422397,
            0.5025664205978029,
            0.3137121824252576,
            -0.011731272958582152,
            0.3734569690112675,
            0.23142098501452146,
            0.4523802007995616,
            -0.08382063387022415,
            -0.10395162318385578,
            -0.12836907099636888,
            0.15336359711303815,
            0.7603357197550775,
            -0.030441092155271295,
            -0.05250297119796746,
            -0.08077289932322305,
            0.46198007175834865,
            0.36523870538588693,
            0.1028190652324194,
            -0.10298999674176659,
            -0.15271637718247347,
            -0.19150572718963849,
            -0.4337314403318196,
            -0.42045356324900784,
            0.5541789819294043,
            0.859306670983451,
            -0.12859975250201872,
            -0.19491159354094648,
            0.01756834285305,
            0.48708232989169087,
            0.36649265573983203,
            0.811596403158795,
            -0.01518898669470571,
            0.34995031206451715,
            0.7166922447525073,
            0.2877249708035849,
            0.5479328077653491,
            -0.28138468102529285,
            1.0658735199600915,
            -0.30585463061770257,
            0.31371262510265024,
            0.7276293716293446,
            -0.1128559589590351,
            0.08492137538025599,
            -0.1183612494011977,
            0.2688314833998251,
            -0.19744199237507384,
            0.3267405206072575,
            0.18291964204541283,
            -0.3082828401760955,
            0.44570803666593833,
            0.2980072629850286,
            0.3074907495680595,
            0.3041154195112379,
            -0.18400948152437496,
            -0.09784203226016402
        ],
        [
            0.6448033992116619,
            0.31751787597750775,
            0.293615044489759,
            0.3117470305153007,
            0.36865470302459896,
            0.19327071988486666,
            0.09781800750994907,
            0.23261469830705397,
            0.324802528809954,
            0.5130903808152553,
            0.2509882138624474,
            0.32841888053858137,
            0.3346820952158219,
            0.32471518488222617,
            0.47579992685633504,
            0.16564103307301817,
            0.15185347574886662,
            0.4275998011785376,
            -0.16049584397668806,
            0.17392396950366892,
            0.3226871709573487,
            0.23540960603262295,
            0.3343936312994182,
            -0.364452266320221,
            0.15817010710752025,
            0.8620791556573771,
            0.5113820661142913,
            -0.0989310271592912,
            0.017794094010123693,
            0.4038288807790144,
            0.5112023701239842,
            -0.3607193919980971,
            0.733099151264665,
            0.135213184436114,
            -0.12371437020001007,
            0.4978299037951146,
            0.7344966049600637,
            0.636872365394785,
            0.03738963336184884,
            -0.1029783273212666,
            0.17545891623751153,
            -0.09062193454609016,
            -0.0192801945957128,
            -0.024976540204273506,
            -0.303241788358999,
            -0.11435722297653426,
            0.3370860094130528,
            0.17602843082673092,
            -0.03365557945593008,
            0.2864246664681152,
            0.12934747460876617,
            0.3539997726084881,
            -0.17894588923955237,
            -0.1478890190269912,
            -0.09675402950262331,
            -0.00652585972775634,
            0.5998823377964833,
            -0.022666786026253313,
            0.01411673583873476,
            -0.17380327089401468,
            0.30582723422796987,
            0.06659394397913385,
            0.15842130047517833,
            -0.1358261264171541,
            0.10631077908457431,
            -0.18498674591884812,
            -0.30636869999905025,
            -0.4508961377388876,
            0.3261374683598661,
            0.6373152737297487,
            -0.0322137323633885,
            -0.15446757621864735,
            0.029334039730782163,
            0.31128204538636406,
            0.19663448722477117,
            0.5908846009029005,
            -0.14565108175384553,
            0.4932370233161851,
            0.531840506935143,
            0.30169589343395775,
            0.4567682095485542,
            -0.36386018003322096,
            0.725122902093339,
            -0.384419198984699,
            0.24458826462970498,
            0.6027391678342433,
            0.048420696406276165,
            0.07602581551249209,
            -0.11455835133251664,
            0.20928075926629008,
            -0.10967809515231329,
            0.23542049788512057,
            0.10556073958396846,
            -0.2490602202796668,
            0.35134253272359195,
            0.31263946484307015,
            0.32499171659815823,
            0.12636723234444103,
            -0.168527885315308,
            -0.13583206892426622
        ],
        [
            0.5270343570886971,
            0.32354660616500963,
            0.3117470305153007,
            0.36740047259579156,
            0.33457898913562956,
            0.39824127958411126,
            0.10061875890907497,
            0.12190108673359948,
            0.29389607518997163,
            0.53350927463026,
            0.3859931969628536,
            0.2489053091732672,
            0.5225396423449061,
            0.15951742880281297,
            0.7337148762922485,
            0.1363227015934148,
            0.08934264476190228,
            0.4380128589199561,
            -0.15524220490367255,
            0.21171269696871864,
            0.16407460162352605,
            0.5678153516991684,
            0.35223055384761,
            -0.3777061776946071,
            0.12900828925674987,
            0.7486983096587034,
            0.4114442039149371,
            -0.11920266944403726,
            0.0051083917791755916,
            0.6204503280644793,
            0.3855221258711431,
            -0.40234216538431156,
            0.6906639500343025,
            0.0360975394958044,
            -0.26191597477219253,
            0.4783989793841091,
            0.699884095104328,
            0.8473331983647676,
            0.043190102894184276,
            -0.2242929258499856,
            0.48922110718139067,
            -0.11184605519999583,
            -0.10883736361202712,
            -0.014988541980189085,
            -0.28178151279254265,
            -0.21069211326449505,
            0.3236646744084953,
            0.032457294993092856,
            -0.04720616436932931,
            0.30580595541281913,
            0.05825552863857891,
            0.40398951836793046,
            -0.1542982726313189,
            -0.13268947619317906,
            -0.11744453531865318,
            -0.1156906817521283,
            0.5896100078364602,
            -0.047494982886293946,
            -0.02415703305780109,
            -0.13444574083292768,
            0.21967083966761247,
            0.11037085087788873,
            0.1009224799152708,
            -0.12745077227284765,
            0.23385790090338288,
            -0.2307632430162359,
            -0.35158677948153594,
            -0.49998448564574804,
            0.19396824218686032,
            0.5776681101787372,
            -0.07016713564284453,
            -0.20570164279236566,
            -0.011987505648485653,
            0.21990618457878142,
            0.0950683439901908,
            0.5444865097988247,
            -0.24919435289423922,
            0.8113952088780828,
            0.3449389789350299,
            0.2833898116294151,
            0.5776357919298757,
            -0.36000501629931986,
            0.6044118288293934,
            -0.32358501341817203,
            0.3758629954991646,
            0.5095602301919125,
            0.14560337349504007,
            0.13277062444384022,
            -0.1262362084499737,
            0.224741709256593,
            -0.12696207072927507,
            0.19694284611546087,
            0.11184203438738814,
            -0.23775521824734988,
            0.24965821850491615,
            0.40781987000197717,
            0.3755662352321232,
            0.1399180778179001,
            -0.14267042193630264,
            -0.11669050685165482
        ],
        [
            1.3761538072402002,
            0.40071248786201985,
            0.36865470302459896,
            0.33457898913562956,
            0.8918008164462246,
            -0.045129141067618866,
            0.5650738919220418,
            0.566074975433715,
            0.6309104233620012,
            0.8488741955408137,
            0.5906264832772335,
            0.7464229763826021,
            -0.15995087285421658,
            1.0790375984777274,
            0.6767865276620774,
            -0.004703643461388091,
            0.4364549270369429,
            0.7358798725310797,
            -0.2986766731443908,
            0.38783126680097085,
            0.8426212552381438,
            -0.048585330703637145,
            -0.2640596900134096,
            -0.8361844775805392,
            0.34721728159140824,
            1.373874901017815,
            1.0168402704958228,
            -0.109205269878202,
            0.038382431684594515,
            0.35392224518749726,
            1.2270031434319224,
            -0.5701266007693889,
            1.4244416693561817,
            0.2931780543759565,
            0.540526787909333,
            0.887561399434113,
            1.0681027855134761,
            0.8783668795217366,
            0.21547615287211502,
            0.228664945746565,
            -0.2952317145446767,
            -0.10832751534477814,
            0.05208394008009794,
            -0.12843778563474054,
            -0.6955845064999768,
            -0.39153226647921713,
            0.232000583824074,
            0.7181338334143166,
            -0.0329369776676185,
            0.4353747392166205,
            0.5585038898953408,
            0.39815862948650776,
            -0.4672288514659769,
            -0.5207936510842616,
            -0.15833670604565275,
            -0.16804361435502077,
            1.3160426992987138,
            -0.021459160458312407,
            0.2634317675419574,
            -0.6015352489727641,
            0.8077836933495738,
            -0.11245882453658834,
            0.7680660758486393,
            -0.48219905179324424,
            -0.08060998401603761,
            -0.37712473149024484,
            -0.11178283767117203,
            -0.5906141758146292,
            0.7672805485688059,
            1.0526918029367172,
            -0.015232923394872587,
            -0.24229950537933453,
            0.18313343429673767,
            0.521861756909989,
            0.5296649303243826,
            0.9128636513886866,
            0.003559108262004745,
            0.5163539937292159,
            1.0760383060206244,
            0.5272395318964029,
            0.32218679803545713,
            -0.8942374467440921,
            1.4154612649240708,
            -0.6858149320074677,
            0.24590100880391957,
            1.0695737116319863,
            0.24368529054263674,
            -0.21599767390862992,
            -0.5626404022310096,
            0.3554313366848236,
            -0.09484398747265874,
            0.3844571792048833,
            -0.26656390231753674,
            -0.07691384332295469,
            0.5493921667565863,
            0.3321417563417727,
            -0.03879036134071498,
            0.09994652188707943,
            -0.3440929441073971,
            -0.2605021584283305
        ],
        [
            -0.5529706669758337,
            0.14799330927749357,
            0.19327071988486666,
            0.39824127958411126,
            -0.045129141067618866,
            1.2839402555594226,
            -0.20605186465178546,
            -0.6400600859105291,
            -0.14100797290328768,
            0.31550562189494835,
            0.7394710849305334,
            -0.30214573814596096,
            1.2602524384590352,
            -0.8136028977063726,
            1.7435213951531705,
            -0.11703247450941134,
            -0.32738683662907647,
            0.3166281505843207,
            0.05034322488482526,
            0.2103685899949583,
            -0.8759959144286031,
            2.2008629023502158,
            0.10739877114931651,
            -0.14987217111741177,
            -0.11597303614793131,
            -0.37825838133560796,
            -0.3914134094733046,
            -0.2107951592239008,
            -0.08818857404273145,
            1.4039649944854968,
            -0.6240426119895578,
            -0.3369515486926534,
            0.010488880496871524,
            -0.5971072848154194,
            -0.6695022184787198,
            0.1013611221419259,
            0.03569548919860579,
            1.534730288217747,
            0.07024026088890402,
            -0.7818156340264758,
            1.8827552835891828,
            -0.3195638531664121,
            -0.6406456843267189,
            0.11545428780236544,
            0.042053876581234204,
            -0.4646701860856232,
            0.03446626265741818,
            -0.8518862155391386,
            -0.11392974046521583,
            0.21198455340534542,
            -0.4120363638519067,
            0.40230818250536315,
            0.0729095556987853,
            0.021704095656612885,
            -0.09163975762050411,
            -1.009903482895952,
            0.01258453591088506,
            -0.23714928358475326,
            -0.5202833365794165,
            0.12894993955917716,
            -0.4302676195632585,
            0.20148951721941022,
            -0.37180410883265463,
            -0.006724985223915599,
            1.0878660623732357,
            -0.3726734038336097,
            -0.4016410398400089,
            -0.46531966445877093,
            -0.7817311525233275,
            -0.11469239006950245,
            -0.4048284651650107,
            -0.2177975407237406,
            -0.4221349144588164,
            -0.41911721657389567,
            -0.5192682371992112,
            -0.11912497276270705,
            -0.6571130555387472,
            2.1569559182780242,
            -0.9685382550799644,
            -0.061568770666888706,
            0.8686812563972541,
            -0.11150103522482678,
            -0.43911954648832074,
            0.04950986175867144,
            0.8682581338867282,
            -0.2955185488425926,
            0.6339482664722785,
            0.3012133666552022,
            -0.1275832705700167,
            0.17650812586600287,
            -0.33726003287373313,
            -0.11007438892769353,
            -0.08396853001292855,
            -0.2371281860087825,
            -0.4646779129956074,
            0.6475731324886205,
            0.2696485886590694,
            0.06679471188194923,
            0.056905157467777946,
            0.059232605652636675
        ],
        [
            0.7852632473010752,
            -0.07316865390192144,
            0.09781800750994907,
            0.10061875890907497,
            0.5650738919220418,
            -0.20605186465178546,
            1.356799340007862,
            0.4385709417457398,
            0.24283923793206835,
            0.16528952087447918,
            0.9922569107378154,
            0.16355840450126058,
            -0.646237055466644,
            0.49522279708040495,
            0.4352739190714596,
            -0.22420159415233845,
            0.23432651377489086,
            0.05360910157170615,
            -0.5075926279121007,
            0.44463499214962304,
            0.3586457154481746,
            -0.46136377355297387,
            -0.4196309890322032,
            -0.7457334875668874,
            0.08972279067247008,
            0.12755058644617354,
            0.18129345712660583,
            0.15754309628259128,
            0.046475024980144095,
            -0.048726328418588975,
            0.5207295332733405,
            -0.25757778119218305,
            0.519132333139113,
            0.14109718301097177,
            0.6194307821447078,
            0.21487353750286697,
            0.25061216137373343,
            0.1966483006151001,
            0.2834532589100974,
            0.3902123605771365,
            -0.38188405178075807,
            0.4016579011760064,
            0.31825187900513124,
            -0.2763278592105867,
            -0.6296926642422603,
            -0.4787114435427219,
            -0.38364530363345467,
            0.576606343492747,
            0.0053715314293838,
            0.06531647611798216,
            0.4464614454052385,
            -0.052984513258217014,
            -0.49836059277276645,
            -0.513670451064491,
            -0.15590719647093773,
            0.2136648635972508,
            0.9267623465402729,
            0.16659471404762213,
            0.9862714114178419,
            -0.6079129867592795,
            0.4373175348596613,
            -0.5407556530485296,
            1.0246446702612697,
            -0.4776887196304692,
            -0.3699502732073483,
            -0.17353491301352897,
            0.48845649735020746,
            -0.20941352246835976,
            0.4041333269334775,
            0.15173007749584308,
            0.49022835364195,
            -0.3228546279323701,
            0.566695037762681,
            -0.041455693847263525,
            0.11952472412529738,
            0.16248272274320108,
            -0.04684304243107,
            0.11675263947522636,
            0.47669337692080554,
            0.42458447527963117,
            -0.2780874822105218,
            -0.7991524035015823,
            0.29465444325419204,
            -0.1729082904020667,
            -0.09639714925235117,
            0.3095891692786177,
            0.4388649642477216,
            -0.2599600197704733,
            -0.532868629979059,
            0.07529317842881741,
            0.5276233080251816,
            -0.022889513577281934,
            -0.29247779555371584,
            0.7220470535527568,
            0.06859354287697389,
            0.11497832517514305,
            -0.14881866129721807,
            -0.20179949067695815,
            -0.1280077011055156,
            -0.20666953611509098
        ],
        [
            1.3005785960612357,
            0.29648961730338064,
            0.23261469830705397,
            0.12190108673359948,
            0.566074975433715,
            -0.6400600859105291,
            0.4385709417457398,
            0.7683975258801489,
            0.5826831346054739,
            0.47886267593322673,
            -0.04491781263498201,
            0.6600359416538901,
            -0.5506972251783877,
            1.069620246845299,
            -0.5253725465452271,
            0.20249414305418656,
            0.46088020970348487,
            0.32970391604225335,
            -0.25322686300803227,
            0.14980308200171907,
            1.084334975098953,
            -1.2279149374432266,
            0.16265248705276925,
            -0.455910370758452,
            0.3092665506643425,
            1.3644163086519998,
            0.9663420027981792,
            0.03316022560494376,
            0.08775973714060312,
            -0.40817055906657274,
            1.2074172404129169,
            -0.27002869103555577,
            1.016327601032554,
            0.5909862633252692,
            0.3585865260320462,
            0.590842809881122,
            0.8948473623654595,
            -0.19302006159726404,
            0.027840770218220418,
            0.47147986729735714,
            -1.0719815704554627,
            0.14404688929564832,
            0.42324426089948775,
            -0.15033116729682872,
            -0.46197007514794963,
            -0.0013013810603326346,
            0.3436108027964755,
            0.905529209592068,
            0.04545047763018581,
            0.23974669666500745,
            0.5413242257174404,
            0.1766474641539777,
            -0.296977567788857,
            -0.26299977851837086,
            -0.0991545648140682,
            0.7337903835684203,
            0.9261760028386874,
            0.1515310340089039,
            0.5115945544996724,
            -0.35109507604004986,
            0.7686466968872667,
            -0.013644113426150692,
            0.5928194874905025,
            -0.2306111427763714,
            -0.7612868398211289,
            -0.015181108214612247,
            -0.04494379828168831,
            -0.23314558214273284,
            1.0333448998814736,
            0.9054340257012128,
            0.267208440860454,
            -0.12576593998088634,
            0.4052833487338594,
            0.6722820578490896,
            0.6423197668576075,
            0.8593582830268431,
            0.30022367642145753,
            -0.8260799437053319,
            1.3615539290852463,
            0.4479046653491245,
            -0.049209891482816015,
            -0.45730861016326774,
            1.2908530496973185,
            -0.44162372604975464,
            -0.24825764401908323,
            0.9619219541953886,
            -0.3196045122196046,
            -0.1543342472448965,
            -0.16613312065640395,
            0.16617098350288412,
            0.15559040889937184,
            0.3631629629862767,
            0.13896967154330356,
            0.0030677342160300037,
            0.7244272672965066,
            -0.038901032037442884,
            0.14244448839084492,
            0.14385337869559645,
            -0.25251146611218156,
            -0.20776056641739216
        ],
        [
            1.3704701752047945,
            0.5046129404250174,
            0.324802528809954,
            0.29389607518997163,
            0.6309104233620012,
            -0.14100797290328768,
            0.24283923793206835,
            0.5826831346054739,
            0.8260393520649011,
            0.8543529797576505,
            0.16846534220215356,
            0.7772678362860898,
            -0.11938715583697267,
            1.099651789548891,
            0.08526067919203176,
            0.05910668050344319,
            0.47385846092352585,
            0.586861620600665,
            -0.056828602395385376,
            0.27912299389587253,
            1.084828402881259,
            -0.3806901121237469,
            -0.1088656006575429,
            -0.5595711979137702,
            0.40913038156972237,
            1.637252870851771,
            1.1841916735357938,
            -0.1073694556770592,
            0.06387672766304968,
            0.29555547520212494,
            1.4669265159484102,
            -0.5189147104762822,
            1.3881856218309616,
            0.4626049325684636,
            -0.020964979749599575,
            0.8207891249623334,
            1.0397387583149733,
            0.5337661715743253,
            -0.005514386052434044,
            0.24762495781592483,
            -0.3283146280136856,
            -0.07452427648519233,
            0.09680769416580787,
            -0.11111622825942202,
            -0.3846917126795847,
            -0.5218421313734292,
            0.5167763375659145,
            0.7985450518512653,
            0.037136762909820244,
            0.46291346121667537,
            0.5841973209537268,
            0.4793479221981386,
            -0.1298917785872001,
            -0.2368633573581619,
            -0.21511014028117403,
            0.5401830768114312,
            1.284060377355448,
            0.04714641788046198,
            0.2951121558705401,
            -0.18522581389878046,
            0.8603854240941813,
            0.5472065986488069,
            0.4589008132736643,
            -0.23668756329253854,
            -0.7872102586058833,
            -0.21714169704387865,
            -0.3256187362717483,
            -0.34655800467144193,
            1.0627861110578596,
            1.1479079907717278,
            -0.03468564966784618,
            -0.34315332110274616,
            0.2611962664731832,
            0.705918822679251,
            0.6763659447834894,
            1.1079923424442755,
            0.23779115084647692,
            -0.060601387169312265,
            1.1697693933149513,
            0.3952447449456147,
            0.4123180105662851,
            -0.42924561410190337,
            1.6037757658649434,
            -0.20347843469271565,
            0.2662449503888264,
            0.9602551985943784,
            -0.21692973405216975,
            -0.05607959262575646,
            -0.32766377803571284,
            0.3395016339315164,
            -0.06578888344889765,
            0.41962478719232676,
            0.14721067686997785,
            -0.02980472588969891,
            0.5852704115278508,
            0.21740341031885163,
            0.12423433419793445,
            0.4515667540434387,
            -0.23753802082809186,
            -0.10949585207948885
        ],
        [
            1.4692037095014014,
            0.6681873902049843,
            0.5130903808152553,
            0.53350927463026,
            0.8488741955408137,
            0.31550562189494835,
            0.16528952087447918,
            0.47886267593322673,
            0.8543529797576505,
            1.1750264275292854,
            0.4903436852992985,
            0.8604136484365252,
            0.38927075163909586,
            1.0380195792717275,
            0.9153073340949027,
            0.09719529156005621,
            0.4378866011343262,
            0.9473584137325672,
            -0.13170077282703904,
            0.3970244011863127,
            0.914042860942537,
            0.4621667684403236,
            0.004069293263781435,
            -0.7900528780184454,
            0.43464987096020624,
            1.8672035929743203,
            1.2813971864574158,
            -0.2370434404033965,
            0.033396224679107814,
            0.8575150682723532,
            1.4409882783421342,
            -0.764550340482184,
            1.7266145469179621,
            0.2995488255320503,
            -0.054697471226512945,
            1.106196443655068,
            1.384001956008172,
            1.3370807231994044,
            0.08543789947214477,
            -0.03319648766998498,
            0.24994484762263644,
            -0.2880638593024805,
            -0.14302220192494888,
            -0.06121544697466824,
            -0.5635756737860999,
            -0.5874565623857523,
            0.6229652197788369,
            0.5933058667739922,
            -0.03497096359018043,
            0.6413798236753615,
            0.5007737977083873,
            0.7235235928572474,
            -0.2666916617473853,
            -0.3609014574816049,
            -0.23816469414642866,
            -0.05798757499457163,
            1.4881822037786903,
            -0.08148456577151132,
            0.003325277475269702,
            -0.33449689486573075,
            0.8519188038469349,
            0.44996135882101584,
            0.4436449391238778,
            -0.35088088199470097,
            -0.14372708815559587,
            -0.4497602976566783,
            -0.5469024147169755,
            -0.7394116432084291,
            0.8773618907183209,
            1.3927563284220907,
            -0.2354055543882729,
            -0.37870867685562365,
            0.04976566674789862,
            0.7025846036031419,
            0.597392843279584,
            1.2774063201182086,
            -0.055841180886732594,
            0.9129424958170571,
            1.1067997926667155,
            0.5150192958348762,
            0.8356533086637621,
            -0.7207873168123062,
            1.7793960551844503,
            -0.5574137762884164,
            0.6065828283199197,
            1.2002280321775924,
            0.08845597282169856,
            0.001529177827850929,
            -0.46261228236571583,
            0.4893057032870643,
            -0.3099172875436045,
            0.5072211181206602,
            0.01633103354556263,
            -0.33261360448072924,
            0.623036057624756,
            0.5465204269277403,
            0.2520787926296127,
            0.42276862440809976,
            -0.339026085311426,
            -0.19120486627468242
        ],
        [
            0.42391341584751346,
            0.08931346600149512,
            0.2509882138624474,
            0.3859931969628536,
            0.5906264832772335,
            0.7394710849305334,
            0.9922569107378154,
            -0.04491781263498201,
            0.16846534220215356,
            0.4903436852992985,
            1.4125523359946515,
            0.0529270950377973,
            0.30907664104017396,
            0.030102770699789196,
            1.7482764302748066,
            -0.311070447233758,
            0.026389079172829694,
            0.41687461128507136,
            -0.39082989829551257,
            0.5600348467856736,
            -0.22322770265248676,
            1.2562829847502264,
            -0.4501730490967569,
            -0.8419064208930451,
            0.04583969714398891,
            -0.0040445617487321495,
            0.02296556291095178,
            -0.05580320147864344,
            -0.028170647790483616,
            1.0115137963596288,
            0.15711934020257745,
            -0.5227703953260817,
            0.6521127677504998,
            -0.3020021706665109,
            0.23490469423618499,
            0.3917386058449836,
            0.3459881139823269,
            1.4235817365545085,
            0.3385821295889058,
            -0.19158254184518136,
            0.9699339860423957,
            0.024482013826731583,
            -0.2379846809159365,
            -0.14579993541484826,
            -0.5895999401550315,
            -0.7746685084171564,
            -0.29930277696918983,
            -0.034302580177947004,
            -0.08865831710032697,
            0.26467975481755607,
            0.16584326212664469,
            0.281165914175483,
            -0.43579503052244467,
            -0.5120753029083001,
            -0.19614111414078017,
            -0.7403742870727322,
            0.9401777442903253,
            -0.06973917551971807,
            0.38208240630726586,
            -0.5310178358153749,
            0.17521196236526515,
            -0.3519027623342663,
            0.6958477258687911,
            -0.49439384202796205,
            0.5568844257177215,
            -0.4920982336176092,
            0.12515942166349991,
            -0.5786615375540894,
            -0.15728142470777284,
            0.18389648526229757,
            0.04118681669479789,
            -0.41234048598114587,
            0.12612832895945342,
            -0.2714513817006482,
            -0.18667305627284514,
            0.1409956415334964,
            -0.4908672099520109,
            1.7685844899368215,
            -0.18386974692395736,
            0.3518754296444537,
            0.4070434293562209,
            -0.8907294074074283,
            0.1394742347763611,
            -0.2528499438129998,
            0.5871954978323822,
            0.1958067820724189,
            0.8970790008036746,
            -0.08094012358581035,
            -0.6611472932828342,
            0.2465385881146882,
            0.11049838889804289,
            -0.038657885823588395,
            -0.44663893873873256,
            0.37607778680913956,
            -0.22005998836513113,
            0.5883059478063973,
            -0.051931903422207375,
            -0.12991351563336465,
            -0.127317924343128,
            -0.16325108820125622
        ],
        [
            1.461407282229415,
            0.4936539740720335,
            0.32841888053858137,
            0.2489053091732672,
            0.7464229763826021,
            -0.30214573814596096,
            0.16355840450126058,
            0.6600359416538901,
            0.7772678362860898,
            0.8604136484365252,
            0.0529270950377973,
            0.8831276895352147,
            -0.2521973288529236,
            1.275212719258409,
            0.015826569599232315,
            0.10006309154480608,
            0.5194031749976019,
            0.686589907972081,
            -0.09035604865241878,
            0.22759172947930564,
            1.1581225172002398,
            -0.5323706707659883,
            -0.15803347141761687,
            -0.5868249957381704,
            0.4257361028863333,
            1.726215946977394,
            1.2691384529171588,
            -0.12374932099627255,
            0.06077859926217506,
            0.10522210540493755,
            1.503211071420436,
            -0.48543811811834514,
            1.46222122387584,
            0.4955763078027182,
            0.31977820325851936,
            0.8981475761592291,
            1.1172594105161255,
            0.47064767306341093,
            0.04898962168592186,
            0.3266718424768942,
            -0.6294756984842933,
            -0.1532808764718645,
            0.12017763525356116,
            -0.08681165267041997,
            -0.47729870508461736,
            -0.2965566278658795,
            0.49170811665633346,
            0.876241518194844,
            0.01874466790113273,
            0.4479124841743752,
            0.6160770801453772,
            0.42284157197218886,
            -0.24599019483670245,
            -0.3232361176862399,
            -0.14767258393904775,
            0.29156157127249005,
            1.2334159755695562,
            0.010276005670328093,
            0.1532861689667661,
            -0.3450568711839391,
            0.9168412508406985,
            0.3023442505300722,
            0.5269550043714915,
            -0.3022947466258418,
            -0.5602942959567473,
            -0.23193472511188748,
            -0.2756663842132709,
            -0.39644853315843076,
            1.0656708525529917,
            1.222591854431587,
            -0.08219266361017158,
            -0.19460853849144033,
            0.17745964844785722,
            0.7759731806399807,
            0.7485831432383899,
            1.1092744768062799,
            0.26854979161032716,
            -0.15799812908333197,
            1.3303455366431487,
            0.4292018665790077,
            0.3042620161578393,
            -0.553738192073741,
            1.7117612448985053,
            -0.5019958252632934,
            0.14331550533488954,
            1.1339968738583186,
            -0.1886748357080515,
            -0.1645714912259987,
            -0.36480069729274356,
            0.3413390578394282,
            -0.16979010470606556,
            0.4810557618789716,
            -0.016351418640324283,
            -0.20376237484713178,
            0.7105626168972689,
            0.1573542253223179,
            0.005112118056036878,
            0.3270950306769728,
            -0.31568956873125814,
            -0.1764930767676199
        ],
        [
            -0.4887477345995612,
            0.3280387434411828,
            0.3346820952158219,
            0.5225396423449061,
            -0.15995087285421658,
            1.2602524384590352,
            -0.646237055466644,
            -0.5506972251783877,
            -0.11938715583697267,
            0.38927075163909586,
            0.30907664104017396,
