{
    "pos": [
        [
            0.41936762294231655,
            -0.18074447140630037,
            -0.21459402441097028,
            -0.2184586531535468,
            0.2740941099404581,
            -0.2192872927251396,
            0.796878320828885,
            0.14566827746305602,
            0.10035009466068184,
            -0.0718155386259853,
            0.5371507026280291,
            -0.0772346821800899,
            -0.48904435970801685,
            0.02548516248322519,
            0.09228726920815764,
            -0.035435945373253556,
            0.03221577825330151,
            -0.17781572980191498,
            -0.31483664807640405,
            0.20377144156125007,
            0.18908701019852206,
            -0.40128483860506686,
            0.014190570082698147,
            -0.21990607972699877,
            -0.03333864962920325,
            -0.22130866992994455,
            -0.177513656192812,
            0.16518350561918774,
            -0.2702323629767559,
            -0.1769122350687908,
            0.16415453602142444,
            0.0715181660051045,
            0.11640814232819995,
            -0.3007680460727166,
            0.05214797526567927,
            -0.2391435970133213,
            0.11263140213653573,
            -0.00816608768616942,
            0.23435959453294214,
            -0.1874400148087431,
            -0.22826646248092947,
            0.31439604039999264,
            -0.21505562868978173,
            -0.14516777713912826,
            -0.248893689883156,
            0.011059736300752826,
            -0.17074687192735252,
            0.1322120274200291,
            0.019899442994865704,
            0.02899913016065294,
            -0.12974885743832673,
            0.01641287171794881,
            -0.2623169304533529,
            -0.19504459596856183,
            -0.0007384492031645668,
            0.06130546970577955,
            0.3902345208449526,
            0.10397798598014499,
            0.549015204439494,
            -0.2839764008529412,
            -0.029396199276449944,
            -0.6324967210857071,
            0.44964310147255904,
            -0.16983374867522366,
            0.028894510576473,
            0.02635976388842452,
            0.3446134704741542,
            -0.024355859655652727,
            0.09154224840341356,
            -0.029396426894510334,
            0.4190738684586373,
            -0.016849361373876073,
            0.38250472074761177,
            -0.12798355630862301,
            -0.34113151221697663,
            0.0366160876969915,
            -0.15899438939986446,
            -0.05369343790977628,
            0.3727754159281848,
            0.005701362765514563,
            -0.06572958415143533,
            -0.29706125221406465,
            -0.19295589402528152,
            -0.07507147415640748,
            -0.2703042523272572,
            0.1091021033884641,
            -0.09879495780202552,
            -0.13149752072641918,
            -0.20985040942979835,
            -0.5174896352967404,
            0.3772952046955451,
            -0.5308071318226677,
            0.010464605976284423,
            0.291996891186393,
            0.19162447043548472,
            -0.07110072787745096,
            0.1037674834089749,
            -0.09397412503311191,
            -0.060375289815899486,
            -0.07466556572676696
        ],
        [
            -0.18074447140630037,
            0.30249063762808376,
            0.6434975705458034,
            0.6604252903016463,
            -0.0962877495711965,
            0.2666515025677,
            -0.2791460050644756,
            0.18234460331005425,
            -0.12540524508415843,
            0.19982564610635387,
            -0.16226862944793585,
            0.17333608220123975,
            0.6276445672932943,
            0.13200244005941297,
            0.1963911344593142,
            0.11324113628006181,
            0.06810523260402353,
            0.352958575852657,
            -0.04603260293821711,
            -0.03277764477782593,
            -0.21564991732551891,
            0.26903633904874075,
            0.2568971849908243,
            -0.23910999897415805,
            0.06628092229004923,
            0.5719675528307727,
            0.37734872572604544,
            -0.14780181028941242,
            0.6288091027121838,
            0.22844528118776325,
            -0.14814651563275075,
            -0.38067880009364313,
            0.08320869849031555,
            0.8057367139440288,
            0.3189506203476603,
            0.6503430908188453,
            0.1705503539671311,
            0.10704375083334726,
            -0.2315832701346198,
            0.6513626934222522,
            0.10449312316140008,
            -0.13949001513865283,
            0.9202542680738344,
            0.03118986396469225,
            -0.1701806264283778,
            -0.1316796495609129,
            0.07128450429338383,
            0.1286048447075977,
            -0.06276896942981282,
            -0.047887403170993374,
            0.5171295082814348,
            -0.08869045764355454,
            -0.04660968750644705,
            -0.04181962241944129,
            -0.11723835116927575,
            0.22488126729084829,
            -0.12625372757786932,
            3.749036503384608e-05,
            -0.10696773922518475,
            -0.030923295349796574,
            0.31743599588229066,
            0.4963989254274348,
            -0.02325438260200071,
            -0.04346111011398111,
            -0.15988281230508125,
            -0.13828574382567246,
            -0.31989480322924474,
            -0.33035564558352554,
            0.07816918040327324,
            0.16981478835266398,
            -0.19798035027535918,
            -0.22644070428083796,
            -0.19646935892908995,
            0.21207193258074664,
            0.6917806302021577,
            0.06439441481033827,
            0.08527654760140285,
            0.1995845118451685,
            -0.23656277906165862,
            0.5334026600066687,
            -0.06406885742682532,
            -0.19220081046866386,
            0.4777329182575324,
            -0.24854320287113085,
            0.3288608344403489,
            0.15905050592333073,
            0.6052807423762891,
            0.16630540117253484,
            0.1511226100112946,
            1.1079599609578572,
            -0.16303270532356623,
            1.0940421521860775,
            -0.08372775951895091,
            -0.06578880952641566,
            -0.1909022900285525,
            0.33362715884914357,
            0.05920247447649258,
            -0.15220891427254277,
            -0.014434565906816892,
            -0.14213804120408385
        ],
        [
            -0.21459402441097028,
            0.6434975705458034,
            1.5847950630600207,
            1.6018198829209378,
            0.05157055106356769,
            0.5242699011074994,
            -0.188233454759478,
            0.5861214345866425,
            -0.3325588482101998,
            0.5009002667259259,
            -0.012895399458435732,
            0.4997660624862975,
            1.1834136437364382,
            0.5660056708763831,
            0.7387751573000635,
            0.14078693944790088,
            0.24896956833798586,
            0.9386767198801431,
            -0.3243465908837861,
            0.06433898277266666,
            -0.4755865564356442,
            0.541579867611145,
            0.2712093026627726,
            -0.8998696124469189,
            0.17430158210038355,
            1.2992453248059006,
            0.9354312470677982,
            -0.31441269655776455,
            1.5535195721451278,
            0.4460920746649808,
            -0.2724828420075863,
            -0.9849672715817285,
            0.3568598484324458,
            1.9722058341782376,
            1.372251088388902,
            1.6790884553664154,
            0.4289761394198078,
            0.3496739679396615,
            -0.3826587527966398,
            1.7992247774383237,
            -0.013397322523045204,
            -0.2642752649719777,
            2.3520289294730476,
            -0.0064599174146745654,
            -0.7226391837890551,
            -0.383485251364977,
            -0.11361019871586624,
            0.5193240672015026,
            -0.17599652821490683,
            -0.1410214638780444,
            1.444280104741006,
            -0.333307777166157,
            -0.4036343093271105,
            -0.39503618238826926,
            -0.2858645837231793,
            0.26236442741537574,
            -0.05840171222127897,
            0.011211149128965855,
            -0.02226790640525867,
            -0.45929178391845865,
            0.9244316602427126,
            0.7582681821084868,
            0.40838830492083017,
            -0.36932007351157375,
            -0.23966756856428378,
            -0.44815747559627783,
            -0.4837362704289475,
            -0.902770081318302,
            0.20917017392311207,
            0.3958558450493257,
            -0.3668437683314648,
            -0.5566710172149532,
            -0.3704406552552332,
            0.4425422263078335,
            1.727903882132805,
            0.07640814659149515,
            0.1812464939933807,
            0.6197905823944846,
            -0.4657682613167284,
            1.4582668135618693,
            -0.3975766468874163,
            -0.8971102603535853,
            1.2035249076617094,
            -0.8757477640262937,
            0.7098511726506583,
            0.5179831457071468,
            1.8035906160529998,
            0.19144186357942805,
            0.08061618253679881,
            2.7479047151754097,
            -0.285223113249566,
            2.6784971661134995,
            -0.5606723608992253,
            0.04278429734636314,
            -0.47242942458724985,
            0.822242395198483,
            -0.11642427351600473,
            -0.6064821118474177,
            -0.12375136963813868,
            -0.4667670039821994
        ],
        [
            -0.2184586531535468,
            0.6604252903016463,
            1.6018198829209378,
            1.6283805658173438,
            0.024165129674985287,
            0.5514399050877112,
            -0.17614788937640644,
            0.5872941913925105,
            -0.30785378778728323,
            0.5116879506298293,
            -0.003338203880775024,
            0.4929818781969369,
            1.214665379491264,
            0.5523697980523273,
            0.7295568776445163,
            0.13496072515988491,
            0.25085542085993107,
            0.9242625936177028,
            -0.3130320644554714,
            0.07534287132725452,
            -0.47011435993722434,
            0.548187640105394,
            0.2850756072684721,
            -0.9000921443131226,
            0.18011990331175298,
            1.3218565191857643,
            0.9480928752069256,
            -0.31314989062136583,
            1.5744067799066344,
            0.4844169724567273,
            -0.2536655523772705,
            -1.0049938741765942,
            0.35755846099345223,
            2.0028866709595388,
            1.296878037971461,
            1.6857102064333966,
            0.4242473909768525,
            0.34895438704002985,
            -0.40740672499401615,
            1.8128100061468486,
            0.03505199256610343,
            -0.24530829441111943,
            2.381737876682641,
            -0.014300564768968413,
            -0.7036497234261514,
            -0.44864509303262956,
            -0.09583091011963352,
            0.5270922465762369,
            -0.16980220879352667,
            -0.13525756599813538,
            1.46542339065257,
            -0.3202099520360233,
            -0.371965967420492,
            -0.37340320175139247,
            -0.3086238094690884,
            0.3619041207769879,
            -0.03313978286765995,
            0.024998498900696796,
            0.020975281091106798,
            -0.4169323944610292,
            0.9374743422370123,
            0.8506590627095346,
            0.3968158036505499,
            -0.35331401550575564,
            -0.33907668613626063,
            -0.44387929572266416,
            -0.5064992097723184,
            -0.8919000028984447,
            0.2396684410175191,
            0.3987518673391075,
            -0.3572104888959835,
            -0.6035980648944231,
            -0.34517059422610075,
            0.4480582790451559,
            1.7479343924843764,
            0.095822343274889,
            0.1931518206606467,
            0.6104437068027815,
            -0.48496477163735324,
            1.4672036649052231,
            -0.3784595011026943,
            -0.8669831949725768,
            1.2194897511340006,
            -0.8010433875342116,
            0.7427543274148085,
            0.49164008874000265,
            1.7952280812233274,
            0.2200912006796056,
            0.09410115183361002,
            2.780604066772191,
            -0.260172519724905,
            2.701072201131736,
            -0.5141030172386578,
            0.0897157796242554,
            -0.496705976827472,
            0.8380373383233175,
            -0.08774254190332044,
            -0.568229242358457,
            -0.10620775824090938,
            -0.4528397521856667
        ],
        [
            0.2740941099404581,
            -0.0962877495711965,
            0.05157055106356769,
            0.024165129674985287,
            0.3367786243273283,
            -0.14133551444116332,
            0.5891004070396042,
            0.18651848675944047,
            -0.03647400622850683,
            0.023282169564500813,
            0.45379020457337516,
            0.09291278820623144,
            -0.37465738787329034,
            0.2816455239970143,
            0.31152288933707645,
            -0.13621450471328297,
            0.09889449495676134,
            0.10232180499301537,
            -0.2716904320360372,
            0.17195951553239627,
            0.052720187898732826,
            -0.1441987301473308,
            -0.35720813407830654,
            -0.38901982196201024,
            0.014733697660636418,
            -0.0770421629862244,
            0.030029742953770425,
            0.05333620610365874,
            0.04742309688042882,
            -0.1272852003934243,
            0.0941310057553333,
            -0.08502063457949649,
            0.18668910406631636,
            0.04521338433183086,
            0.6962291981322355,
            0.1354766980391141,
            0.045535995617532056,
            0.10499661605132962,
            0.2060538078878188,
            0.2657467358478065,
            -0.31702622456214496,
            0.09859201357866393,
            0.1747217970769613,
            -0.10000322787778065,
            -0.3810310747067222,
            -0.060617472872083286,
            -0.32573586739769467,
            0.24658973011011948,
            -0.030287648628104808,
            -0.02902611858105149,
            0.22728836829890964,
            -0.13607552143571539,
            -0.3547908216009487,
            -0.3469980681647051,
            -0.005472377041941953,
            -0.30462432835310116,
            0.2930430833256304,
            0.020164506156204274,
            0.296742187033225,
            -0.45936871185580497,
            0.18593304186445755,
            -0.5341811252988986,
            0.5516525570478508,
            -0.3108107244938196,
            0.1760333308154795,
            -0.130907248242822,
            0.3319389308495674,
            -0.143156913321141,
            0.029862612351742996,
            -0.006747499906104943,
            0.1504340448002399,
            -0.01639679186005157,
            0.13417212667609882,
            -0.0751055331200082,
            0.06805808914360656,
            -0.08110735341866622,
            -0.04186755946203544,
            0.15903543528278893,
            0.14403187738217602,
            0.22052494024743574,
            -0.27806860518586474,
            -0.5213901013367944,
            0.06235819122114147,
            -0.34350705537268966,
            -0.10630965495671872,
            0.17545310485729115,
            0.40266833399184215,
            -0.2360671074906399,
            -0.321572024519698,
            0.09126731975130582,
            0.1409264963716913,
            0.05312995610893565,
            -0.40226288671382004,
            0.2320664936876242,
            0.002490987698512409,
            0.030095905519715367,
            -0.26951714795553666,
            -0.28906460960404606,
            -0.10826682430474628,
            -0.15560282686742025
        ],
        [
            -0.2192872927251396,
            0.2666515025677,
            0.5242699011074994,
            0.5514399050877112,
            -0.14133551444116332,
            0.2780278751473388,
            -0.3031668218911323,
            0.09789380201566222,
            -0.06466206327779864,
            0.1831881136320704,
            -0.16542089647030186,
            0.14909035885364258,
            0.5355363751434015,
            0.12577201484228673,
            0.15024603594916625,
            0.013142294882292746,
            0.06255167241066535,
            0.2801767735231938,
            0.06442403854610652,
            -0.02693190069688077,
            -0.17830922871868773,
            0.3137793504173244,
            0.038490542336005656,
            -0.16361216105977314,
            0.07430417255004004,
            0.4564722788550894,
            0.3407900814290316,
            -0.14063447751386532,
            0.5534257087173565,
            0.27162624632442367,
            -0.07707678377805845,
            -0.3296225050944913,
            0.05748604342920412,
            0.691154355511324,
            0.19814070535137335,
            0.5429083572124355,
            0.03981650632619971,
            0.09924306353508333,
            -0.23597114514931256,
            0.5846461615081269,
            0.1876698723216984,
            -0.14616454880112195,
            0.755440446931288,
            0.031772875056972884,
            -0.055834746978743764,
            -0.2783271191428315,
            0.053239923664235626,
            0.1157541084942246,
            -0.03842422600673888,
            -0.03563445950901861,
            0.4889695913237012,
            -0.07097803557258478,
            0.06265629871331375,
            0.006662951836135002,
            -0.12785084050957454,
            0.2516441170059205,
            -0.08805329934260962,
            -0.007215507868773499,
            -0.10705768528933246,
            0.07275190420293512,
            0.2921258917711341,
            0.6451706560017487,
            -0.06732287549268613,
            -0.009000048438403014,
            -0.3090348418578656,
            -0.12525825399685092,
            -0.2876783871244222,
            -0.1906232941091054,
            0.09098671781851728,
            0.11269146193287202,
            -0.23725771348224436,
            -0.24944646480937502,
            -0.18111277212382373,
            0.16735738290302582,
            0.6287747998110905,
            0.0397773697386753,
            0.1438354740554833,
            0.16892356231449818,
            -0.3162931669074238,
            0.3934625769055516,
            -0.05213352233005673,
            -0.0648862105295835,
            0.42422859690361386,
            -0.019592326144740626,
            0.36631640924626463,
            0.024141096567991207,
            0.505289953291571,
            0.1481071177585397,
            0.10619343174809717,
            0.9876074732919328,
            -0.1583907796795064,
            0.9448886806189526,
            -0.07197832754133725,
            0.03130707287078703,
            -0.26627589483200187,
            0.27188546736174074,
            -0.04124792851953155,
            -0.03743324689173511,
            0.03067789514582,
            -0.059024918129935905
        ],
        [
            0.796878320828885,
            -0.2791460050644756,
            -0.188233454759478,
            -0.17614788937640644,
            0.5891004070396042,
            -0.3031668218911323,
            1.7211219028090172,
            0.3565692381002272,
            0.22739607727922084,
            -0.016903799067680934,
            1.2457553705610065,
            -0.022973688708685165,
            -0.9619284626955411,
            0.31403757833037904,
            0.4254210699962502,
            -0.3032815108731688,
            0.1666966089551285,
            -0.19730020094226475,
            -0.5889353751675559,
            0.5111138011012946,
            0.3396464025848003,
            -0.5967844647235866,
            -0.5045399376831234,
            -0.6984748038070475,
            0.01093507319019919,
            -0.3281928523920255,
            -0.1381202023471719,
            0.2730907074467831,
            -0.21334458702898645,
            -0.16312166496245373,
            0.4452729510587513,
            -0.08112946321573258,
            0.35761533062953316,
            -0.23213117398615518,
            0.5022924081080263,
            -0.15348340401805455,
            0.08446143949853208,
            0.11281822881362646,
            0.4174642306811506,
            0.12878489846218302,
            -0.3878965097958514,
            0.5799169697054728,
            -0.005752631915424606,
            -0.33302597028708536,
            -0.608807335477833,
            -0.45908790557314577,
            -0.5378690217893753,
            0.49212500442997414,
            0.03027800440781631,
            0.03288027815905354,
            0.20922243166643073,
            -0.0779545404565953,
            -0.5364789063205049,
            -0.5325477584108038,
            -0.12012406177668424,
            0.1721668014636629,
            0.9704127937502703,
            0.20790438376300704,
            1.2223617325792566,
            -0.6465383642889453,
            0.2410832188180758,
            -0.8924765669100159,
            1.1394681616648634,
            -0.4926345301514558,
            -0.30346413969226477,
            -0.103637130816809,
            0.7380447766266761,
            -0.06703669232171366,
            0.2956729615135114,
            -0.06662378653498814,
            0.704551374171915,
            -0.2729783779368704,
            0.7485554709918739,
            -0.248752546529588,
            -0.26782398904029003,
            0.01662761158645075,
            -0.1480695923780589,
            0.0713798168447857,
            0.4818081672570869,
            0.23308807528503409,
            -0.3282638381304748,
            -0.7809311721136406,
            -0.11173517844417251,
            -0.023407428042203977,
            -0.27671093318541257,
            0.13923038823080308,
            0.28146836573729067,
            -0.3291609895735469,
            -0.6163298418009009,
            -0.42641196596055847,
            0.7428779294685551,
            -0.5552628964301589,
            -0.26533498129420585,
            0.9161895541853802,
            0.06951771622279475,
            -0.013342682431982314,
            -0.14425651213883134,
            -0.2205677133072582,
            -0.09621897671816931,
            -0.1645238822711365
        ],
        [
            0.14566827746305602,
            0.18234460331005425,
            0.5861214345866425,
            0.5872941913925105,
            0.18651848675944047,
            0.09789380201566222,
            0.3565692381002272,
            0.349241185324051,
            -0.10595982251094159,
            0.17744724529856792,
            0.2861370612264951,
            0.17895118107034,
            0.25569526961807554,
            0.2606769102664279,
            0.3791705528146241,
            0.06418030192786411,
            0.12526263896660406,
            0.32455950647197346,
            -0.33715109977002133,
            0.1353341861927485,
            -0.11024692751004392,
            0.0026267463318492804,
            0.16952270054827678,
            -0.5225443085667997,
            0.05377774177646357,
            0.45806915455679265,
            0.3103296180854111,
            -0.04669938981532435,
            0.5320232771882568,
            0.07837614524008805,
            -0.04657861462029049,
            -0.39116977289335414,
            0.22209892996660502,
            0.7018327564384442,
            0.6578510960960378,
            0.6125496255708901,
            0.27507203241471995,
            0.14744594808146008,
            -0.030899062835913788,
            0.6820366315212586,
            -0.15745835428309585,
            0.05588343579778194,
            0.9227522785390515,
            -0.08055928537179054,
            -0.4744060214133021,
            -0.11417088545569089,
            -0.1411575695430164,
            0.2962823415124081,
            -0.07117926125405105,
            -0.04847442371867661,
            0.5512893489711386,
            -0.14041155127836055,
            -0.34607875645115416,
            -0.2904991670321182,
            -0.11649939058016794,
            0.12157798606019991,
            0.17452621783139718,
            0.06050704762779974,
            0.28163545024653874,
            -0.38252921788607086,
            0.38379383039964243,
            -0.06923947869696954,
            0.43214642723097313,
            -0.2615947744977708,
            -0.03580850786239812,
            -0.1816015065472889,
            -0.022594901660846448,
            -0.4333907221484639,
            0.13115317962245274,
            0.1658568326168888,
            0.077824050676138,
            -0.2342618527708371,
            0.04143251905491755,
            0.1289438778142688,
            0.5656515666976426,
            0.054537822144496616,
            -0.023965175533019432,
            0.24517223080016387,
            0.02439898754813394,
            0.6579497751148218,
            -0.21261072701531955,
            -0.5804493869831624,
            0.42006336335931854,
            -0.48092861075945437,
            0.14292501884328998,
            0.3162849775399571,
            0.7436222638764202,
            0.009144392315458705,
            -0.07241804030195037,
            0.917467185570501,
            0.07755620033325072,
            0.888639532671551,
            -0.24614085339077274,
            0.14742762631460254,
            -0.0772015341713922,
            0.3247064934202265,
            0.02332800359163338,
            -0.3438094817439492,
            -0.09918867937159535,
            -0.2618452508719187
        ],
        [
            0.10035009466068184,
            -0.12540524508415843,
            -0.3325588482101998,
            -0.30785378778728323,
            -0.03647400622850683,
            -0.06466206327779864,
            0.22739607727922084,
            -0.10595982251094159,
            0.16931608483165322,
            -0.08180041873125832,
            0.14480862412799517,
            -0.12914812958882824,
            -0.2796834644435152,
            -0.12375028610349109,
            -0.1477993491874079,
            -0.09856255269802955,
            -0.032226110600470204,
            -0.26850068513708264,
            0.06841913589690847,
            0.06500435243557436,
            0.15425177072465474,
            -0.14032168309910023,
            -0.12452247717282314,
            0.1384741142943388,
            -0.018029679511978296,
            -0.2715343982708647,
            -0.1834905592807248,
            0.09606144006450905,
            -0.30733021310342223,
            0.0015786530657460516,
            0.16516069056153662,
            0.15772319246274133,
            -0.04460225735572256,
            -0.380643361539927,
            -0.460261385694828,
            -0.37240295545635804,
            -0.12633662680224525,
            -0.06543093751636699,
            0.05424697718256591,
            -0.3421111467566001,
            0.11144571756361925,
            0.1567087667992448,
            -0.45304160594784765,
            -0.050281757443880616,
            0.16957170068359637,
            -0.16902679997532005,
            0.01331134239711752,
            -0.0439827876024506,
            0.06140070084610027,
            0.050210384602147724,
            -0.23179343246646927,
            0.0996409372872416,
            0.1416844189779423,
            0.09895966553821636,
            -0.01338103616820889,
            0.22419419810958133,
            0.178912605941637,
            0.05093910142835632,
            0.23167790141480268,
            0.1687074296498187,
            -0.1412992224706688,
            0.033380495774800255,
            -0.017088140356965754,
            0.07941297964400183,
            -0.272427869905902,
            0.09713481724081308,
            0.12010835835298754,
            0.2440272250920577,
            0.0663406625337641,
            -0.09542280998181944,
            0.15747646875321017,
            -0.03705639522079525,
            0.21650926816847618,
            -0.1124938545411361,
            -0.34759431732650076,
            0.02924338767068747,
            -0.006015403300150069,
            -0.15321394836169783,
            0.0724611636210049,
            -0.29238367966437095,
            0.10308390574049886,
            0.22116928627734095,
            -0.23230011722222027,
            0.429139839972715,
            -0.07913592582341013,
            -0.1960251062783106,
            -0.39330468380726163,
            -0.0020978907821284274,
            -0.05222035709793892,
            -0.5558331113229122,
            0.19503575752321956,
            -0.5870763577361549,
            0.21313397920467966,
            0.22349793919162894,
            0.022730610568200308,
            -0.14664488143755075,
            0.058135455710778196,
            0.2319653814855966,
            0.0729950796263774,
            0.13791004196734544
        ],
        [
            -0.0718155386259853,
            0.19982564610635387,
            0.5009002667259259,
            0.5116879506298293,
            0.023282169564500813,
            0.1831881136320704,
            -0.016903799067680934,
            0.17744724529856792,
            -0.08180041873125832,
            0.1730038255810455,
            0.04400952227131187,
            0.17312608848460181,
            0.32953348702617663,
            0.2278461338091229,
            0.2685033414222733,
            -0.028031075931905385,
            0.09675173835422837,
            0.299975851317096,
            -0.07493104571155813,
            0.04686671952462876,
            -0.14055003000997612,
            0.20740262793261605,
            -0.07715746313020469,
            -0.3174444493054237,
            0.06987147444012455,
            0.387622117370657,
            0.31720629152444085,
            -0.1022225768134171,
            0.5172962340722762,
            0.17812579358102004,
            -0.04032355492173046,
            -0.3327823776690322,
            0.1321455438469578,
            0.6437485680569683,
            0.4819591572361118,
            0.5498994000666697,
            0.07592719748807666,
            0.13176264582226224,
            -0.12068298781097876,
            0.6336277066114958,
            0.019230130796813443,
            -0.08574478112826164,
            0.7622815583567367,
            -0.01384220831190296,
            -0.22615440609573587,
            -0.24462948035467985,
            -0.08521667634158875,
            0.2058982330948317,
            -0.05027686314016554,
            -0.04525957891760499,
            0.5274305981647148,
            -0.12145200848627505,
            -0.11051654416632775,
            -0.14608754548063163,
            -0.11266320184736892,
            0.09054884724539237,
            0.038224878740300484,
            0.003431588374516191,
            0.029829359479943928,
            -0.1439812857487106,
            0.337348466504334,
            0.3190844502024573,
            0.17721535395168264,
            -0.14247145552610166,
            -0.17332012793817256,
            -0.16613719218627865,
            -0.11994911755663455,
            -0.24992332230365905,
            0.0902118406872352,
            0.10561924408790374,
            -0.13856375542825874,
            -0.22182340429816305,
            -0.10526480502000204,
            0.1230520603022682,
            0.5897157441185225,
            0.005590930873252132,
            0.09875170790122768,
            0.2189787654433629,
            -0.20386316549564393,
            0.4598719866356247,
            -0.16279431804208896,
            -0.294375434918681,
            0.40659108615437684,
            -0.19772750276379705,
            0.27064917312672737,
            0.11655527701318118,
            0.6263465751396576,
            0.035185466991450476,
            -0.03259991607726036,
            0.9234261961107936,
            -0.08074861987498433,
            0.8749894509837122,
            -0.23134383554308688,
            0.10767188188613094,
            -0.21956947562768406,
            0.26121807690214505,
            -0.1304996982471378,
            -0.1717584883248483,
            -0.02551870188917894,
            -0.13019660434878907
        ],
        [
            0.5371507026280291,
            -0.16226862944793585,
            -0.012895399458435732,
            -0.003338203880775024,
            0.45379020457337516,
            -0.16542089647030186,
            1.2457553705610065,
            0.2861370612264951,
            0.14480862412799517,
            0.04400952227131187,
            0.9388359438794976,
            0.05690731784395544,
            -0.6729889957365716,
            0.35867467223364113,
            0.42509496950704123,
            -0.31016788131726414,
            0.16486596863306965,
            -0.039531315396524436,
            -0.4068996484484149,
            0.39527857413236445,
            0.20778122884926728,
            -0.3205382283437995,
            -0.6020008032320024,
            -0.6180616557876314,
            0.04051606739287173,
            -0.17704309180297476,
            0.005242304354724194,
            0.15879918969743098,
            0.004974754990158406,
            -0.053245928706406265,
            0.3437654755357011,
            -0.15598471840054376,
            0.31093716221105844,
            0.008932841548721846,
            0.6159366662470389,
            0.059718336104717745,
            0.0053537423889050825,
            0.1431999495160523,
            0.2834453274947451,
            0.33379136187662,
            -0.28099677390330885,
            0.36236346118923585,
            0.1983246710015966,
            -0.24518879543147332,
            -0.502165859067077,
            -0.4891070720071766,
            -0.4813878189079639,
            0.44793034375830665,
            0.008911207585428495,
            0.004525916129255537,
            0.36233663947365774,
            -0.120838274065245,
            -0.41271824272834134,
            -0.46063505284937306,
            -0.1225594411917646,
            0.06166329455471988,
            0.7410394389751194,
            0.13345989017733076,
            0.8722387349753189,
            -0.5297816574465778,
            0.3070557434785991,
            -0.5210500073946249,
            0.9201583946875993,
            -0.4323792592255325,
            -0.2946766125034153,
            -0.15364891133705058,
            0.5494207502066698,
            -0.07775397317700097,
            0.23456705800531216,
            -0.046649236199869444,
            0.41727736954348893,
            -0.2674354589902211,
            0.48782007407037836,
            -0.16844305360733125,
            0.009948451896166817,
            -0.02953779952165273,
            -0.03358349789571747,
            0.14818827678840024,
            0.2258339648594961,
            0.2773648037556696,
            -0.34067238727911525,
            -0.6687901817554076,
            0.05083125479489152,
            -0.03543247845537145,
            -0.09071845278147879,
            0.0914123828771956,
            0.4479319569319107,
            -0.2813396966618224,
            -0.5297115733132626,
            -0.008193680288548577,
            0.48746294118852634,
            -0.13694243122200025,
            -0.36323347179951226,
            0.7508576788165721,
            -0.08033770573784811,
            0.04795633249957367,
            -0.2866807936872181,
            -0.21033877314356345,
            -0.07278849700844413,
            -0.1405005826123898
        ],
        [
            -0.0772346821800899,
            0.17333608220123975,
            0.4997660624862975,
            0.4929818781969369,
            0.09291278820623144,
            0.14909035885364258,
            -0.022973688708685165,
            0.17895118107034,
            -0.12914812958882824,
            0.17312608848460181,
            0.05690731784395544,
            0.2160759084995044,
            0.24804966506884396,
            0.3182835681805125,
            0.3385598335724344,
            -0.076631479339201,
            0.11405419735542248,
            0.36207739203220346,
            -0.07987576935322645,
            0.0431808246133682,
            -0.15857170266082726,
            0.24305662832884847,
            -0.2536344873662276,
            -0.3648277587395104,
            0.07391709306042422,
            0.3454173293702683,
            0.33071428576162565,
            -0.11756789728252959,
            0.5310070689402404,
            0.13271526337173348,
            -0.052426434314845706,
            -0.32808023909134426,
            0.1547710364737083,
            0.6386355571860802,
            0.7387968000914056,
            0.5939517957909377,
            0.04100142716262677,
            0.16117904812687667,
            -0.07310336594347547,
            0.7048403464315465,
            -0.0729994349652143,
            -0.14417266935667702,
            0.7656856864419302,
            -0.003797193400958425,
            -0.282989712690192,
            -0.20972423327605202,
            -0.17335744434382294,
            0.23554593122723172,
            -0.06467339715383384,
            -0.06346865514350733,
            0.5768459254909022,
            -0.17572588233713154,
            -0.1767399619395735,
            -0.2239748756963327,
            -0.08488242875270662,
            -0.13708962135415625,
            0.0222410790072421,
            -0.031139906180876215,
            -0.04909306335584821,
            -0.25147398035492585,
            0.3691580783274637,
            0.19601004251420415,
            0.2521124233349667,
            -0.21070404918466767,
            -0.029148296932292986,
            -0.20964981506133032,
            -0.051172361073454714,
            -0.26427069245040413,
            0.04232472424013805,
            0.09039734841517182,
            -0.19708778737333393,
            -0.16344588279861755,
            -0.16947873240718395,
            0.10648584519861702,
            0.6264114583271554,
            -0.05693800701906987,
            0.1145575807473734,
            0.27779447987878725,
            -0.22571612793740314,
            0.4711353636301484,
            -0.2511237535710155,
            -0.39336541151628424,
            0.42284198809052276,
            -0.3245256585245726,
            0.25416381578204955,
            0.1472626522144354,
            0.7413174602489899,
            -0.05067382023998491,
            -0.11335319115769882,
            0.9661935477573433,
            -0.14459574127081698,
            0.916465644002553,
            -0.4062715936262071,
            0.07756567386769572,
            -0.23915856151917556,
            0.24449404687104492,
            -0.28961770694987377,
            -0.258369625650805,
            -0.05732854251111808,
            -0.15761991838885048
        ],
        [
            -0.48904435970801685,
