{
    "pos": [
        [
            0.10825786876555098,
            0.18025036695203117,
            0.10928400224299785,
            0.1419805884977713,
            0.43246239073723974,
            -0.07757161496060608,
            0.41836019461550067,
            0.25174596834651414,
            0.43134025462313114,
            0.4716774195496421,
            -0.08362288708158974,
            0.4496440836677423,
            0.22576324830181735,
            0.05606401192813563,
            0.10879922536633023,
            0.10689494074239748,
            0.3888256553625564,
            -0.14034174154130802,
            -0.08747658049999595,
            0.1485673446503936,
            0.3792517428447978,
            0.25705096361317364,
            0.4363829178124603,
            -0.08240332567783053,
            0.30229494327948975,
            -0.20985497351207283,
            0.24344097763629519,
            0.0029372689676839935,
            -0.28763470890630044,
            0.1473629313783679,
            0.28982979984136487,
            -0.06969898139182563,
            0.22121132009322067,
            0.28785899033429363,
            -0.19037640586615862,
            0.26271569009396656,
            0.3620055676683654,
            -0.03759308136052683,
            0.3849839882711907,
            0.15057375677693602,
            -0.0197669809917359,
            -0.01881094461392692,
            0.2843092372394682,
            -0.16887794912292714,
            -0.07249041106152194,
            -0.04559905486914574,
            0.3174793525587303,
            0.09285647983488886,
            -0.013280574672939824,
            0.2369518725397108,
            -0.06668760341556862,
            0.46078477533721984,
            -0.03474705822938387,
            -0.02171791900996487,
            -0.0332014969775534,
            0.33738195926948167,
            -0.1874249618475018,
            -0.0661566760207894,
            0.3430732722640732,
            -0.03331938704592025,
            -0.24718545203334685,
            0.2287441663894054,
            0.3217170026407107,
            -0.020483274851203773,
            0.06669191996350644,
            -0.04488364099144711,
            0.02417368152057364,
            -0.07047070509797614,
            0.18856562926828044,
            0.44737975128358776,
            -0.08349736756527626,
            -0.04592811725075558,
            -0.013905199801580595,
            0.3459754587639383,
            0.24940110168788213,
            0.3608420000741612,
            0.10494589374853072,
            -0.18497651314066943,
            0.27205866333104395,
            0.39814210057703464,
            -0.03184259412170789,
            -0.08172095590955357,
            0.38628370292074443,
            -0.03595625443454442,
            0.2774650184233132,
            0.3405776606972381,
            0.13529810217199711,
            0.3607077641346145,
            0.025570579778199036,
            -0.09631142405925326,
            -0.009074599307159615,
            -0.03469662625670936,
            0.12360519501654944,
            -0.08486422808805195,
            0.11477656232259155,
            0.16512711486789122,
            0.24676269306818954,
            0.22294535252139286,
            -0.018605172268396003,
            -0.08229006491724902
        ],
        [
            0.18025036695203117,
            1.0194291306139396,
            0.5726649819863889,
            0.6644693804506447,
            1.0058817127802562,
            0.46280044128939535,
            1.2226153017543229,
            0.20016284310464844,
            0.6051512071039447,
            2.1467672454138897,
            0.5768523616382815,
            1.4637256145443431,
            0.7317665651876554,
            0.34607982136895393,
            0.6531717990669901,
            0.3941603901487102,
            1.2073086839467522,
            0.2532812311357184,
            -0.17843175029578492,
            1.2754514739452185,
            1.752930987430274,
            0.9734529899204615,
            0.7018345960336656,
            -0.4899367386000283,
            1.935084643393527,
            0.1992935179150498,
            1.4412905298216678,
            -0.42694222535120413,
            1.1609705276457636,
            0.7955896949890048,
            0.47185019533388733,
            -0.563051799775945,
            -0.15136493863848652,
            0.17240672425313336,
            -0.9155549587824499,
            1.55973206138707,
            0.9799289744112405,
            0.5291183832706835,
            0.41243953536383055,
            0.10904581804739007,
            0.35223274450590775,
            -0.11996031870904045,
            0.528600718271201,
            -0.4049964544051763,
            -0.4485763198536086,
            -0.2850931168933217,
            1.0314976158266809,
            0.8490820116541763,
            -0.052994729874176874,
            0.28345902941137513,
            -0.18288728609435734,
            0.8243219672875635,
            -0.21838135539965364,
            -0.11968274422821895,
            -0.2412106187368244,
            0.7657493405829566,
            -0.22683487075916958,
            -0.12271133279056255,
            0.8624012663182954,
            -0.16582705126781527,
            0.5225209222092114,
            0.7530627564589344,
            0.7947997616689954,
            -0.11013948628107782,
            0.5111998512992915,
            -0.0706406606786814,
            0.03155252487183763,
            -0.6113876329369153,
            0.5122396050009312,
            1.9705529699318762,
            -0.15891658073230322,
            -0.11922313682815461,
            -0.623924817963386,
            2.094535635240055,
            0.6612961879223647,
            0.60806055678951,
            0.8593198985250509,
            -0.14009983651868216,
            0.7604805831402086,
            0.8086482710208354,
            -0.5380494016321016,
            -0.5384580988853874,
            0.8633517155095137,
            -0.07853566210797731,
            1.8131637887095835,
            1.3624545737221858,
            1.2578264528448724,
            2.15987525836941,
            -0.05359484247468243,
            0.2062369143086045,
            -0.05803016892150238,
            0.5554705292489498,
            0.8071039592478101,
            -0.14726790549455293,
            -0.21197036891141297,
            1.472263628057576,
            0.15613690989036433,
            0.6199686865293704,
            -0.10048999389272331,
            -0.49136669609600203
        ],
        [
            0.10928400224299785,
            0.5726649819863889,
            0.4376630222386355,
            0.4564327895310519,
            0.9907950374587909,
            0.22611347916957497,
            1.1408666455772605,
            0.2344402021514655,
            0.6249289219468801,
            1.166105040118781,
            0.5670844510999281,
            1.2509359002367721,
            0.5890090522162066,
            0.3582137941738701,
            0.7611331997290358,
            0.1332330897025692,
            1.1909305633339389,
            0.6907834825687639,
            -0.17695669725684204,
            0.7153060607329582,
            1.0649947703105938,
            0.587224213094837,
            0.5303419267319426,
            -0.38964468315726625,
            0.8794192902598358,
            0.645736008579675,
            0.9566849556834637,
            -0.375247422247353,
            0.8332400167492554,
            0.427700026144807,
            0.4943935154104132,
            -0.4820948546460545,
            0.20773492039430685,
            0.6708887872995983,
            -0.7972765934134359,
            1.1461305580194259,
            0.5347246864045881,
            0.5543519185540591,
            0.6742583134357525,
            0.2601800033879555,
            0.3869490632173245,
            -0.07919827533191756,
            0.7508354545239059,
            -0.3333605250593053,
            -0.3607806175831114,
            -0.22490311611031716,
            0.6217786266994997,
            0.8080322805408582,
            -0.033294591592245404,
            0.639081350006449,
            0.2620157635083334,
            0.9514596767069395,
            -0.1626619648354288,
            -0.09227689934181954,
            -0.203579804278546,
            0.26781515457243527,
            -0.07316175864645441,
            -0.08099015551804986,
            0.6790754084900673,
            -0.1251944157272598,
            0.3382654214772333,
            0.9226390358487117,
            0.8451954471803766,
            -0.08183245501560846,
            0.3705370465676696,
            -0.13177980490098332,
            -0.01712332841064946,
            -0.31805731697833206,
            0.8050730804436833,
            0.910922637694631,
            -0.0794395925760353,
            -0.09685661952635745,
            -0.7941021790528247,
            1.202549450343243,
            0.7172979335229842,
            0.7837282778659163,
            0.9094267514450194,
            0.3365784231334427,
            0.4385742921289654,
            0.8233141513721131,
            -0.3812484161371411,
            -0.4097380862360521,
            1.0832260489237582,
            -0.11640654486235417,
            1.0181355069819908,
            0.8495644339411716,
            0.8910340576586916,
            1.220839227618123,
            -0.10474191873943615,
            0.587832138528813,
            -0.051698709465174505,
            -0.004281125769955527,
            0.7742694018937938,
            -0.029657910445971276,
            0.6468916202854632,
            0.8099804445375033,
            0.39033412467093476,
            0.374107477766964,
            -0.08889484203723537,
            -0.3677322999956763
        ],
        [
            0.1419805884977713,
            0.6644693804506447,
            0.4564327895310519,
            0.501507750499226,
            1.0574709500197381,
            0.23387605876500125,
            1.166818813345454,
            0.17737166704105017,
            0.6928679958561691,
            1.4053073864568422,
            0.5173780880166565,
            1.3021088284320355,
            0.6406064042398067,
            0.3200575994840525,
            0.6948879372335411,
            0.18791789074235504,
            1.1841117853826815,
            0.4816020344335605,
            -0.18086657038616635,
            0.8166207667852793,
            1.2401122039733428,
            0.6912570742393387,
            0.637471211764976,
            -0.34805715921953506,
            1.144585332241026,
            0.4222209488764089,
            1.0413265829150327,
            -0.3053975831629255,
            0.7483405417807277,
            0.5136540615829147,
            0.49002570493104003,
            -0.4841333634863539,
            0.1280233294085227,
            0.5752410713581402,
            -0.7987248890109984,
            1.1904198901598988,
            0.6749774809366623,
            0.49438941151958576,
            0.6429453255455243,
            0.21530378793452543,
            0.33342227543913133,
            -0.08272064116176144,
            0.6955439765892365,
            -0.3405488731695776,
            -0.31843193566434913,
            -0.21584348645155127,
            0.7319165916605077,
            0.7635577575147122,
            -0.03837353096182876,
            0.5687374923050282,
            0.11697552506222858,
            0.9675718791676248,
            -0.14991969908693095,
            -0.08472433570641562,
            -0.1990534592588304,
            0.36735549061781486,
            -0.14963173771174978,
            -0.11384970043055345,
            0.7314845810887007,
            -0.11465598598413264,
            0.2647629500448368,
            0.8583205082758328,
            0.8956627562985685,
            -0.07635515256801721,
            0.3799944063022178,
            -0.12023324240389706,
            -0.0012697667769954856,
            -0.3942895734570918,
            0.7119832903342378,
            1.194287834020151,
            -0.114940603216133,
            -0.09482804643782092,
            -0.7724078833614832,
            1.3763126306774394,
            0.6915339063770641,
            0.7959434833275206,
            0.8478450798935898,
            0.12888649229128954,
            0.520640185024607,
            0.8373992799675183,
            -0.2773190198722316,
            -0.3728225659486417,
            1.0322572280220925,
            -0.08468136521871437,
            1.1896297665757467,
            0.9784913611685553,
            0.957462217700557,
            1.4242536488404596,
            -0.06607258932590124,
            0.41828023270973846,
            -0.045479920710609405,
            0.10264404803007439,
            0.740262361344637,
            -0.04981159381920587,
            0.43256442536018336,
            0.9348062249386919,
            0.38769514723428466,
            0.4639083135494018,
            -0.07863406527338737,
            -0.3592756407544621
        ],
        [
            0.43246239073723974,
            1.0058817127802562,
            0.9907950374587909,
            1.0574709500197381,
            3.6285937129157433,
            -0.18038594802555463,
            3.4009837893848127,
            0.3525212334362984,
            2.7336961665518476,
            2.364151187026026,
            1.0296788805761663,
            3.504393589413528,
            1.7758895017889977,
            0.7066563847150752,
            1.9396820219848907,
            0.030888285457107912,
            3.4385845445059418,
            1.3861567234862013,
            -0.5786682048370471,
            1.0765517526124038,
            2.4533223445222507,
            1.4268602200047418,
            2.1664122366078438,
            -0.3691494705433435,
            1.4523230307937236,
            1.1130272717904424,
            1.9153748690218535,
            -0.1796205010265381,
            0.17741318058558642,
            0.8064397179094038,
            1.5854648945561842,
            -1.1250856760161572,
            1.2102208435387662,
            2.898149550256105,
            -1.93729742667374,
            2.3172742616786235,
            1.4791059123883699,
            1.0427435979516886,
            2.740502478706173,
            0.9149403970613272,
            0.6774948107869038,
            -0.12104298378785754,
            2.5236496460374918,
            -0.8418149357651586,
            -0.32008465328845104,
            -0.35164998286594273,
            1.5316206446070233,
            1.7410038843574829,
            -0.08005154328962531,
            2.5161863443958,
            0.8760078278472425,
            3.5456095766887983,
            -0.14997692335807383,
            -0.09810603345991663,
            -0.41131656177226505,
            0.11940137940639639,
            -0.5064847435649245,
            -0.43779372644249037,
            1.9530523758701668,
            -0.1197718464811863,
            -0.5675786235548125,
            2.6999734663485255,
            3.2357054834687853,
            -0.08526325835865016,
            0.6664017791616808,
            -0.5020120528236821,
            -0.05457050238162773,
            -0.6297597594448042,
            2.507490760300534,
            1.783017189155602,
            -0.3322753231937413,
            -0.19658410417336852,
            -2.6487181921083893,
            2.0737940593961195,
            2.10256445464532,
            3.156533394918273,
            2.1934561310410583,
            0.5192061133647901,
            1.0300185733928071,
            2.7248100603676177,
            0.5021555182487232,
            -0.36907689015681927,
            3.549541232286943,
            -0.17018406220568413,
            1.8451087007110656,
            2.0000243273913254,
            1.9186840853558644,
            2.256678268214448,
            -0.08426464594077883,
            1.3089232835255842,
            -0.06626271715010201,
            -0.9936328330031563,
            1.795074455095321,
            0.09715753357492081,
            2.866752753781996,
            1.216267087747647,
            2.050740836939338,
            1.1735473152617664,
            -0.11722926030997861,
            -0.5508477556203297
        ],
        [
            -0.07757161496060608,
            0.46280044128939535,
            0.22611347916957497,
            0.23387605876500125,
            -0.18038594802555463,
            0.5506055158938804,
            0.0664219782791817,
            -0.27096139407564296,
            -0.4607257978408187,
            0.7770819701106976,
            0.5907786376239044,
            0.20463217344481482,
            0.08882342785420562,
            0.16487109342652745,
            0.2576582146154246,
            0.13368111560765192,
            0.11445744569130595,
            0.44154874643222236,
            0.042868464852649356,
            0.7327783558306077,
            0.612821979106899,
            0.25150778371262006,
            -0.3570209745356149,
            -0.2713240694280315,
            0.9482149559998515,
            0.5423741595822968,
            0.6540667707898572,
            -0.3909742498230831,
            1.5362052079818629,
            0.3423605169564665,
            -0.21436005308134795,
            -0.28322356917234565,
            -0.5809422573832072,
            -0.5371900906315749,
            -0.3181666698823563,
            0.7086205730210862,
            0.0555637725952224,
            0.4714479153258332,
            -0.5103257347525951,
            -0.2208045491266419,
            0.3111122579679391,
            -0.061245484195484944,
            -0.20697872877315365,
            0.008847335903989674,
            -0.2565918348210596,
            -0.14579854193829622,
            0.18608174366925648,
            0.46338030261789065,
            -0.01498427592304587,
            -0.33175474040480657,
            -0.05397813248927133,
            -0.362814907304608,
            -0.12329862870397149,
            -0.061897929881585635,
            -0.12292068381389806,
            0.030650340727497918,
            0.19789716804542937,
            0.05456202578237074,
            -0.016295460591880535,
            -0.0813682031313975,
            0.960262625295234,
            0.07632387737598542,
            -0.13469861490636387,
            -0.05590962811878419,
            0.27525137247362746,
            0.050656605427257036,
            -0.016698257023250528,
            -0.3333226180579534,
            -0.037931078725789026,
            0.693051779178703,
            0.04630250311944978,
            -0.009506565957974729,
            -0.3273017941018078,
            0.9986950992019689,
            -0.009302018533834128,
            -0.34556688309786043,
            0.42330301403214865,
            0.24159698288656523,
            0.07787822097520182,
            -0.2036420962618267,
            -0.49196635750783263,
            -0.313097084860799,
            -0.1729154170028829,
            -0.004821108417812484,
            0.8912481066338531,
            0.3917770301531673,
            0.6899547533706948,
            1.0046885700938255,
            -0.09996049233874081,
            0.31408517208182485,
            -0.03211859043454636,
            0.5803057776518625,
            0.3647767678245886,
            0.020339999986078452,
            -0.5219051996814462,
            0.8559877080419329,
            -0.4506273195068826,
            0.027318978944169337,
            -0.05017459033619039,
            -0.2462709263344651
        ],
        [
            0.41836019461550067,
            1.2226153017543229,
            1.1408666455772605,
            1.166818813345454,
            3.4009837893848127,
            0.0664219782791817,
            3.6296743322473177,
            1.1392526913672407,
            2.5370222445805655,
            2.6378972507473195,
            1.196243666556374,
            3.797233194646363,
            1.7713309944215219,
            1.0097376578480626,
            2.247724035806041,
            0.21660523150990324,
            3.767815370643545,
            1.9380028117901391,
            -0.6268648182800916,
            1.3545511768215435,
            2.572485363970602,
            1.5143493495506097,
            2.0603686256353213,
            -0.9827194500263257,
            1.470001335007512,
            1.6833567968438818,
            2.256581016183589,
            -0.8200335736136826,
            0.9564129833328701,
            0.9004509495405433,
            1.878085779254401,
            -1.2356560700701764,
            1.457441468099179,
            2.9431087468980572,
            -2.2243944068005774,
            2.8499942507560934,
            1.5413421750258272,
            1.3068846843293402,
            2.8546688336902606,
            1.1603424586356443,
            0.9443605562674203,
            -0.18127321928035303,
            2.763059718218685,
            -1.0917618777332478,
            -0.90706813914838,
            -0.5673605187717975,
            1.698700061350086,
            2.1301817839826884,
            -0.08581528854055966,
            2.5656108536606275,
            1.0691960675223722,
            3.539463042880273,
            -0.3936634273131282,
            -0.23339144005929946,
            -0.5221877034726163,
            0.728356980620255,
            -0.40146798027283853,
            -0.29993059109221226,
            2.1880383920606046,
            -0.31979718480450575,
            0.018453217166225777,
            2.9936907210884285,
            2.887413425695126,
            -0.20451216872029473,
            0.8702655709508835,
            -0.5047715273668241,
            -0.052332159167186434,
            -0.5646448434369427,
            2.7756856694925323,
            1.8606173465339269,
            -0.2806782224985567,
            -0.30624046555624873,
            -2.2390139454691464,
            2.55412732923013,
            2.3842301554317693,
            2.9758886794088926,
            2.5292964791704655,
            1.0168092799851989,
            1.2560159685933165,
            2.926224905026139,
            -0.7424446574549324,
            -0.9933499361969484,
            3.8070359906857205,
            -0.4042128801349423,
            2.0853981391159326,
            2.1784994825806168,
            2.0210482844797735,
            2.5792708064595846,
            -0.25963990631247924,
            1.715807434195358,
            -0.1359838319441785,
            -0.8249031347598674,
            2.1284029414695627,
            -0.09761269148580017,
            2.96671011224657,
            1.4926041594841464,
            1.8285582034271395,
            1.1028162496482388,
            -0.2394175866003763,
            -0.9115357958563536
        ],
        [
            0.25174596834651414,
            0.20016284310464844,
            0.2344402021514655,
            0.17737166704105017,
            0.3525212334362984,
            -0.27096139407564296,
            1.1392526913672407,
            2.784366669550938,
            0.8355134941315796,
            0.39101489532907274,
            -0.5668144151765614,
            1.162535513220208,
            0.22166517216865886,
            0.6162933176138752,
            0.5648236691332085,
            0.4695891442322593,
            1.272824415574189,
            0.49871856715499796,
            -0.32047479794507283,
            -0.07535374029277292,
            0.06442527808842143,
            0.2918788976434448,
            0.9423943899794855,
            -1.3038161560151087,
            -0.7647065757830659,
            0.29034282103646536,
            0.33916069038291524,
            -1.0607150168508341,
            -0.6699935767983108,
            0.004660131488473111,
            1.5031990685609191,
            0.016248339843750216,
            1.7824449983920967,
            1.291796035748879,
            -0.5723201556454908,
            0.76962285273765,
            0.6818153828553316,
            -0.0765836362232412,
            1.6031119334920012,
            1.1642340615576838,
            0.1911028459315865,
            -0.09716160475811281,
            1.327732262792237,
            -0.9174380108898753,
            -1.241040916666996,
            -0.41296569492075424,
            0.6858134024951995,
            0.46174810654884924,
            -0.015313744225239616,
            0.9392940986859188,
            0.4220103733005987,
            1.2120544047506419,
            -0.49988350089834205,
            -0.2904691878842527,
            -0.15791539391759138,
            2.078109189003671,
            -0.3266537563011404,
            0.16504420288995683,
            1.1704852258576741,
            -0.4461757189548356,
            -0.27252399444598063,
            0.97190759574776,
            -0.19919725655745663,
            -0.2565626418704695,
            0.23453969065870747,
            -0.14394924163099185,
            0.07241868593021444,
            0.5137397704593223,
            0.9990908240736552,
            -0.015109040399805602,
            -0.07325384842029752,
            -0.33855829428031786,
            1.5177561163533588,
            0.39034103790060093,
            1.1099096894937115,
            0.5832356635151907,
            0.3936760592314335,
            0.5797632005276461,
            0.9147940397328687,
            1.4231528855447806,
            -2.516496405255011,
            -1.2719375454748723,
            1.48158554293541,
            -0.6405549288434751,
            -0.17977073354779916,
            0.46064424364880957,
            -0.5005776590023008,
            0.00742861886870138,
            -0.2558983615696756,
            0.38942678980623624,
            -0.14530465473498042,
            -0.41366397418053147,
            0.5101371681571985,
            -0.6688472770305612,
            1.105276341142733,
            -0.22347351966062504,
            0.4488857831350883,
            0.1492929855479549,
            -0.2678020453552183,
            -0.6985918900154242
        ],
        [
            0.43134025462313114,
            0.6051512071039447,
            0.6249289219468801,
            0.6928679958561691,
            2.7336961665518476,
            -0.4607257978408187,
            2.5370222445805655,
            0.8355134941315796,
            2.3686588249078038,
            1.6082930901272232,
            0.20427102598465496,
            2.573351770887139,
            1.2787376356231848,
            0.4557523185334768,
            1.1964781296618465,
            0.11638189754503915,
            2.515407116921993,
            0.503251017124927,
            -0.48430527194445583,
            0.4687016867536678,
            1.6040983469569445,
            1.0411513101546184,
            2.0021811383197448,
            -0.29422990070771526,
            0.7111406832138062,
            0.20245998556943856,
            1.1382714055645704,
            -0.01378712836162417,
            -0.9570094157843922,
            0.48859272778820506,
            1.4767840150295768,
            -0.6140392439465997,
            1.3644786560646835,
            2.3755247469370864,
            -1.2602197574433962,
            1.4072526715721048,
            1.308497064849047,
            0.3563290507524173,
            2.4046414939330503,
            0.9007185540738909,
            0.25401179271444724,
            -0.07300324005638302,
            2.0063789688985816,
            -0.7637414986797785,
            -0.25568578016729776,
            -0.22679170934592152,
            1.231638971495604,
            0.9614070979436152,
            -0.05665692915497596,
            1.973175261452988,
            0.49981665925810426,
            2.8671464350622897,
            -0.11273259902672565,
            -0.07802738127325172,
            -0.23771189964090578,
            0.6027302463809406,
            -0.6234921658920961,
            -0.34340168425959045,
            1.6381511931128618,
            -0.10768646968124267,
            -1.0621078699631556,
            1.8930239936008195,
            2.3129415390337074,
            -0.06900656737196191,
            0.3639587211960045,
            -0.38056406318842206,
            0.00822329927995854,
            -0.2603948555520544,
            1.787578265896424,
            1.243090793160506,
            -0.316157333361519,
            -0.19049332863787502,
            -1.3092249085458378,
            1.1971897619199512,
            1.6132229750436375,
            2.4672254487115417,
            1.254151167369076,
            0.03764085750798997,
            0.9515982952343285,
            2.2589095488058475,
            0.2769215164418082,
            -0.272227542693224,
            2.722935318752569,
            -0.19016592367206855,
            0.987438365486126,
            1.4238995542022213,
            0.935219993661236,
            1.2880278427873004,
            0.002944313531499206,
            0.555129232735727,
            -0.046644034487921614,
            -0.9169152701606109,
            1.0756510769391916,
            -0.10089075004325043,
            2.1409821643938787,
            0.5027951465873911,
            1.7231997973031083,
            0.9419820021358242,
            -0.08921176753697894,
            -0.36363931536659255
        ],
        [
            0.4716774195496421,
            2.1467672454138897,
            1.166105040118781,
            1.4053073864568422,
            2.364151187026026,
            0.7770819701106976,
            2.6378972507473195,
            0.39101489532907274,
            1.6082930901272232,
            4.683323308692241,
            0.9242863702790881,
            3.138845287856265,
            1.626269884680562,
            0.6007488248624101,
            1.183562370015654,
            0.8700190963883067,
            2.527486830464302,
            0.007102751954832265,
            -0.40469289633823813,
            2.6039873752442015,
            3.8090556294071076,
            2.1590923677217844,
            1.8305789592407322,
            -0.8410954425715186,
            4.218494981254234,
            -0.17275586523172468,
            2.962414259969705,
            -0.6121058018954328,
            1.7142490145793847,
            1.7106596925869162,
            1.0745814473316486,
            -1.0998627391026152,
            -0.24139750241709904,
            0.43110749237599544,
            -1.833383326054501,
            3.119725139478116,
            2.308209672598939,
            0.8447650936675766,
            1.033884272604884,
            0.2340240611616898,
            0.5354459281916911,
            -0.23603164044053845,
            1.1190462482054608,
            -0.8706882142466345,
            -0.7583504793261393,
            -0.5283042868141756,
            2.3136776536058177,
            1.5537464113533614,
            -0.11604953709537888,
            0.629355509428438,
            -0.6138717185589676,
            1.9483799362837937,
            -0.3852221312522627,
            -0.21233130979449055,
            -0.4574031749583513,
            1.7511217268862893,
            -0.694409555759487,
            -0.3478887150774627,
            1.9330116281627856,
            -0.2948646697432004,
            0.5934923873182566,
            1.474560296325192,
            1.8741312532145815,
            -0.1984976283371691,
            0.995548338289783,
            -0.15429548325929926,
            0.09919294452163549,
            -1.3131448766029663,
            0.9564155958611932,
            4.419071534956427,
            -0.4204947300427134,
            -0.24241260079660915,
            -1.2160928464579315,
            4.366280891596907,
            1.370825432637985,
            1.4815128387060283,
            1.5689781402525564,
            -0.7577028983889116,
            1.7227059147130062,
            1.8333549156273596,
            -0.7142004152841526,
            -0.9359655743883009,
            1.8340748982888821,
            -0.10087158851944203,
            3.8151648145222268,
            2.9761453899307697,
            2.5416229687082654,
            4.562983034498037,
            -0.003252072353811812,
            0.02800999380992544,
            -0.09784022778320274,
            1.1256515101963196,
            1.5222415189159912,
            -0.34282628423283,
            -0.5938029182213923,
            3.0174128388518673,
            0.5266461834878291,
            1.4733086096862222,
            -0.17224709241973007,
            -0.9244810042177896
        ],
        [
            -0.08362288708158974,
            0.5768523616382815,
            0.5670844510999281,
            0.5173780880166565,
            1.0296788805761663,
            0.5907786376239044,
            1.196243666556374,
            -0.5668144151765614,
            0.20427102598465496,
            0.9242863702790881,
            1.447030158774206,
            1.299723800995802,
            0.6257631468330226,
            0.5047402196802646,
            1.2650894810024091,
            -0.1455138148024822,
            1.3633077630072215,
            1.798467090229246,
            -0.11436098159119716,
            0.9456357315436299,
            1.090235567200987,
            0.4472556659271209,
            -0.0947906682193502,
            -0.34102496750095324,
            0.8872070581221434,
            1.8982863781964878,
            1.1886511041259584,
            -0.5597853698708516,
            2.3304661058883687,
            0.41700968443999753,
            0.11864501746066748,
            -0.8113803724564473,
            -0.24366538542822921,
            0.7089028389528815,
            -1.0742102870742791,
            1.4835445754985002,
            0.017402191598231066,
            1.2438236761789168,
            0.3565816624300118,
            0.05113289421583323,
            0.8153603810057427,
            -0.08820005115454085,
            0.7672011220210413,
            -0.12162005629511353,
            -0.31965982959058237,
            -0.2633601023717305,
            0.30535829928522834,
            1.3573645652485544,
            -0.029233157743862058,
            0.7638046545796584,
            0.7758515811915164,
            0.7828681670587346,
            -0.14451734183391157,
            -0.07799591143351384,
            -0.3025084822081915,
            -0.7577734873592358,
            0.37472902498195054,
            -0.03803092937266932,
            0.3652170136564197,
            -0.08647115506718832,
            1.208026004462289,
            1.285895550547249,
            1.0977587703357363,
            -0.06516798257732549,
            0.5189855940067816,
            -0.17061957258683247,
            -0.11968372059371629,
            -0.48314686056757256,
            1.1738278163218605,
            0.4976102677035924,
            0.06153954671330945,
            -0.028121149402672088,
            -1.9492036893878266,
            1.305056044032165,
            0.7499008097680806,
            0.7899415636415539,
            1.5874516542417734,
            1.1674189675359739,
            0.01854080554508656,
            0.5721616109927788,
            -0.18553691988180784,
            -0.37869978574874447,
            1.200159590933693,
            -0.05694609034240276,
            1.2177988854353132,
            0.7253023952321986,
            1.4891469064713674,
            1.363825944984968,
            -0.24255277253670232,
            1.4906127952987558,
            -0.057111544259841135,
            -0.0735059691886057,
            1.2157870191272035,
            0.29228394680372183,
            1.207556851546593,
            1.0923611839215523,
            0.27593223827547914,
            0.16401299874585779,
            -0.08810595120322447,
            -0.3998080936217372
        ],
        [
            0.4496440836677423,
            1.4637256145443431,
            1.2509359002367721,
            1.3021088284320355,
            3.504393589413528,
            0.20463217344481482,
            3.797233194646363,
            1.162535513220208,
            2.573351770887139,
            3.138845287856265,
            1.299723800995802,
            4.028992562999245,
            1.890037002617398,
            1.0637861213392699,
            2.32187660225191,
            0.3288255663051081,
            3.925080707478417,
            1.9129463986660142,
            -0.6468094351022348,
            1.6645869928762134,
            2.9538303740032794,
            1.7230004016104268,
            2.1558904542904895,
            -1.0909369886504352,
            1.96422318390799,
            1.6559160974458451,
            2.5674679559651308,
            -0.917686773785103,
            1.259516290023919,
            1.0896440123081195,
            1.9245532006391262,
            -1.3351201549498424,
            1.3412192035584254,
            2.8315652805375247,
            -2.3788925909339005,
            3.1676106834572813,
            1.75234143082515,
            1.3940072479818166,
            2.8238128703042573,
            1.1363850839465899,
            1.0009288608594902,
            -0.20845797267629992,
            2.7729753778095354,
            -1.1597970589609856,
            -1.0064114698860147,
            -0.6262401562894883,
            1.9177649200813511,
            2.2710627172601274,
            -0.09698923867655561,
            2.507631175931931,
            0.9570275610184358,
            3.5886764306314722,
            -0.443526573179574,
            -0.2598142528281385,
            -0.567231751345967,
            0.9394222998104688,
            -0.4468223180050193,
            -0.3162538985247779,
            2.3314164576242935,
            -0.3570832361769095,
            0.1829035754156575,
            3.0566228239997777,
            2.9518241736946416,
            -0.22927997815759021,
            0.9784560641894695,
            -0.4974975992630188,
            -0.039261405011080934,
            -0.7121488995924815,
            2.778377846948914,
            2.3482149784934903,
            -0.3118897282897548,
            -0.3281465235410374,
            -2.2807382177694677,
            3.047482242067917,
            2.455747463071713,
            2.986138030647858,
            2.6486539138774017,
            0.9264392345212548,
            1.4214380009970666,
            3.0111742479525736,
            -0.8966836400123231,
            -1.1155806070245309,
            3.858222276765593,
            -0.41191245284564154,
            2.5138827112271334,
            2.4682865564341174,
            2.281377111020949,
            3.086052376387397,
            -0.26498897081948125,
            1.6865664595687098,
            -0.14755298921031942,
            -0.6086548831314732,
            2.256111315819954,
            -0.1435638369663192,
            2.7374022279884995,
            1.8530930729190076,
            1.7679307316284205,
            1.225369160726372,
            -0.25934301409480937,
            -1.0166408019885234
        ],
        [
            0.22576324830181735,
            0.7317665651876554,
            0.5890090522162066,
            0.6406064042398067,
            1.7758895017889977,
            0.08882342785420562,
            1.7713309944215219,
            0.22166517216865886,
            1.2787376356231848,
            1.626269884680562,
            0.6257631468330226,
            1.890037002617398,
            0.9478500895726831,
            0.41160669081129797,
            1.016972568591965,
            0.13484848761977514,
            1.7896339685293956,
            0.695855440793017,
            -0.2909643687403794,
            0.8474097812950596,
