{
    "pos": [
        [
            1.3394115577443855,
            1.3005700204254835,
            1.1895854910293175,
            1.1869120263361845,
            1.0412184377288776,
            0.12579084154034278,
            1.2027518569634694,
            0.9194539061834329,
            0.9091071200543465,
            1.4110836075152777,
            0.8442414115893864,
            0.9385819371729959,
            1.2735529162491155,
            0.9885953938299696,
            -0.004242732663512032,
            0.8467681474378923,
            0.8070007988917904,
            0.44298434769470146,
            -0.24079419539607191,
            1.0741498194122867,
            1.3818216922342064,
            0.8612482641607797,
            1.2673133486243595,
            -0.0921766398873002,
            0.4221803845824439,
            0.3270295785150407,
            0.29678565423112063,
            -0.07333672250471779,
            0.7841546175002088,
            0.4564358108754036,
            0.4935533373743266,
            -0.5312660552354985,
            -0.12995445804924943,
            0.5179408057899086,
            0.03827508211496711,
            -0.5416985012079754,
            1.4291095929863626,
            0.31824678482766,
            0.10604957519557545,
            0.6663627263191712,
            0.30054473266159226,
            -0.04819779037711854,
            0.4387169129530962,
            -0.5797118486725099,
            -0.03776550540082931,
            -0.2679277560421932,
            0.7914459228402311,
            0.13718253051523857,
            0.047074790794636855,
            0.25591508471449936,
            0.3946687513016449,
            0.9797090734830207,
            -0.030523621945009363,
            -0.15644808275829702,
            -0.21519867007329038,
            0.7818447755588696,
            0.21708005419694687,
            0.24902127734234766,
            1.0533350836188349,
            0.016065908556828,
            0.9478108751051469,
            1.2122655966166467,
            1.0901912605631443,
            -0.1406840938738427,
            0.4417624239157519,
            -0.35599256172094906,
            -0.29083668304494714,
            -0.5553950334018809,
            -0.5320884215931813,
            0.9923399321710997,
            0.10963017457853319,
            -0.013324320689269517,
            -0.4296273286679063,
            1.3962543275797692,
            0.6112986234447171,
            0.9445873618906803,
            -0.0614153259239415,
            0.3499721221558404,
            0.6437330572948045,
            1.2609921633249044,
            0.7071890658101194,
            -0.047178435654120374,
            1.176509902267425,
            -0.03360004279151155,
            1.538240984777918,
            0.7667582872003341,
            -0.38974082730510146,
            0.43622072677147916,
            -0.09475539800340982,
            0.1026331639344743,
            -0.03920939894560613,
            0.7687876710426984,
            0.5039076811403472,
            0.6770673938762525,
            0.8008782740240484,
            1.1180084341385255,
            1.0421863897560673,
            0.8915058787907739,
            -0.23354853333251957,
            0.020956888527634082
        ],
        [
            1.3005700204254835,
            2.184493435527648,
            0.6710789835175079,
            0.654859638107852,
            1.9526068649374384,
            -0.283138957538248,
            1.9861300071435892,
            0.31295461478473563,
            0.7779004861291346,
            1.5847460105443303,
            -0.04178374490819957,
            -0.0795930538909507,
            0.3743048262706241,
            0.6348636895788772,
            0.6189301558224494,
            1.0373448521068342,
            -0.41048779169650873,
            0.8612614420198336,
            -0.06797351415831819,
            0.38784733485758693,
            1.6895396401159897,
            0.7395963534553909,
            0.7828463444978534,
            -0.13049038223003936,
            1.0170032414627368,
            0.782015814985483,
            -0.5990651169627504,
            0.14099469669449768,
            0.2919926001383674,
            0.4232324311683809,
            0.6984096028219587,
            -0.43456222872115824,
            -0.203010765077418,
            1.2485923707023978,
            -0.1442279189883171,
            0.11452433654972141,
            2.1037168789474916,
            -0.04510811873624878,
            0.17505089826890133,
            0.12440688435944283,
            -0.12325637511164998,
            -0.11144341869909624,
            -0.31777691836805233,
            -0.41665074613381936,
            -0.07242929513768817,
            -0.13052463570005013,
            1.1272997318563494,
            0.8208282902201589,
            0.03970504412299245,
            0.43076056387982453,
            0.8017826901444887,
            1.1629307873504018,
            -0.05804907776395313,
            -0.13240558922095744,
            -0.18680588337670456,
            0.7324591572163976,
            0.15892873619416747,
            0.06495839537396492,
            0.49013722063192233,
            0.0004769784415122175,
            0.340205573099238,
            1.0464383753924693,
            1.555445554909381,
            -0.11766230476310918,
            -0.017758798516125694,
            -0.4346587158129525,
            -0.151390146258203,
            -0.6554225073279333,
            -0.44358470551396034,
            1.5424503331223332,
            -0.012620059601375844,
            -0.10965664986941158,
            -0.34236474860616956,
            0.5691635572387959,
            1.004479132154257,
            0.8571325906464214,
            -0.94384303661435,
            0.2954052245905926,
            0.28040663114947906,
            1.0388484767095516,
            1.1562912580486313,
            -0.08335647288228361,
            0.4658292053517203,
            -0.10504263763156457,
            1.2595051317679682,
            1.6828483017123634,
            -0.3450145690200445,
            0.11729423784195783,
            -0.09777733815297573,
            -0.6677281336996997,
            -0.12430431040469832,
            0.5147009031725677,
            0.3913618439796207,
            -0.07754471079577852,
            1.8241508887577291,
            1.4057757984676789,
            0.8616813576199299,
            1.0059265186890796,
            -0.12827953771907216,
            0.11042432440909836
        ],
        [
            1.1895854910293175,
            0.6710789835175079,
            1.459963691754129,
            1.427301529117118,
            0.4573697190734355,
            0.4797842843999302,
            0.4085410077360557,
            1.0275170088120142,
            0.666335870374116,
            0.7870616545144187,
            1.4909276824591748,
            1.3476245745649562,
            1.2098191221311898,
            1.1202597136836496,
            -0.3694026155825979,
            0.3506393847558651,
            1.256326744260353,
            -0.08509768681981117,
            -0.23935116493806838,
            0.9950671450825453,
            1.0778866835930667,
            0.5865840773337586,
            1.4442675733892325,
            -0.06275391683992919,
            0.45687453347387663,
            -0.025334652387722225,
            0.9304847921096471,
            -0.16718965942030706,
            1.0893888351799528,
            0.5238393726569147,
            0.33841661227672093,
            -0.5642795948843125,
            -0.16653519285010535,
            -0.12310081624105747,
            0.1588500949482921,
            -0.624078322650522,
            0.761121453396561,
            0.45308096922934704,
            0.04826089446469923,
            1.134857103746689,
            0.29348324185079755,
            0.014357693896749683,
            1.0506355546203052,
            -0.6627650892164828,
            -0.024168124049273616,
            -0.26780599275695555,
            0.2647416792780081,
            -0.18798557020955936,
            0.056849727531492616,
            0.18382033186390234,
            0.09499808592217088,
            0.4507746544995162,
            -0.023538553673347593,
            -0.15207205057997025,
            -0.21796295561694037,
            1.1450184493270779,
            0.10514260869109791,
            0.34073440042312186,
            0.7905716019327111,
            0.014835441635085418,
            1.0547101894498243,
            0.8851105016443193,
            0.823632537237028,
            -0.13726379064871508,
            0.4562104725341568,
            -0.2587592845455495,
            -0.4580031319794228,
            -0.5688029174692327,
            -0.20779409591068526,
            0.6005019930876053,
            0.1823471646596495,
            0.15973074877740553,
            -0.21124336093921225,
            1.2713692831832486,
            0.3545145524179204,
            0.7331761675139381,
            0.6502600243078587,
            0.33887957008648806,
            0.8034744118457049,
            0.9793357126847287,
            0.2909974505411067,
            -0.04018856831953965,
            1.5337525980099944,
            0.029548378577033265,
            1.3013872470294396,
            -0.10725251300162292,
            -0.31444203391919257,
            0.45018587691779494,
            -0.16236026097987236,
            0.3290905922948841,
            0.025013097757828617,
            0.6270368868285043,
            0.3689824121090546,
            1.1405040308582504,
            0.12396467987002997,
            0.6263062275385394,
            0.7989408611240352,
            0.6181089979876896,
            -0.2646398779655625,
            0.00650029606490986
        ],
        [
            1.1869120263361845,
            0.654859638107852,
            1.427301529117118,
            1.4047998114684352,
            0.4471217860585583,
            0.45489827825678497,
            0.4572479011089556,
            1.0728719048949096,
            0.7088851044633243,
            0.8800972268977252,
            1.4374948526318392,
            1.3747023225624626,
            1.3195719181298948,
            1.1099466586386806,
            -0.357868179876339,
            0.41926963448901033,
            1.3094762698936058,
            -0.003303966278764637,
            -0.2543992055824987,
            1.0770846942132937,
            1.0641359104467727,
            0.64008388036984,
            1.4277607843281837,
            -0.06367425183326487,
            0.35801494124116123,
            0.007817878278594599,
            0.9110096007767439,
            -0.1743063475649051,
            1.0700165469412029,
            0.5126162305654234,
            0.34356981686917937,
            -0.5622776413527706,
            -0.1314290470281899,
            -0.06782980018176435,
            0.15327376032125184,
            -0.6483028350667519,
            0.7888240695040936,
            0.4736306957934635,
            0.06893657474846508,
            1.0762976360560959,
            0.3556052167700962,
            0.008954446198795691,
            0.9941278606709947,
            -0.6446600077214344,
            -0.022246992332158697,
            -0.276800778143123,
            0.3196244875377491,
            -0.20345809532946926,
            0.053242480627269745,
            0.19101220745754235,
            0.11113700210126305,
            0.5194131817431001,
            -0.020980965451535712,
            -0.1536579588505123,
            -0.21806177790387218,
            1.0281550488179334,
            0.12920262289406845,
            0.3344999924097263,
            0.9001600708861357,
            0.01693108158270521,
            1.1003113159338909,
            0.9548523515677605,
            0.7977038775932075,
            -0.13885505721943636,
            0.5044998895270353,
            -0.2644908898670604,
            -0.4338622696140466,
            -0.5400813167488843,
            -0.2714312534988065,
            0.5826628471065298,
            0.1711939515183911,
            0.12413450901667032,
            -0.2303748689533244,
            1.38418862226488,
            0.34731272455873213,
            0.7699978229476424,
            0.6058032941752912,
            0.3460854769577332,
            0.8039440644302527,
            1.043784533840982,
            0.31120949816304316,
            -0.03676656605259362,
            1.5064385491646792,
            0.02530488126336865,
            1.3507995436458475,
            -0.03364946909452975,
            -0.30804603346525306,
            0.5088421985620681,
            -0.14351031688010416,
            0.4045264405367488,
            0.02086289421767172,
            0.6754356670369636,
            0.41441819264943236,
            1.1049497284243806,
            0.13793273963708405,
            0.678650651344525,
            0.8500225512490824,
            0.6425189154415609,
            -0.2718512227217259,
            -0.005195902792640594
        ],
        [
            1.0412184377288776,
            1.9526068649374384,
            0.4573697190734355,
            0.4471217860585583,
            2.135325981880073,
            0.0014991378805767155,
            2.0152384294809385,
            0.5920386616749401,
            0.5881526916152838,
            1.7048527661373793,
            0.06342505508187529,
            -0.045536545740703926,
            0.36717062036099035,
            0.46082935560356963,
            0.9190890098010694,
            1.0699401235283263,
            -0.2629065112530366,
            1.1565024132857173,
            0.04705813132094307,
            0.2110479828508968,
            1.6716482704582916,
            0.39351896449300805,
            0.6919036846661895,
            -0.17567119306578394,
            1.111105474865758,
            0.889877105595245,
            -0.16427001021043242,
            0.10177890203442291,
            0.7974749369822003,
            0.8226692241836535,
            0.7651629672360256,
            -0.5398793812060869,
            0.03395361747779452,
            1.4961867034648337,
            -0.3032087455651913,
            1.0784188991820962,
            2.1616098354707813,
            0.2898704069877139,
            0.7952080285869982,
            -0.13851536152595398,
            0.0015224699070787932,
            -0.10701839227282127,
            -0.5978774451478818,
            -0.18299809822316093,
            -0.10305030062485113,
            0.0020974908837649606,
            1.0810087689095114,
            0.9018814566516149,
            -0.00034787195808003797,
            0.8539019124266534,
            1.1835502179922734,
            1.1273123809769654,
            -0.06242201287112584,
            -0.15171330597485044,
            -0.22351009906482397,
            0.3372751327298799,
            0.018087809223957814,
            -0.09551563927493166,
            0.24977033440131843,
            0.0009417989846279553,
            0.5126076104043762,
            1.052201829040383,
            1.7619084072812266,
            -0.13716015238751825,
            0.04982562636287737,
            -0.4191575059197586,
            -0.31714010581930163,
            -0.7681952368387479,
            0.1944926339788125,
            1.381165951536105,
            -0.12983639093084345,
            -0.28788550332370216,
            0.5576257073159182,
            0.5773787198009804,
            0.7691628977359741,
            0.9817783714762807,
            -0.9591583798441828,
            0.4134223891863193,
            0.06868557942612917,
            1.0244415452159854,
            1.2266567129781967,
            -0.12536123070498753,
            0.34419715591260225,
            -0.09518744175607956,
            1.033427369785685,
            1.8885149628709534,
            0.25425070448178494,
            0.9367724885857038,
            -0.19114481714465067,
            -0.2664923670690199,
            -0.15518109494199267,
            0.6236031799772208,
            0.5040710527643228,
            -0.15069028251891714,
            2.1957629446470057,
            1.4091235793087715,
            0.9151262195179539,
            0.8791591279082847,
            -0.24100153917103337,
            0.11436145249085564
        ],
        [
            0.12579084154034278,
            -0.283138957538248,
            0.4797842843999302,
            0.45489827825678497,
            0.0014991378805767155,
            0.6116342477584609,
            -0.18935578171725698,
            0.6640080709448581,
            0.05348373361221814,
            0.11645581578904352,
            0.951912597876492,
            0.6452041454649726,
            0.45660733674592086,
            0.25460887784190417,
            -0.09083490809473505,
            -0.00920873094191921,
            0.7431890162249544,
            -0.23860043696232358,
            0.004406307812942848,
            0.22900227580566385,
            0.2866050433806648,
            -0.23985216748369834,
            0.5941170727493714,
            -0.04056953941264202,
            0.13924885128630196,
            -0.3515556270883845,
            0.983432985830881,
            -0.14324003175976174,
            1.1025690666428751,
            0.5404506410818566,
            -0.02381838891422982,
            -0.25063082863942054,
            0.07187768038099313,
            -0.27817635439474353,
            -0.0768690890941373,
            0.4576188864083184,
            0.017383785258641975,
            0.5298122679033537,
            0.5227739598503545,
            0.3097605840012595,
            0.18507989683844253,
            0.04713278308885989,
            0.3303454761682976,
            -0.038211586976931035,
            -0.029092244902212152,
            0.02227990112322246,
            -0.1392302327963266,
            -0.2412558275686227,
            -0.014998731061665877,
            0.2588997087334461,
            0.20937492376928662,
            0.0027472896433599118,
            -0.0008849328412365497,
            -0.05731961831115524,
            -0.08718052125619606,
            0.20408883962368363,
            -0.10279432699693708,
            0.0036184908217123503,
            0.00043388946959805496,
            0.006618917283238101,
            0.5233422440801072,
            0.21152024354671092,
            0.3263421910015994,
            -0.053535951497643265,
            0.3202270341489072,
            0.020978986215011222,
            -0.3787204726231242,
            -0.275109746861943,
            0.6822435985025753,
            -0.09668888168798073,
            0.06120323385322827,
            0.0012827429544662989,
            0.6752648072715086,
            0.44127453452633036,
            -0.3701371768256628,
            0.3635506828644673,
            0.5254780173075232,
            0.17871592350246057,
            0.009183742839538885,
            0.25208635865572665,
            -0.03848494103612744,
            -0.04313901043589845,
            0.6960660759838102,
            0.05261156157036545,
            0.17036536870767885,
            -0.35513048870555297,
            0.40723992442612333,
            0.8526282405273817,
            -0.19224345132654344,
            0.4562673941844795,
            0.024805182179614596,
            0.3500674801985176,
            0.08463196885674418,
            0.7046762638442503,
            -0.06681261568066378,
            -0.05346533067814119,
            0.3502878168669714,
            -0.048159818278066355,
            -0.16923987608113267,
            0.020512924921472827
        ],
        [
            1.2027518569634694,
            1.9861300071435892,
            0.4085410077360557,
            0.4572479011089556,
            2.0152384294809385,
            -0.18935578171725698,
            2.5520367950209466,
            0.9109036839339819,
            1.308500104320563,
            2.562802702134624,
            -0.254216488147825,
            0.0033673154177820265,
            1.422052182666035,
            0.3375031214514284,
            0.8104744028779056,
            1.8599054519677367,
            -0.037884470554220895,
            1.0924728695858612,
            -0.13942403598718425,
            1.1133781231060726,
            1.8963577871476631,
            0.893755271443811,
            0.9066653126521858,
            -0.1588077168701731,
            0.06831406966142732,
            0.35158601955278096,
            -0.5184367503447666,
            0.04902490907216311,
            0.9522350679999301,
            0.5955380568188661,
            0.45423980345239373,
            -0.3674369929525446,
            0.039850059604769415,
            1.4778944218906727,
            -0.4616355740263706,
            0.2703584440893711,
            2.5412546521621207,
            0.39899649530295095,
            0.7718060206697248,
            -0.722458981841624,
            0.35348237098615926,
            -0.12941452032001963,
            -1.1994341736781624,
            -0.05604510167964171,
            -0.08658488232206864,
            -0.10942924888878865,
            1.7456026299451997,
            0.5417895749309989,
            -0.027045048806679968,
            0.40516238069475813,
            1.2085163360953743,
            2.099078647350317,
            -0.02280893153140591,
            -0.1361927990184837,
            -0.16134546955597118,
            -0.43707957220261157,
            0.3525194565482343,
            -0.1488421332899512,
            1.3342827663093686,
            0.02125094702998023,
            0.6950397009331328,
            1.7942272988200079,
            1.5739402085381213,
            -0.12289388590605421,
            0.674061172717014,
            -0.34057870162103976,
            -0.09215136946339066,
            -0.48673705736510864,
            -0.3421774190474135,
            1.4528886237830694,
            0.01383308708007984,
            -0.45308046526344836,
            -0.26163503700911556,
            1.600268645325654,
            0.34659022949411955,
            1.5745699077828252,
            -1.4151212941976978,
            0.344971604720373,
            -0.3326465157344198,
            1.7438301326927004,
            1.419549216390897,
            -0.08183450671470033,
            0.5036357965177835,
            -0.1243831351053,
            1.6221943135129413,
            2.2365407539597277,
            -0.004783554494450288,
            1.0853792468818007,
            -0.09992814733325,
            -0.20098624850834215,
            -0.14789123016945518,
            1.2966972779984287,
            0.6029079599188033,
            0.056990197866919015,
            1.9780921805651577,
            1.762556663354247,
            1.7550298311939696,
            1.0896335728520634,
            -0.1661853100436722,
            0.09839143931394456
        ],
        [
            0.9194539061834329,
            0.31295461478473563,
            1.0275170088120142,
            1.0728719048949096,
            0.5920386616749401,
            0.6640080709448581,
            0.9109036839339819,
            1.7427282604952383,
            0.9557956690385032,
            1.7524968647201966,
            1.2631962903195642,
            1.528407321722006,
            2.1800192738052977,
            0.7868346572790751,
            0.013041641280619548,
            1.0703161051268635,
            1.7815680422273996,
            0.5862096348445495,
            -0.24317633501888392,
            1.5522255801770664,
            1.1164646156332194,
            0.5957306972344089,
            1.374633377023603,
            -0.11719733263339216,
            -0.3482832411193859,
            -0.038423746992112186,
            1.2521877036686229,
            -0.2754640054103989,
            1.7689195694104436,
            0.8919015875225047,
            0.28302524221248515,
            -0.6065688520659185,
            0.28685707709708796,
            0.4047787687698665,
            -0.15541062127503913,
            0.1354433895101459,
            1.1390587262704794,
            1.0358906570413615,
            0.9382705683275679,
            0.2577220715117648,
            0.8850387745237122,
            -0.011948518204024157,
            0.15069695515153061,
            -0.21729322356866906,
            -0.048573667077610405,
            -0.18554351051472232,
            0.7603513420518455,
            -0.33231353309541717,
            -0.024140194536703987,
            0.5373804002034814,
            0.6744600886402496,
            1.175020602039148,
            0.0013994370023806973,
            -0.17579259067388164,
            -0.23465537142432802,
            -0.23491664439127052,
            0.18618285565893705,
            0.0768542568869305,
            1.4642813244455484,
            0.03423859917992488,
            1.5579833067875422,
            1.550349419995124,
            0.8963672473558273,
            -0.16191125318359878,
            1.0610257959569356,
            -0.21867767883996977,
            -0.46791732160107363,
            -0.4597911835043023,
            0.11247661526111644,
            0.3517708560884938,
            0.059564793268149334,
            -0.2998898858806487,
            0.48049319097757953,
            2.2565972610058513,
            -0.208839708441521,
            1.3507773431138472,
            0.22512585642261246,
            0.4877129586312675,
            0.31643927492064927,
            1.5858665148333173,
            0.5604313854567918,
            -0.05975137727898555,
            1.3540994007324643,
            0.011409648285481805,
            1.501003801572152,
            0.6260938218692154,
            0.3698407697754748,
            1.8432483390744103,
            -0.16580977586695708,
            1.191118834462144,
            -0.027660555954229893,
            1.3113853457370555,
            0.7459930276883534,
            1.0190033446361004,
            0.5511027705929227,
            1.015507908655384,
            1.506766604558627,
            0.6532091121760134,
            -0.40345978144123695,
            -0.042258987148996854
        ],
        [
            0.9091071200543465,
            0.7779004861291346,
            0.666335870374116,
            0.7088851044633243,
            0.5881526916152838,
            0.05348373361221814,
            1.308500104320563,
            0.9557956690385032,
            1.3143419976179942,
            1.7509353893370303,
            0.3239170511465007,
            0.5167693056344007,
            1.811740181713881,
            0.35551514284834174,
            -0.054237265117718196,
            1.3810103766586934,
            0.6401070929512946,
            -0.04962415896358879,
            -0.28912670631021914,
            1.505174598264867,
            1.2094695897660428,
            0.825000627262582,
            1.0959169305050762,
            -0.049522755057782517,
            -0.7940454829296043,
            -0.6999895932208055,
            -0.03638471569930627,
            -0.10882158458193376,
            1.0497465368966779,
            0.19587149819411323,
            -0.15730049748940816,
            -0.12279136786449685,
            -0.10440593208366547,
            0.16147395846394375,
            -0.2729902416482663,
            -0.897374248007237,
            1.3199616945086932,
            0.43225130225824193,
            0.2624775000026785,
            -0.3477441921428722,
            0.48019484719870376,
            -0.03510475727217401,
            -0.5287853625766005,
            -0.11301236142947316,
            -0.023171610081893904,
            -0.21233642679866205,
            1.1837837278949805,
            -0.3364949290779704,
            -0.01654512353209575,
            -0.32381329750607407,
            0.4020044239271352,
            1.6942194733941627,
            0.026629912615856524,
            -0.0724658315828035,
            -0.053902077421041264,
            -0.3618637396641493,
            0.4408808176714549,
            0.010667059927078528,
            1.604279085939582,
            0.030278197233644822,
            0.7117350878773282,
            1.5048651484971582,
            0.5981647652988792,
            -0.06506846459059676,
            1.0023381566757412,
            -0.059980920599980794,
            -0.035625729312882944,
            -0.10280906089256395,
            -0.4826930418872598,
            0.6949240934236754,
            0.26725170325313785,
            -0.18530586379350544,
            -0.9083459011849158,
            1.8313416603623776,
            -0.35606382322357905,
            1.3389191209418172,
            -0.5242308038378184,
            0.13476609838740353,
            -0.33250594611936185,
            1.5133544490246875,
            0.6535839055618383,
            -0.0014163368385441927,
            0.9917673891612342,
            -0.03907327664293366,
            1.4397558915067066,
            0.748940035252465,
            -0.3278688114151363,
            0.6431206017958873,
            -0.0566329627406469,
            0.019777185871998927,
            -0.010206194439486083,
            1.291640659134844,
            0.2961245708293793,
            0.8308135776651486,
            0.28991433938977,
            0.9518858066932714,
            1.660768443102696,
            0.6631206397569686,
            -0.05311802597356177,
            0.045063836105356254
        ],
        [
            1.4110836075152777,
            1.5847460105443303,
            0.7870616545144187,
            0.8800972268977252,
            1.7048527661373793,
            0.11645581578904352,
            2.562802702134624,
            1.7524968647201966,
            1.7509353893370303,
            3.1892607397166213,
            0.3139105706869293,
            0.8789591815669646,
            2.6924457589712123,
            0.6145131409048907,
            0.5625999830490719,
            2.263004777759607,
            1.0776756053302383,
            1.1904581342140375,
            -0.31563227751628664,
            2.047938818299353,
            2.012436305287219,
            1.2090042658931202,
            1.4363555609240837,
            -0.17168183648417404,
            -0.6212807059177459,
            0.10403010793722567,
            0.1485424641247339,
            -0.13945165600125833,
            1.6429503258811082,
            0.8072044481907277,
            0.3836454430400604,
            -0.5285656654394891,
            0.23039670210918875,
            1.3461882158067926,
            -0.4697905763301804,
            -0.05260352016101097,
            2.5956781915732705,
            0.900160131844171,
            1.0654518297083193,
            -0.6467134932150791,
            0.930675148705012,
            -0.11443614003466807,
            -1.0484312702877074,
            -0.09533284780825477,
            -0.07932364106624837,
            -0.2305615758185108,
            1.9557887468017392,
            0.06907558913068694,
            -0.04527265424381029,
            0.4351500206427936,
            1.2513905559726397,
            2.5509753944707505,
            0.0010117425979468929,
            -0.18902240281521906,
            -0.22108533516981135,
            -0.8506065620566802,
            0.49921518770589507,
            -0.08774936598445532,
            2.259626972350124,
            0.043245704111249464,
            1.457449700400634,
            2.4609248741599483,
            1.506745683265611,
            -0.17243104453444832,
            1.3239039513259914,
            -0.34522643231154754,
            -0.2058131395285285,
            -0.4607025324267546,
            -0.466483724076185,
            1.231562622629764,
            0.07472046082976817,
            -0.5870713958879435,
            -0.24298067872701418,
            2.855202251667361,
            -0.0047035843134855026,
            2.0969244630077175,
            -1.104958126756002,
            0.4952114767859369,
            -0.19162572484692994,
            2.429343936716884,
            1.4090009371803642,
            -0.07073831372749238,
            1.1034974623194709,
            -0.09888976833192685,
            2.237593816098521,
            2.154877878064793,
            0.10678174784798994,
            1.8830915195332676,
            -0.10151712943906147,
            0.6183367658375764,
            -0.12387276512511042,
            1.9197575448873014,
            0.9290416038613369,
            0.6053785292628768,
            1.6556719826134696,
            2.0000451845440637,
            2.412378686306439,
            1.2390313336231598,
            -0.31982735773305326,
            0.025422050417563038
        ],
        [
            0.8442414115893864,
            -0.04178374490819957,
            1.4909276824591748,
            1.4374948526318392,
            0.06342505508187529,
            0.951912597876492,
            -0.254216488147825,
            1.2631962903195642,
            0.3239170511465007,
            0.3139105706869293,
            2.050114775545803,
            1.651651326902779,
            1.111510973812212,
            1.0628324046174937,
            -0.4697897985450397,
            -0.048614480631619425,
            1.6747655263591732,
            -0.36371859083883556,
            -0.1537114946479873,
            0.7806025822151198,
            0.7777602210075677,
            0.09901244901378128,
            1.4874113246546772,
            -0.06446170528989625,
            0.5135603031670438,
            -0.29065001627523107,
            1.7117430372071825,
            -0.2662232429661521,
            1.659204107544033,
            0.821572094768998,
            0.2192078152433136,
            -0.6309959084876225,
            -0.04264676213814759,
            -0.5158625920440337,
            0.14039564660140488,
            -0.04609171211021853,
            0.20948783821219222,
            0.7728511283479174,
            0.40855582601738744,
            1.2967948212305607,
            0.35410360597457136,
            0.07071467611504499,
            1.3246429153896973,
            -0.5462960053328806,
            -0.03220934572663257,
            -0.16852555448966355,
            -0.21152310602843213,
            -0.41370079780030644,
            0.03549865432293218,
            0.3755397646466925,
            0.09053310376672673,
            -0.017503983241127594,
            -0.01846360787449584,
            -0.15343385895672035,
            -0.2324600088263797,
            1.139602917670113,
            -0.08168914057654973,
            0.2945611967070095,
            0.38500570139448026,
            0.013722289809431796,
            1.2087195672169413,
            0.5849581433437946,
            0.7016027013995777,
            -0.14027247026176387,
            0.5085852495400215,
            -0.14822433140773664,
            -0.6898317310119881,
            -0.6281821838513203,
            0.5053632796795496,
            0.14289989134368328,
            0.1683382224779445,
            0.18373145308687674,
            0.5582659213711175,
            1.1260667833676907,
            -0.0576037636932098,
            0.6231853083540555,
            1.208871508077455,
            0.3884772486997415,
            0.7396054199876102,
            0.7008599165607987,
            -0.02486162435824868,
            -0.06002451160313176,
            1.706451779456575,
            0.08863910967898897,
            0.9023374665199246,
            -0.7148183729008983,
            0.15360266576733544,
            0.9836236803283273,
            -0.2783882743649584,
            0.7539385893104915,
            0.05945261209915349,
            0.569904267702618,
            0.3027823526160038,
            1.458929839308772,
            -0.2206271546491684,
            0.18251568737616386,
            0.6182180605818364,
            0.27490772301358246,
            -0.3493497675632248,
            0.00020876697204683797
        ],
        [
            0.9385819371729959,
            -0.0795930538909507,
            1.3476245745649562,
            1.3747023225624626,
            -0.045536545740703926,
            0.6452041454649726,
            0.0033673154177820265,
            1.528407321722006,
            0.5167693056344007,
            0.8789591815669646,
            1.651651326902779,
            2.0373402496275346,
            1.8492639590328572,
            1.2034491783090449,
            -0.44616215925508745,
            0.2735302392602092,
            2.192401939273702,
            0.5340961802228231,
            -0.29624626084116285,
            1.357455725118084,
            0.5448500257553036,
            0.6649593842734536,
            1.292774913633191,
            -0.06704824166108196,
            -0.017567796507554963,
            0.43786781167231653,
            1.5331968396088598,
            -0.308394052039448,
            1.1028286482711147,
            0.6514176482336259,
            0.48904085862940516,
            -0.7089361078121126,
            0.24528124973431573,
            0.04333874243635293,
            0.28240271502448294,
            -0.3832420249453417,
            0.3231278395038359,
            0.7973046863002367,
            0.33491432943177424,
            1.2027854871819228,
            0.8384954985328819,
            0.016748081565055667,
            1.2707147635241336,
            -0.5911049346148797,
            -0.004154793262531297,
            -0.2995856766803294,
            0.06424766635254334,
            -0.41500231149098127,
            0.035984699365994736,
            0.5513876079637975,
            0.06764067932008735,
            0.22514310653586841,
            -0.013364445150152705,
            -0.18479286229739433,
            -0.2727327199794515,
            0.5251646671815243,
            0.0760565629987743,
            0.3703274850716639,
            1.202199749245807,
            0.026716634944382957,
            1.6346275558154464,
            1.009281648466785,
            0.45566386685959437,
            -0.16957416439523262,
            0.6754896560430946,
            -0.30402656473790135,
            -0.48362837228840405,
            -0.44377456053723885,
            -0.2995628796214444,
            0.01078853111107108,
            0.009011825009296936,
            -0.034638558550698716,
            0.35828516929632337,
            1.920911682740027,
            0.30911272743543267,
            0.6590344591418337,
            1.0223879453376867,
            0.48519305723913675,
            1.205281901476715,
            1.093023691757788,
            0.07964158197518705,
            -0.026696847064752668,
            1.437911359547834,
            0.05198416568873944,
            1.3419040208433792,
            -0.15387816331021925,
            0.04801160040935443,
            1.182620672783999,
            -0.06469857477495038,
            1.4476307441716585,
            0.02142267905574275,
            0.6950733303116995,
            0.7679693426743841,
            0.995116259420143,
            -0.09103353196522523,
            0.6420257146515033,
            0.7065810197696435,
            0.5558490799270402,
            -0.4475343332817893,
            -0.1366876699837018
        ],
        [
            1.2735529162491155,
            0.3743048262706241,
            1.2098191221311898,
            1.3195719181298948,
            0.36717062036099035,
            0.45660733674592086,
            1.422052182666035,
            2.1800192738052977,
            1.811740181713881,
            2.6924457589712123,
            1.111510973812212,
            1.8492639590328572,
            3.5161168926325423,
            0.8709508527823524,
            -0.26464821878818195,
