{
    "pos": [
        [
            1.2705596683120088,
            0.4094933925907876,
            -0.05301194841949373,
            -0.12214027486226016,
            0.8093666569374864,
            -0.14474702700879138,
            1.2633384004697268,
            0.02633941354636274,
            1.0257691957190285,
            1.128285807153693,
            0.1635881889699115,
            0.11522274814639455,
            0.6332273293138372,
            0.08119866604058638,
            -0.27843616953949574,
            1.0158875108156844,
            0.3037135950953449,
            -0.03516632320527709,
            -0.28272690173710086,
            0.7555318051551582,
            1.0154790352262635,
            0.24475440293306186,
            0.44200257942048576,
            0.07023885992528962,
            -0.4909552259772727,
            -0.3348969691833127,
            -0.9169136528917261,
            0.0932011972852907,
            -0.4057913510981309,
            -0.15096709263161717,
            0.7420870843550471,
            0.28251634613403526,
            -0.1040348195141103,
            -0.507372095658804,
            -1.3552997792464074,
            -1.4949995728940895,
            0.8421820646917078,
            0.3414527975680144,
            0.4293208426341914,
            -0.8548642379317622,
            0.6096765440965151,
            0.1403357259688291,
            -1.0724107456248928,
            -0.13572948244577396,
            0.08048893022828775,
            0.012463129327188412,
            1.2087689505308945,
            -0.6311775056866392,
            0.06046388865023749,
            0.17751031328450081,
            -0.38395484735937585,
            1.3032160438226892,
            0.07196786895186558,
            -0.0017632861906049747,
            0.5153048598147282,
            -0.7191031031552448,
            0.5960980074540537,
            0.007831728172215956,
            0.9519061976418259,
            0.028401994132666666,
            -0.17146533841265077,
            0.30949250080873364,
            0.5894686814750928,
            0.0018814351800700568,
            0.709304066908547,
            0.1164155651722138,
            0.16596152846977646,
            0.3154031770447527,
            -0.452938664508134,
            0.2724195445091554,
            0.37783916504815435,
            0.3210788236277734,
            -0.6138511012365583,
            1.0537207466571066,
            -0.7553229729323099,
            1.3189187809568068,
            -0.6311836419727832,
            -0.06700055596203694,
            0.0638651355476446,
            0.2962694048937047,
            0.7991127215120661,
            0.10574346005304602,
            -0.6343941075579795,
            0.004247199807361482,
            0.532956198334748,
            0.5675970963124198,
            -1.2664790386642162,
            -0.11715746884121299,
            -0.053269463154598296,
            -1.174177228711104,
            0.22126567566970554,
            -0.6126345957729928,
            0.8367330542864126,
            0.5273161930049577,
            0.5607459471177528,
            0.5324585994566621,
            1.09256967646495,
            0.9421491182919098,
            -0.14380141709084482,
            0.14941809945720855
        ],
        [
            0.4094933925907876,
            2.4428407332252413,
            0.5396140212781236,
            0.5904838048874921,
            1.5921052947976024,
            -1.4569172502863061,
            1.2058958775761992,
            1.26512936995502,
            0.9534918269105035,
            1.7862506789566504,
            -0.9916530190816796,
            0.8583948786105025,
            0.9455664262539929,
            0.7630685031875949,
            -0.17453023776569757,
            1.3904389426914125,
            0.5390677686770607,
            2.018326385019099,
            0.0009426315966857163,
            1.1788113574296994,
            1.9465339532116772,
            0.07812833247352224,
            0.6237068009618003,
            -0.08029881505957152,
            1.3884319584944986,
            1.7430234787937833,
            -0.06998788687711217,
            0.14041307979340228,
            0.4305106923039902,
            0.18468832889036743,
            0.06314446421647714,
            -0.21540497777378756,
            0.15187249927431729,
            2.1408648106077695,
            0.2843824947500568,
            0.3016407310160075,
            2.489273558289279,
            -1.22458185142417,
            -0.603836660144263,
            -0.09230685811967307,
            -0.9166040447021468,
            -0.4394026445965259,
            -0.14700054824430409,
            -0.35850591405225885,
            -0.08105808325297746,
            -0.263068306582303,
            1.2866026092963136,
            1.2035256411173425,
            0.014799859828874832,
            -0.5933639959892719,
            0.3646346118793484,
            1.7748498792143295,
            -0.10996126281580937,
            -0.01744728877412324,
            -0.5783966181234135,
            0.0882079797779598,
            -0.43652402621395237,
            0.2514020331732854,
            1.2331031982931462,
            -0.0006600506788469467,
            1.055435927301257,
            1.298007982424076,
            0.4549787473737825,
            -0.018969692203653712,
            -0.7187981148139799,
            -0.5358139632018528,
            0.32554470438565797,
            -0.23517128393183828,
            -0.31395712773450446,
            1.6546327928688696,
            -0.6743428633189752,
            -0.3572773287501371,
            0.2896450270595195,
            1.5196158919218743,
            1.5079442262646758,
            0.1477059578234294,
            0.011046867357231739,
            -0.8345067641688607,
            0.8591236001121532,
            1.2082150984770577,
            1.489253575893052,
            -0.011170273401760689,
            0.4605713318734592,
            -0.0870108376157035,
            0.966267341334498,
            1.9236621049289675,
            -1.1863169671282203,
            0.11664342881242967,
            0.07243999083901397,
            0.012963366336085297,
            -0.5987239855924404,
            0.7970752842780686,
            0.23262443745087344,
            -1.363591590991958,
            2.016493991331793,
            0.9853607269547937,
            1.2766153802168412,
            0.21692846163787807,
            0.13256161221317656,
            -0.10718121862624033
        ],
        [
            -0.05301194841949373,
            0.5396140212781236,
            0.8422431645582219,
            0.8850697210909184,
            0.09153948260528573,
            -0.547018916240713,
            0.004198680642285987,
            1.0286291307305058,
            0.6527558075558675,
            0.8323220627523317,
            -0.1675407640094516,
            0.6842784751682632,
            1.1830305868198507,
            0.5878691871543753,
            -0.6537918211193458,
            0.6508151922813692,
            0.6829960950163055,
            0.09410513434775895,
            -0.12574999819096996,
            1.1539660899857476,
            0.5211782752140368,
            -0.018123420436846765,
            0.7855192486405194,
            -0.012784922142203507,
            -0.25131994120020623,
            -0.32560139132218663,
            0.7380987876368429,
            -0.16962748501098843,
            1.220883627186425,
            -0.006518292725587168,
            -0.4452209029150376,
            -0.06199324494284619,
            -0.12207549728496343,
            0.5862678519336981,
            0.862084578792857,
            -0.05652834499033377,
            0.7100690589263962,
            -0.639511366595118,
            -0.5149986289428793,
            0.304666678298406,
            -0.674235450356082,
            -0.17787954433498687,
            0.39156320197208605,
            -0.227162554160246,
            -0.015916407792739957,
            -0.0911165419443274,
            0.5639805126100662,
            0.2487375376223282,
            -0.032795078438324646,
            -0.6775178641730537,
            0.3149073897713548,
            0.872161703254072,
            -0.04401485052765303,
            -0.013009353026409546,
            -0.09611279920535215,
            0.2580761801143194,
            -0.02955202249724308,
            0.15971719167353263,
            1.0933182104996404,
            0.007778076721161301,
            0.9034791101345532,
            0.9361574718864895,
            0.0007567138633282123,
            -0.010219062084177723,
            -0.15830607581183673,
            -0.02315434019661046,
            0.18706891768828246,
            0.008422797835469599,
            -0.07121772222194261,
            0.5549641357228453,
            -0.09945809406085948,
            -0.12444774863389832,
            -0.3185432683884151,
            1.1938989211130309,
            0.2475997535493849,
            0.4964271520147805,
            0.29792916048076934,
            -0.7112946025890899,
            -0.09142692875026154,
            1.2530717196753474,
            0.08431843122721797,
            -0.016910780120890843,
            1.3971673410700236,
            0.00854110503109457,
            0.6774493239435762,
            0.25055006806709773,
            -0.12199840070057132,
            0.23053187456557672,
            0.16938349193794877,
            0.8159997761136547,
            -0.22691406394096403,
            1.5899420622747598,
            -0.49278174402649866,
            0.16986677427493438,
            -0.17708632706743183,
            0.1336477844293835,
            0.9328022043669644,
            -0.31493236592305507,
            0.184094711497542,
            -0.07340478488642792
        ],
        [
            -0.12214027486226016,
            0.5904838048874921,
            0.8850697210909184,
            0.9513893345121656,
            0.0048520045623444185,
            -0.4749726443270137,
            0.010302288820244792,
            1.1109755168323427,
            0.656102206956141,
            0.8714164756565501,
            -0.13784468135020422,
            0.723331189084909,
            1.3217597850550016,
            0.5776453231909321,
            -0.5345766651285583,
            0.6647489477501171,
            0.6969727015681632,
            0.12514965171294515,
            -0.11681459964339927,
            1.2101669764094833,
            0.5246870584719793,
            0.15550478850224916,
            0.822345326908666,
            -0.03536148793968335,
            -0.26753730639554624,
            -0.30205179003333243,
            0.7969369830049642,
            -0.18346223926158844,
            1.3172885809461914,
            0.042394645028723026,
            -0.6161341650609179,
            -0.13888372094891724,
            -0.09791493318499657,
            0.6722224681442953,
            0.9810552757625253,
            -0.0020070455689439664,
            0.7472143125205782,
            -0.5668867032593989,
            -0.5437659979032069,
            0.38019499626840264,
            -0.6033052927466156,
            -0.2062092384439906,
            0.47642368060248164,
            -0.20216154797733085,
            -0.037391421710245995,
            -0.15869809697155401,
            0.48748095151171045,
            0.2788796497551928,
            -0.04234332806819158,
            -0.7631607180817581,
            0.394018891981514,
            0.8763142858247854,
            -0.04857172999128195,
            -0.023101975358073283,
            -0.246139289175702,
            0.29068112488198955,
            -0.07441649297147271,
            0.15731017725534568,
            1.1428741415103485,
            0.007417242038474945,
            0.9912653236251603,
            1.1020280976260854,
            -0.05691542557560911,
            -0.020589148065312198,
            -0.06994748959701896,
            -0.0784142936560789,
            0.1351163902692589,
            -0.07289049126103309,
            -0.13458438247502566,
            0.592971274581195,
            -0.12990797939802284,
            -0.22865582150570118,
            -0.3921648952907872,
            1.255333513829057,
            0.3507473120035738,
            0.3800155786465407,
            0.31211089238446205,
            -0.5780504510500399,
            -0.10783032770420696,
            1.3513506850459842,
            0.07121364372108838,
            -0.03230040859122702,
            1.5524158724536672,
            -0.005370840821193884,
            0.8183218780464764,
            0.2665224372111405,
            0.01587656833188902,
            0.3181846644900552,
            0.14775182708036044,
            0.9473785251516804,
            -0.2641074027422176,
            1.768487134883821,
            -0.523964293528895,
            0.16281993109272988,
            -0.20859031788250762,
            0.22307083654029763,
            0.9479428096151197,
            -0.3244657019712412,
            0.1879507692014981,
            -0.09699287010301251
        ],
        [
            0.8093666569374864,
            1.5921052947976024,
            0.09153948260528573,
            0.0048520045623444185,
            1.7524461845890735,
            -1.2786667329838544,
            1.0671640799230049,
            0.6815382673479944,
            0.8153757981114986,
            1.3263874771749211,
            -0.6714765871111525,
            0.6111059484654422,
            0.15244418890266445,
            0.5499271094175061,
            -0.6166777219573693,
            1.13604540744699,
            0.5436398855610095,
            1.4796250642997424,
            -0.04172212811504013,
            0.6755034963995,
            1.7282761896655972,
            -0.8055362127327609,
            0.3606598553643857,
            0.04306558445440694,
            1.210465956532177,
            1.2656965035411587,
            -0.35296786213586806,
            0.1969610204111364,
            -0.10597040009777653,
            0.05994941888579012,
            0.9540574752107842,
            0.19745401798570328,
            0.09727751104589494,
            1.076722780544867,
            -0.8179693674851656,
            -0.0810539542426465,
            1.8609709358079027,
            -0.9899478529508627,
            -0.010965305594865095,
            -0.6553146143291753,
            -0.7522927524635237,
            -0.17151474656943155,
            -0.7622067424604829,
            -0.3269984361829623,
            0.03621034536770239,
            0.11217150086547101,
            1.4354477712041758,
            0.5916824677005666,
            0.06264255180528466,
            0.0770671073885692,
            -0.1792830241379435,
            1.522600488250468,
            -0.045109944239743266,
            0.03199966864038991,
            0.24805745957174585,
            -0.3567409903422364,
            -0.12576748880488786,
            0.16695253072592492,
            0.7274486013160558,
            0.006717050471304698,
            0.39281803134655546,
            0.21916197103888863,
            0.7104730637881211,
            0.03077578929068463,
            -0.7214583245197006,
            -0.15029908503411704,
            0.4003788662405617,
            0.1936529555127955,
            0.22454259187815426,
            1.0341456344293696,
            -0.3539476709025184,
            0.22338087856283018,
            0.8156364275027039,
            1.0615572519947685,
            0.42182666501371835,
            0.8007056780356439,
            -0.027670479540783943,
            -1.126067876560506,
            0.7960689894159458,
            0.34108411123509497,
            1.4234320616781144,
            0.07749782313052563,
            -0.6334962419201207,
            0.006595779921749728,
            0.07750544221576222,
            1.4427463643006302,
            -1.707455697504355,
            -0.07303527551228922,
            0.041132000864305324,
            -0.8323049573471292,
            -0.25535488281215113,
            -0.5521336184902279,
            0.6277123562773106,
            -0.9232846534816459,
            1.9253802773953705,
            0.4006649091729907,
            1.0985176017989786,
            0.3772539917293967,
            -0.009188405103559878,
            0.05543823707319815
        ],
        [
            -0.14474702700879138,
            -1.4569172502863061,
            -0.547018916240713,
            -0.4749726443270137,
            -1.2786667329838544,
            2.006161263054406,
            -0.17479240834703313,
            -0.265759035522861,
            -0.3679266140302054,
            -0.6102039262159229,
            1.4863942263776146,
            -0.11208377116500678,
            0.35363261547428904,
            -0.9008365576043533,
            1.227565368066677,
            -0.5067064838012906,
            0.10209581598161664,
            -0.9905590829661085,
            0.0445463361421459,
            -0.45624755152482904,
            -0.6474972760646128,
            1.071586682618151,
            -0.13544790342200416,
            -0.09222283529333186,
            -0.9058269899442859,
            -0.9028084454025214,
            0.10510443268896541,
            -0.08247208907779459,
            0.09550243827706786,
            0.5482876653498867,
            -0.7743015946517394,
            -0.32797912487929715,
            0.30149538938242987,
            -1.4425663488402154,
            -0.9011923160526802,
            -0.1738583823804165,
            -1.1495983593957273,
            2.2175367516833964,
            1.1449779689187942,
            -0.1589480823847151,
            2.02932997571502,
            0.23795838673277828,
            -0.15911676331696833,
            0.6011506386382914,
            -0.08450349137058054,
            -0.2775191713282336,
            -1.125683041948866,
            -1.2094218527538523,
            -0.0446691527146342,
            0.29106088661903295,
            -0.03299101495056384,
            -0.7289131005383318,
            0.10584544849428681,
            -0.06050849061646051,
            -0.5818980391704217,
            -0.6480358358794628,
            0.07622015091551343,
            -0.3090420429671469,
            -0.5468490099398537,
            0.013825428021002395,
            -0.33482859482802796,
            0.12450166152951643,
            -0.4018785173903176,
            -0.06471399427381473,
            1.8274458009916685,
            0.004687089991493457,
            -0.8196637256310382,
            -0.37795319394810073,
            0.12311988672215651,
            -1.0695786003187997,
            0.37194819381696176,
            -0.3867730424091425,
            -0.13595062412012698,
            -0.25604756428106995,
            -1.0728738722334954,
            -0.47724963088744243,
            0.005670711476367634,
            1.966167678334677,
            -0.5219348407015847,
            -0.6571231689535546,
            -0.4696029477786728,
            -0.046558524469497146,
            -0.24723100413583024,
            -0.019552448501211503,
            0.2533912396088357,
            -1.0580466411374663,
            1.23471818478677,
            1.0603573094697178,
            -0.5217679195010809,
            0.010999701669599984,
            0.2991088714596116,
            -0.5129994733898527,
            0.5842714430903716,
            1.132015213483423,
            -0.9073485820096887,
            0.16025589209052216,
            -0.33680455995909964,
            0.39454205016081106,
            -0.3465870007597344,
            0.011595575772859799
        ],
        [
            1.2633384004697268,
            1.2058958775761992,
            0.004198680642285987,
            0.010302288820244792,
            1.0671640799230049,
            -0.17479240834703313,
            1.7387803745203656,
            0.4830843873798153,
            1.224938380046551,
            1.6806570591616579,
            0.07429293964501141,
            0.4019265724947988,
            1.1273652607068598,
            0.11594124968652951,
            0.2387124472724391,
            1.4027477828790822,
            0.4322425807775616,
            0.7156481560278264,
            -0.22435842496269431,
            1.048460260369321,
            1.6233352634080351,
            0.8154709067180855,
            0.5917273603090155,
            -0.025296061120984915,
            -0.014278313833908799,
            0.39009250595650763,
            -0.9422073218769248,
            0.14459348938645486,
            -0.2503383176489655,
            0.12459820004879302,
            0.36298893853678277,
            -0.017214040759083452,
            0.08853748356421215,
            0.24402133574083373,
            -1.2838007379042384,
            -1.2376593118029175,
            1.6355674129083504,
            0.45631224908688817,
            0.3955800696915009,
            -0.808618564211934,
            0.8243020026529697,
            -0.034457499789186455,
            -1.0438756871182855,
            -0.0890002248968077,
            -0.011359777360471682,
            -0.2684535894451265,
            1.2749594645571731,
            -0.28795312965779574,
            0.04516317464815986,
            -0.07109998668557652,
            -0.1251822400387742,
            1.7463080322405788,
            0.040231376988232787,
            -0.037502699092073016,
            -0.13237911382094847,
            -0.7580553903739454,
            0.32132492287401515,
            0.026768106224518556,
            1.2481341874773935,
            0.02741951987711217,
            0.2255273844733524,
            1.0324700287967434,
            0.5863641576940009,
            -0.0364351534914327,
            0.9026172871288396,
            -0.22603608996817443,
            0.020765072649489888,
            -0.025598156779667303,
            -0.6762332235818641,
            0.7663174775237397,
            0.09843112572679485,
            -0.09407374212241944,
            -0.5868710527075581,
            1.5221894226960964,
            -0.10355020210054951,
            0.9303485591055376,
            -0.6452651636582517,
            0.324460821726953,
            0.3309503778567151,
            0.6457377891567967,
            1.300540368747388,
            0.06252283494538904,
            -0.4309570736507854,
            -0.06728884342018195,
            1.1317311316608454,
            1.190328800477692,
            -1.2344754244802782,
            0.24366542084372778,
            -0.18689489213210025,
            -1.0384109419081031,
            -0.02189505966762227,
            -0.300043613228666,
            1.052615838816924,
            0.06578037457976514,
            1.237972811915825,
            1.1301028021322024,
            1.4003741013005468,
            1.1263807202275418,
            -0.17091350946525427,
            0.06822291168025689
        ],
        [
            0.02633941354636274,
            1.26512936995502,
            1.0286291307305058,
            1.1109755168323427,
            0.6815382673479944,
            -0.265759035522861,
            0.4830843873798153,
            2.7197518704325767,
            1.2557710610180373,
            2.01395521935399,
            0.529738458699934,
            2.1025871304362282,
            2.4531143467700485,
            0.7210707027195513,
            -0.40373606659406464,
            1.5986703989699356,
            2.1549762592492114,
            1.2777483526089657,
            -0.016603747488385737,
            2.0668538886511247,
            2.161172687414005,
            -0.1992181971251981,
            1.5571993081062838,
            -0.12915765619270017,
            0.6917147177162941,
            0.4771308522418042,
            1.7517441859148388,
            -0.18725562867865947,
            2.640663981658489,
            0.9846497758649563,
            -0.8817657564413145,
            -0.44704250482468205,
            0.43841012390124345,
            1.2603859271514208,
            0.0560295336494501,
            0.7461762562262781,
            2.1489102832230325,
            -0.0650750403119018,
            0.2937920222513907,
            -0.07588657197838815,
            -0.23271095564129116,
            -0.3952735990660456,
            0.09293056086407077,
            -0.030815903236721866,
            -0.14555092051879853,
            -0.35035727169432723,
            0.9397239705670893,
            0.256330053418379,
            -0.06740034877055132,
            -0.8628859398831976,
            0.5344237138202627,
            2.1317206949375667,
            -0.0678246835886017,
            -0.04977816238699452,
            -0.9424055332006859,
            -0.45530523246080207,
            -0.6427162246193316,
            0.14383460094089717,
            1.738781466756446,
            0.0228015911592385,
            2.043485091202276,
            2.003507725724391,
            0.16698178701148989,
            -0.05546838973668398,
            0.4418713561842494,
            -0.35300690422384,
            -0.24705285189890103,
            -0.41279663234329195,
            0.8683940125036369,
            1.0349854785013155,
            -0.5612410344450052,
            -0.6233493744794391,
            1.1624236364350709,
            2.8384963571017257,
            0.2116353029187871,
            0.6044049759881693,
            1.0840329685181487,
            -0.5032788348347186,
            0.3782428233971637,
            1.7585646786003921,
            1.2379507694969791,
            -0.04788539847343027,
            1.7322730336187537,
            0.007028685931667414,
            1.2655056522547496,
            0.914141945020444,
            -0.37397713229100193,
            1.9139199145383878,
            -0.29613462004411567,
            1.1099725870089852,
            -0.6092063918625331,
            1.8251753753582194,
            0.2605748716363229,
            -0.04127123654666865,
            1.1632095515792629,
            0.6523681523633054,
            2.2720859078342563,
            -0.20484442555851345,
            -0.03884722439728665,
            -0.143218263874572
        ],
        [
            1.0257691957190285,
            0.9534918269105035,
            0.6527558075558675,
            0.656102206956141,
            0.8153757981114986,
            -0.3679266140302054,
            1.224938380046551,
            1.2557710610180373,
            1.5213551069008293,
            1.909714096458187,
            0.23408105639402133,
            0.9765240605178063,
            1.8641873136996132,
            0.5146461932879396,
            -0.5401892895324164,
            1.6000886585549556,
            1.1334763936009302,
            0.3308770294337065,
            -0.3061011530613267,
            1.7766748372206036,
            1.654846992243315,
            0.33530511073282754,
            1.1829365803141618,
            0.0023193370490496574,
            -0.4232197816343619,
            -0.33794576759386014,
            0.03907138887551805,
            -0.0623570481347158,
            0.9746651694007156,
            0.1502470947099555,
            0.04694730976932712,
            0.03457394509451824,
            -0.022505072597981582,
            0.20580399550554296,
            -0.6418525608674729,
            -1.1141836460155519,
            1.6188984837466074,
            0.06213028394044459,
            0.17612252452057045,
            -0.5450800907492254,
            0.23540172217585456,
            -0.08260331843009695,
            -0.6432315849716095,
            -0.20844780877160282,
            0.006986542610802782,
            -0.18444010472744266,
            1.4766245609405497,
            -0.3576613857519816,
            0.010962221488115771,
            -0.46494523663734877,
            0.02146901480678933,
            2.076649073627749,
            0.02223467482416216,
            -0.030115833033532338,
            0.032951045790846976,
            -0.5864631751300388,
            0.3153592254384787,
            0.11442924349090332,
            1.8330994036312678,
            0.03405693620749299,
            0.8639158295876218,
            1.3714236724193585,
            0.49628547369097264,
            -0.02717627598564208,
            0.7553655920840646,
            -0.04386812249535341,
            0.1208721539414221,
            0.10217775943745462,
            -0.28456844708073126,
            0.781242347724471,
            0.12605658094982314,
            -0.030916739862278466,
            -0.4948053492795843,
            2.247708819657714,
            -0.40793436511537434,
            1.4332737695158453,
            -0.13342672691642665,
            -0.38302992523669216,
            0.07543829564117513,
            1.3877338104893688,
            1.0144593844120884,
            0.057816201107017975,
            0.6985851453944649,
            -0.0034538253359394826,
            1.2413502045159648,
            0.8371201131737696,
            -1.112002916559386,
            0.5624471414072296,
            -0.05891410046444123,
            -0.23249571606962244,
            -0.09415729139374546,
            0.8543319587338454,
            0.5251994515640085,
            0.5491768801548197,
            0.6320873130259205,
            0.7725205141433635,
            1.9722562239444408,
            0.6147946154392239,
            -0.04385166553697662,
            0.0383764034486792
        ],
        [
            1.128285807153693,
            1.7862506789566504,
            0.8323220627523317,
            0.8714164756565501,
            1.3263874771749211,
            -0.6102039262159229,
            1.6806570591616579,
            2.01395521935399,
            1.909714096458187,
            2.6752028963963723,
            0.17638895361939977,
            1.5484204258765666,
            2.4765979339449253,
            0.7165492277627159,
            -0.4225377284325082,
            2.1939364495613414,
            1.621760909530189,
            1.1635751676505397,
            -0.2724526919552847,
            2.3102489485023994,
            2.5619249526333063,
            0.4313994956494435,
            1.5344210763822463,
            -0.06057566746242369,
            0.16171393044897964,
            0.3368562757610595,
            0.26430428062637884,
            -0.030915948532610028,
            1.4434483758964527,
            0.4723071791300661,
            -0.12764816497247264,
            -0.1602905505924446,
            0.1741783512813101,
            0.9541417246363185,
            -0.743460119743653,
            -0.8236064150447877,
            2.629805300349199,
            -0.03569693378483609,
            0.22633225948424124,
            -0.6384052549666117,
            0.18968399170940253,
            -0.25980264698995237,
            -0.7314753575407822,
            -0.2297968293222472,
            -0.05833996966588631,
            -0.35771875454738855,
            1.8492703188000303,
            -0.04252938656620938,
            0.002259899371610595,
            -0.6915160986827732,
            0.20404866888794398,
            2.836209201921368,
            -0.012339908659699129,
            -0.049909912684884115,
            -0.41336506997043615,
            -0.7390690169265912,
            0.03185537987613273,
            0.16799027903737773,
            2.316287176603115,
            0.037470702388864956,
            1.4376657845015421,
            2.048807775155438,
            0.6265726335426004,
            -0.04969125147325595,
            0.7922456647339229,
            -0.2984420268858888,
            0.059390391267788036,
            -0.11202041557701761,
            -0.18195566813761005,
            1.3370438176727732,
            -0.17320638105766312,
            -0.30572292692405406,
            -0.10127264391807625,
            3.056422236956728,
            0.022448386307729305,
            1.4214814223371162,
            0.0498104427678768,
            -0.4325177925105266,
            0.4084019603275823,
            1.845515344571339,
            1.686299028203485,
            0.039425676306796664,
            0.9370181795142476,
            -0.03602880684466572,
            1.7120679527008205,
            1.5105591446769329,
            -1.406242431986928,
            1.0535128502211102,
            -0.17660437731687784,
            -0.12147204862526717,
            -0.3559712173456084,
            1.1638358658334675,
            0.7835917087830304,
            0.13896186920107553,
            1.481730262888388,
            1.2191370312446352,
            2.623138110056254,
            0.7198692117734772,
            -0.0713562474628288,
            -0.01701380722498799
        ],
        [
            0.1635881889699115,
            -0.9916530190816796,
            -0.1675407640094516,
            -0.13784468135020422,
            -0.6714765871111525,
            1.4863942263776146,
            0.07429293964501141,
            0.529738458699934,
            0.23408105639402133,
            0.17638895361939977,
            1.4507757822483864,
            0.5512952917932906,
            0.9615222083132358,
            -0.4824736606859772,
            0.5533480810233478,
            0.1746608443585817,
            0.8528263032707646,
            -0.6225255131566217,
            -0.03719922335189159,
            0.31936511482799534,
            0.2115535485251847,
            0.4886556853991791,
            0.4234784960326914,
            -0.058960757188434326,
            -0.6940101943006334,
            -0.8641319434922036,
            0.5165700557697385,
            -0.1195163159299159,
            0.80610376470035,
            0.6557577438748314,
            -0.5389607437953676,
            -0.2157197014117498,
            0.31271448682896424,
            -1.1478073049491062,
            -1.1065150870974556,
            -0.23605034906650568,
            -0.33370503453463435,
            1.767190341585732,
            1.1768688557517815,
            -0.39464972682603444,
            1.5628412628430663,
            0.16206928931915537,
            -0.37291949593579155,
            0.4298986709834862,
            -0.05927464318923932,
            -0.1950077232982479,
            -0.3521398875855436,
            -1.148882744907148,
            -0.0366452979745506,
            0.13686124261874086,
            -0.06279072520657311,
            0.2187926594763391,
            0.08956554669654376,
            -0.04645992963812993,
            -0.3854513915201318,
            -0.8446717474233607,
            0.052087091657515454,
            -0.20901600904236523,
            0.1614461459184519,
            0.024711395352468184,
            0.20879009327276005,
            0.46278911097531816,
            -0.11735957473598523,
            -0.05045324289584274,
            1.6341030668040588,
            0.05764488513577251,
            -0.6480343426880987,
            -0.22371136989279866,
            0.49109599988260566,
            -0.6699897470142416,
            0.28101430059413995,
            -0.25672829367261785,
            0.3002506018956335,
            0.7543996661693486,
            -1.2453105741638015,
            0.2632919041105019,
            0.2882319352776507,
            1.1858961252568623,
            -0.34539940772724803,
            -0.09655260603307717,
            0.047404792057942374,
            -0.009541566992634249,
            0.06981524422434161,
            0.023913076230144496,
            0.4039796156467885,
            -0.6677362725672455,
            0.5341415169502736,
            1.3530627837472144,
            -0.48903239471059634,
            0.03276747122577093,
            0.17827234963290675,
            -0.1763868917548094,
            0.6881205012429441,
            1.1489382160001902,
            -0.4069984021850405,
            0.170667782491263,
            0.5910638255764367,
            0.3577293382020992,
            -0.32389480742169996,
            0.03222022232766681
        ],
        [
            0.11522274814639455,
            0.8583948786105025,
            0.6842784751682632,
            0.723331189084909,
            0.6111059484654422,
            -0.11208377116500678,
            0.4019265724947988,
            2.1025871304362282,
            0.9765240605178063,
            1.5484204258765666,
            0.5512952917932906,
            1.6811591091847842,
            1.8153951965224753,
            0.4983212884055176,
            -0.3371134500910506,
            1.2522970402696527,
            1.7765486460236304,
            0.9914048641478314,
            -0.00613582298371311,
            1.5369872724914182,
            1.7663637020405176,
            -0.33200629903149603,
            1.1918752290336012,
            -0.08684815817376948,
            0.5974735522664151,
            0.3664885192352126,
            1.3546317933568943,
            -0.12688097142955415,
            2.0126516276880824,
            0.8336895890355183,
            -0.5300318191814218,
            -0.30041407775814316,
            0.3886580829205868,
            0.8003153894679411,
            -0.29829777942623337,
            0.5725660128082448,
            1.6477980628426137,
            0.0907888052905565,
            0.449299866542855,
            -0.2236316182461019,
            -0.06169449670434876,
            -0.2651347912424578,
            -0.10109644095725667,
            0.01322581807352722,
            -0.10168588688204364,
            -0.2211232687840861,
            0.7679236923656164,
            0.062252529301908555,
            -0.04444454717894942,
            -0.5221735459512461,
            0.3127863425906927,
            1.6850835307827652,
            -0.03938866090566037,
            -0.032232956555683374,
            -0.6468757003404714,
            -0.5248256980011914,
            -0.4907828576866724,
            0.08480986248486339,
            1.2614799001234767,
            0.020332223222200477,
            1.5165303911280512,
            1.4035469609124716,
            0.19636943182331545,
            -0.03751435098067303,
            0.41785202228886437,
            -0.22969122438920075,
            -0.22924743163555422,
            -0.277821278227164,
            0.8636804899306313,
            0.6998744982262098,
            -0.4086504916068754,
            -0.41273163320883194,
            1.1508268083962496,
            2.213152496979089,
            -0.06646971566258429,
            0.5845296272819162,
            0.8865263642447637,
            -0.38279636726611144,
            0.32888908329361444,
            1.181825343280563,
            1.0555240024961865,
            -0.021758090703987886,
            1.0894449712563359,
            0.022507014441896525,
            0.8379492346982748,
            0.6678598628506225,
            -0.4111161638455412,
            1.5963110990266438,
            -0.29004373971848957,
            0.6771625625133884,
            -0.42882804942894004,
            1.0931895498635127,
            0.38108822967677825,
            0.030175897864167547,
            1.0206876158232436,
            0.4415339621946475,
            1.8119117499734703,
            -0.09343756780245306,
            -0.08957607972372877,
            -0.08188164800043131
        ],
        [
            0.6332273293138372,
            0.9455664262539929,
            1.1830305868198507,
            1.3217597850550016,
            0.15244418890266445,
            0.35363261547428904,
            1.1273652607068598,
            2.4531143467700485,
            1.8641873136996132,
            2.4765979339449253,
            0.9615222083132358,
            1.8153951965224753,
