{
    "pos": [
        [
            2.6334453139601344,
            1.407575649880916,
            0.45862830125301896,
            0.306295048569156,
            0.9937075908988243,
            1.0066181233801277,
            2.4971451593813727,
            0.015031536522939577,
            1.9737394915631559,
            1.0881718270296523,
            -0.22652420870761736,
            0.4341358996077924,
            -1.284639160984965,
            0.7015130848799138,
            -0.5528173357407539,
            1.0620741763167145,
            0.7429876465614952,
            0.9881486449167775,
            -0.8236663101575993,
            -0.0008305958187417274,
            0.5535256738486983,
            0.5900595904764073,
            1.3641347350942084,
            -0.08470833149357399,
            1.0357457806925943,
            -1.3700403090956312,
            0.30348622242685425,
            -0.12409518339535452,
            2.1766964024399464,
            0.5438732169833214,
            1.2769069051368152,
            0.7218614623647411,
            -0.14267003893600522,
            -0.0774304266474824,
            0.5778741135840634,
            0.32026872205048496,
            0.9798028295539241,
            0.8354687331486359,
            -0.009237364702064833,
            -0.08962293772988869,
            -0.451799319962185,
            0.09058818514737832,
            -0.4166183028382479,
            -0.5142730212629526,
            0.027931732620489563,
            0.020363398118889764,
            1.5495862961900622,
            2.0787032882555083,
            0.3370669665106971,
            -0.23584135695938682,
            0.8721616184415044,
            0.8667700879209032,
            0.09388156797200055,
            -0.014110616206329588,
            0.7365590181880156,
            0.09571688017384897,
            2.1829452707147428,
            0.45561642776090194,
            0.36132561871149066,
            0.08730155551263552,
            0.7379194571302827,
            -0.39913941467471303,
            0.14285325397286672,
            -0.016604979441248075,
            -1.3351921229012294,
            0.15000853526179014,
            0.6047733207379999,
            0.244517242137378,
            0.1888502291122841,
            0.9559952124338195,
            0.1565107294210963,
            0.2187806979863642,
            -0.9485030528220855,
            1.1923134977140935,
            1.1107987964515726,
            2.175733897548129,
            0.14650218839225498,
            0.2690943839158417,
            0.4711830891088978,
            2.13324382899456,
            0.18070319549116381,
            0.16069669746679632,
            1.6084089390901752,
            0.35978647210661024,
            1.2793582847099605,
            1.576586242786116,
            0.530487885870153,
            -0.19803246645333833,
            0.1580009931504441,
            0.39303985551300313,
            0.2804490575653162,
            -0.2986874629208587,
            0.03956414703526991,
            -0.16174948258173313,
            1.616847898442605,
            0.5964625618776406,
            0.8216933691208843,
            1.7172258108809644,
            0.11885504561241374,
            0.4107375205112989
        ],
        [
            1.407575649880916,
            2.612200242657279,
            0.708531157481665,
            0.6842856782957862,
            -0.04160420101784321,
            1.4308475043875433,
            2.4672527060623657,
            1.04026253297784,
            2.1728863637593494,
            0.6501024448159658,
            0.09601505032785856,
            0.9925041685109536,
            0.7249944354536781,
            0.1299148439241266,
            0.2504676584922955,
            1.8660608767549112,
            0.9612959602830407,
            1.8584999844216974,
            -0.20539793594289316,
            1.0591294658121126,
            0.09774499410501947,
            1.5608424565093273,
            2.50298977367812,
            -0.10841055586663698,
            1.6223975288515762,
            -0.6396551772014707,
            0.560285862070292,
            0.008716574760121016,
            3.4029393667441763,
            1.094093691901021,
            -0.8486360431603579,
            -0.14603702772847735,
            0.3417411977547147,
            0.08221969243207335,
            0.8257644935022932,
            0.7720266954507392,
            1.2343767716000986,
            1.1704897197299358,
            -0.3897502205902894,
            0.21836792087591383,
            0.22010433916239336,
            -0.123771333181184,
            0.24965726355418286,
            -0.5004155744157641,
            -0.04344942828150377,
            -0.4987879213081839,
            0.2652404943782974,
            3.0773399169723716,
            0.3372649603841729,
            -0.7575961382377796,
            0.7972068231183621,
            1.2840348665821901,
            0.16515322964550946,
            -0.024040076473156157,
            -0.3336425183244893,
            0.235299728835582,
            2.3137713149257038,
            1.0581715639053795,
            0.5016370776313089,
            0.15971370793529607,
            1.2449732379452934,
            0.43720540269330854,
            -0.4871051538429645,
            -0.03949766168198869,
            -0.6652698556718931,
            -0.09431309080713111,
            0.29975540971154807,
            -0.45796665502549105,
            0.7705897771088774,
            1.0709370998048953,
            -0.11952953827021418,
            -0.16189122783969967,
            -0.9163416603246364,
            1.6764158642530687,
            2.052798492104211,
            2.1897712984395232,
            0.8084302349620904,
            0.7885033272865711,
            1.7671491487376216,
            2.5733734525708063,
            0.8684183555306085,
            0.14771442292655532,
            3.189126105547705,
            0.7521273800957304,
            1.9135367280664657,
            0.9766131858503206,
            1.2040983798423401,
            1.0666221251754382,
            0.05103160234540149,
            0.7426069635208469,
            -0.15298621520093458,
            -0.16029192544706983,
            0.4878254525285858,
            0.23744383320907225,
            2.012993891746976,
            0.8953869257831064,
            1.110751502262462,
            1.220128440169339,
            -0.014652564277940922,
            0.2681889084711674
        ],
        [
            0.45862830125301896,
            0.708531157481665,
            0.28065994506356645,
            0.24712499952750686,
            -0.2957357830998848,
            0.345410611173447,
            0.7482365722281696,
            0.2631005046671017,
            0.6132434687580745,
            0.30941265634974247,
            0.05106847787868958,
            0.18652770469595226,
            0.41991754909767653,
            0.2895815232271968,
            0.012299836119049905,
            0.6431722873569248,
            0.18530483230314843,
            0.47645684102175023,
            -0.08971099778562079,
            0.29486387432509636,
            -0.06764705332350104,
            0.4498059586190417,
            0.7055988529315338,
            -0.08743404871874509,
            0.36609931628866843,
            -0.13567225106844724,
            0.05597978137339115,
            -0.024486176922808165,
            0.8899742405414014,
            0.13333779584908442,
            -0.16199370390114998,
            0.026296882885223718,
            0.23893251793948778,
            0.09036240104385895,
            0.318541804631979,
            0.08413404792977207,
            0.3532040932066223,
            0.3394880084500809,
            -0.14681796853439447,
            0.24756536754118152,
            0.17305907468926088,
            0.03929423843622272,
            0.2353942761616958,
            -0.1494969340020197,
            -0.058807703693644846,
            -0.09326456927193125,
            0.22890149947454663,
            0.7523749463785652,
            0.12622831546216215,
            -0.12369504269132794,
            0.3649054525808543,
            0.2289498088659146,
            0.014820113964680146,
            0.040004667294719534,
            -0.007450449467703352,
            -0.08328157750122364,
            0.6243091066342191,
            0.388617216920772,
            0.1521328843792977,
            0.04016754377378783,
            0.30285255560270885,
            0.26325058822912495,
            -0.18742880258706943,
            0.048675148179653294,
            -0.1499137081817654,
            -0.0032961204219470915,
            0.14957115879351465,
            -0.05659489517766186,
            -0.14036933496083834,
            0.30589530089648775,
            -0.01744488974896442,
            -0.013808379095579956,
            -0.40416966929489795,
            0.45633972430101144,
            0.5660763556543523,
            0.5954790193820844,
            0.1643317579038999,
            0.187687393844327,
            0.6003169359612616,
            0.7277030646371027,
            0.13829716577797432,
            0.029646919663824933,
            0.9369115176062316,
            0.25259579083029243,
            0.5678785090731021,
            0.2057062949255964,
            0.2978381983543159,
            -0.13825878409415124,
            0.17102316083507074,
            -0.02662626522910085,
            0.03103689927331508,
            0.09363126528859074,
            0.16444032119097768,
            0.3729416643518902,
            0.5967196622471876,
            0.11340130575129248,
            0.41827354775855446,
            0.38893887844662545,
            0.0049807041185040875,
            0.1163841025221363
        ],
        [
            0.306295048569156,
            0.6842856782957862,
            0.24712499952750686,
            0.23027844341530385,
            -0.27889481049744597,
            0.33559444240398045,
            0.6203774914181617,
            0.2715108455205523,
            0.5494037259160014,
            0.23018404836732823,
            0.06306891796668489,
            0.18649521296590993,
            0.49354537341517135,
            0.19011218108527694,
            0.0654419895346684,
            0.6148372446855195,
            0.1657190659874042,
            0.4618740327147666,
            -0.040115744820165736,
            0.3238311546408206,
            -0.07181762489596365,
            0.44720533320189226,
            0.6743254828889668,
            -0.07426389356759242,
            0.34320756112049355,
            -0.07581020959062337,
            0.063295342556746,
            -0.018611789192078183,
            0.8372221281085631,
            0.16289805186393014,
            -0.2656219581985672,
            -0.03612238995557728,
            0.23800227659701184,
            0.07404024278925142,
            0.27703728241263237,
            0.10013845565587993,
            0.2979498626063694,
            0.3130357630894015,
            -0.14238672990738363,
            0.20639195121133264,
            0.19339586220426516,
            0.013501796411272943,
            0.20729656221057088,
            -0.1323151732133574,
            -0.05431546449813075,
            -0.12866463155016447,
            0.11568591591529981,
            0.7130256954210332,
            0.10107057611888148,
            -0.13611268425182085,
            0.30758081332278464,
            0.24147034992527272,
            0.012789288782850024,
            0.010545539777463654,
            -0.08630913837535349,
            -0.04291346023646041,
            0.5545911510719693,
            0.37077680885524766,
            0.1541947798337149,
            0.03705699595249594,
            0.29066074439444334,
            0.26137811462446137,
            -0.16272648460183572,
            0.013927401752679378,
            -0.06425425478183808,
            -0.022649998227346656,
            0.09461021731604026,
            -0.09952684534673262,
            -0.04066544576762176,
            0.2676782699182478,
            -0.03227710244000117,
            -0.03529602286276268,
            -0.3647179198855479,
            0.4209863518048838,
            0.5469860100429179,
            0.5190405070235574,
            0.16777893577937206,
            0.19956701891352469,
            0.5816703776431458,
            0.6420821083845292,
            0.17921968961819434,
            0.023448246885764842,
            0.9023622800110852,
            0.223460674624767,
            0.5175157834201788,
            0.137406218858957,
            0.29796184817003935,
            -0.0017320033549544586,
            0.10961664085291017,
            0.02142535933080138,
            -0.009160607353747742,
            0.07530697269777566,
            0.1816417159724652,
            0.35204031055335755,
            0.5222048115982247,
            0.12152741857925434,
            0.3701008700245058,
            0.3052740127721222,
            -0.02537694594857864,
            0.08122748285399158
        ],
        [
            0.9937075908988243,
            -0.04160420101784321,
            -0.2957357830998848,
            -0.27889481049744597,
            2.014014690708688,
            0.759408076795192,
            0.29640122367948096,
            -0.175928899246273,
            0.6088843187371472,
            0.23487993604717447,
            -0.030155444206059374,
            0.40555921326306665,
            -1.6275275186628215,
            -0.31782981247766107,
            -0.15700504875962962,
            -0.041925413268035366,
            0.666621008833036,
            0.29558398025141835,
            -0.5088765453930181,
            -0.5381026800708166,
            1.2291979819501213,
            -0.3794219132627841,
            -0.13566657817966885,
            0.054115371746780806,
            0.4559166539033391,
            -0.36546334502629013,
            0.7439742493931437,
            -0.20525643209701686,
            0.4331909605765343,
            0.8081051002816717,
            1.28135380765915,
            0.29672070882265683,
            -0.28496914072587426,
            -0.20301069397639482,
            -0.2682596668565785,
            0.7430428102036111,
            0.05386520980043297,
            0.2777316582790334,
            0.661389346592511,
            -0.8548525911821326,
            -0.5252185274155765,
            -0.16447463517023092,
            -1.2511838651069431,
            -0.16539512602416206,
            0.061654487223120974,
            -0.1441863226098773,
            0.6520715050949958,
            0.5653459609327051,
            -0.08813135178750137,
            0.08797491283341352,
            0.2933276916188188,
            0.5503333961128964,
            -0.058953198819384336,
            -0.517472275633386,
            0.2115123349222995,
            0.46822233706446464,
            0.7369869097445836,
            -0.34188744206183036,
            0.1171728687830863,
            -0.0391656163862668,
            0.46614705839226156,
            -0.9347319327156325,
            1.0501733573082745,
            -0.5957560188523984,
            -0.4429225020949451,
            -0.034387974537957576,
            -0.1515962268620852,
            0.030597535057332283,
            1.370291959067847,
            0.23929636044633196,
            0.011205306685188883,
            0.035382385741926294,
            -0.14143534788044096,
            0.5443643307574529,
            0.21770829866730726,
            0.7527914315969824,
            0.020684733963828198,
            0.27006024816084157,
            -0.8293194030104453,
            0.3011952902995145,
            0.32227867568105073,
            0.020653358391393754,
            -0.13749279451218252,
            -0.4858876062481861,
            -0.10898169330305814,
            0.9922456991585105,
            0.23628800870556735,
            1.0110733546814594,
            -0.8116420509091198,
            1.0500587483424388,
            -0.06591204736060768,
            -0.5068695782840937,
            0.04953564673825189,
            -0.7889134294724223,
            0.3231778485108203,
            0.39421601699075826,
            -0.12481730364332917,
            0.7015515487540765,
            -0.35976688303595383,
            -0.05471590308739366
        ],
        [
            1.0066181233801277,
            1.4308475043875433,
            0.345410611173447,
            0.33559444240398045,
            0.759408076795192,
            2.517447865964876,
            1.1868285543556414,
            2.240841597349975,
            1.409905537590336,
            1.1115928743803694,
            1.1177850105910399,
            2.2568830640878765,
            0.4467828023079798,
            0.7134849498026563,
            0.7097448415336864,
            1.7712224292095915,
            2.4208697125918186,
            2.3213433330904762,
            -0.5344646072951956,
            -0.13319891878598059,
            2.2867037543666617,
            0.3282915846977346,
            1.3563199588381343,
            -0.5173563721254751,
            2.133678036328782,
            1.7896485698101836,
            2.669483722153377,
            -0.5438363311038785,
            2.852909610930688,
            1.9424674039440646,
            0.3761671779863285,
            -0.25227542828186805,
            1.4788553843728165,
            0.9516888127711738,
            0.562653304887174,
            2.7420837961462783,
            1.3063619830997455,
            1.5877845609434194,
            1.296582668086363,
            0.30472002977319734,
            0.6786830195998919,
            -0.1422651649905549,
            -0.10149362046752307,
            -0.2290928918548897,
            -0.4754254233545705,
            -0.5897195377141075,
            0.5926445632658511,
            2.041121326975108,
            0.090022873784086,
            0.18786197285439007,
            2.2148641631543424,
            0.47742769384641437,
            -0.30449866441560663,
            -0.6863051311053692,
            -0.4982430791379729,
            -0.2898201078158628,
            1.3595197974157636,
            0.6603137329119174,
            0.021262158238252025,
            -0.020223289598426845,
            2.3493492115730223,
            0.4866556449043558,
            0.7196310245899795,
            -0.7622032061405482,
            -0.17026574111984036,
            -0.3588511069519435,
            -0.36451116556568636,
            -0.5532011364849437,
            1.271978076540243,
            0.8716613800598353,
            -0.5355121642429593,
            -0.5628938202389921,
            -0.6201532218285446,
            2.707720670357288,
            2.275352133277829,
            1.395482423171418,
            1.5963324356010615,
            1.614106839269752,
            0.9531714833568607,
            1.5255852070623548,
            0.9280713615633774,
            -0.12419574117827195,
            2.5975233295434155,
            -0.149574866688391,
            0.9827407509013666,
            1.2761331075664477,
            1.864904896873884,
            0.901666057643875,
            -0.7547901607338183,
            1.5458652150643428,
            -0.26131938222013834,
            0.49918909392962896,
            0.9790985512662858,
            0.6532060869542231,
            2.405165384715832,
            0.2530735554703762,
            1.1311672665240622,
            1.217850352294442,
            -0.8823280795650498,
            0.07783726675396774
        ],
        [
            2.4971451593813727,
            2.4672527060623657,
            0.7482365722281696,
            0.6203774914181617,
            0.29640122367948096,
            1.1868285543556414,
            3.2245175972679245,
            0.6837246929004641,
            2.3775209796855505,
            0.9406949628006971,
            -0.21913389034164404,
            0.8500187745132193,
            -0.6342455903077173,
            0.451126903958763,
            -0.2506883859121984,
            1.4400569599831254,
            0.9721909145762266,
            1.6406919078025533,
            -0.5250952099116775,
            0.6837414935992925,
            0.04805298851540427,
            1.3606176800548677,
            2.38798362357216,
            -0.034988750066086,
            1.6453549508602727,
            -1.4650945456580895,
            0.3481962181263736,
            0.08915341445436747,
            3.3857105975918644,
            0.8407401182724965,
            0.011738179458080358,
            0.3578076664011175,
            -0.1984309291553914,
            -0.013900373708487302,
            0.8978614264751477,
            0.5170251216283795,
            1.5118231274662441,
            1.0916706532513973,
            -0.475555025437401,
            0.17274463020465203,
            -0.3450931054050374,
            -0.0030354958732852384,
            0.19091662994389752,
            -0.5596169505153927,
            0.08154770554755687,
            -0.11277008966887521,
            0.9104230256896877,
            3.153093260580305,
            0.4766734865400706,
            -0.7940314988390531,
            0.6816488300265883,
            1.2464131968043146,
            0.2858532263961424,
            0.28021063239538335,
            0.35005225982225235,
            0.1650483462284247,
            2.6335731851988284,
            0.83318921237665,
            0.37538225163450845,
            0.19052336425994582,
            1.0650281648197468,
            0.05637073898895313,
            -0.7137929428470455,
            0.3024694161007915,
            -1.5362982316784977,
            0.10090111809886615,
            0.722038141149266,
            -0.08207338226280475,
            0.3206706250290135,
            1.220760957134918,
            0.06387896643416117,
            0.05705197023353645,
            -0.7559495471944462,
            1.559705597675099,
            1.776569296110127,
            2.5755569473812394,
            0.6726642574569963,
            0.46648246350892547,
            1.4387960353676483,
            2.967472914337852,
            0.48451232801241384,
            0.23752544300170528,
            2.794010859305618,
            0.9128683205489481,
            2.0369929151105977,
            1.5504135014632734,
            0.9496132024290118,
            0.47112381035894013,
            0.42434825671905474,
            0.5201108955369476,
            0.12860949911945993,
            -0.32329256483861624,
            0.06724208134516513,
            -0.38567005857134085,
            2.197420678547789,
            1.005722295129203,
            1.09592376243489,
            1.651454563238097,
            0.4050776000130563,
            0.4955514327824199
        ],
        [
            0.015031536522939577,
            1.04026253297784,
            0.2631005046671017,
            0.2715108455205523,
            -0.175928899246273,
            2.240841597349975,
            0.6837246929004641,
            3.520163155616329,
            0.24986885231496744,
            0.66090475415885,
            1.4424876478183979,
            3.147573548170948,
            0.2390161861554133,
            0.5255457961304262,
            1.1761737956155138,
            0.7257489914615807,
            3.099633660649895,
            2.5086550939091508,
            -0.03918907277796785,
            -0.325221948305545,
            2.249693806692106,
            0.028189585840073333,
            1.0079318094827354,
            -0.4851428476740945,
            2.6342044475358577,
            2.9667145981764578,
            3.460222248488222,
            -0.2858438719784426,
            2.65454762998876,
            2.117482613675443,
            -0.7125184868594276,
            -0.7473084222451758,
            1.3129745180267536,
            1.494636133532106,
            0.5419726541314701,
            3.6237556898176138,
            1.8480445156168905,
            1.4279291801368073,
            1.430609139643376,
            0.7695912839709267,
            0.5974544587112288,
            -0.2064453157818732,
            0.9360523916011085,
            0.21027135338453468,
            -0.4662272637029718,
            -0.2715641372109847,
            -0.594674244075303,
            1.5591346258571155,
            0.10161420293130413,
            -0.03670125367491391,
            1.80953772403857,
            -0.16647214946963101,
            -0.15261675183735035,
            -0.1058578011066534,
            -0.7924962876674977,
            -0.6675478001189019,
            0.1710596602427882,
            0.2777487399156638,
            -0.7679370746113432,
            0.01743874874768905,
            2.6629417099377672,
            0.9855671103930658,
            -0.4531235204633899,
            -0.11672210471328792,
            -0.467123861578524,
            -0.4222589625319422,
            -0.4270000505984639,
            -0.7756552507263242,
            0.9752027174155918,
            0.6121948553338507,
            -0.788837733582602,
            -0.9217395674136892,
            0.9851958293448085,
            2.7497623467786934,
            2.1308068791606387,
            0.3321839595407269,
            2.631047093552599,
            1.7093879973665835,
            1.121413506618971,
            1.0804741912659022,
            0.7176732444184312,
            -0.15417832568715995,
            2.194234777890038,
            0.1651376256680015,
            0.7739600569135373,
            1.0000233640694771,
            2.1160178724402914,
            1.2067398751208138,
            -0.3652073068525495,
            1.5981419063049958,
            -0.38210822653310994,
            0.8346125279386348,
            0.6109645977966096,
            -0.3855484675606319,
            2.523866727576521,
            0.23256778158206493,
            0.8553726440617434,
            0.31841096377807204,
            -0.36360909488160764,
            0.10962837870279847
        ],
        [
            1.9737394915631559,
            2.1728863637593494,
            0.6132434687580745,
            0.5494037259160014,
            0.6088843187371472,
            1.409905537590336,
            2.3775209796855505,
            0.24986885231496744,
            2.3800998018620025,
            0.958230343832216,
            -0.03439435912089964,
            0.4730400796940786,
            0.3280460244930752,
            0.4388306039070665,
            -0.13169190794208052,
            1.999443649496767,
            0.6328471257465558,
            1.443604386896281,
            -0.5797629742545701,
            0.7081162829790622,
            0.37363117534985585,
            1.2323606246342544,
            2.0790828702903035,
            -0.15616509583683297,
            1.1479798457432178,
            -1.0455200297142029,
            0.26177501886875565,
            -0.1894635622776201,
            2.848048295322555,
            0.8279028356397418,
            0.3070613223025942,
            0.28643212984445693,
            0.4071343928708544,
            -0.10966002617147466,
            0.7030310282035156,
            0.3514476628618338,
            0.8356901575861392,
            1.0995114342167576,
            -0.19221880386188522,
            -0.024062039743805427,
            0.15119112861069536,
            -0.02057920763388838,
            -0.37093487459290453,
            -0.6311499367640965,
            -0.07573796979057848,
            -0.47488964300176734,
            1.1171810554670139,
            2.674977534163827,
            0.2880052880947854,
            -0.3715198394158369,
            1.0764363677821374,
            1.2590844186474197,
            0.019589479164172703,
            -0.32162822720715467,
            0.07186310297431124,
            0.26924074818863525,
            2.513058547506863,
            0.98421129890669,
            0.7344833211654184,
            0.09598523714107618,
            0.9657017572105682,
            0.027848925004287442,
            0.30677437369646915,
            -0.3636214611969297,
            -0.5736699793297164,
            -0.020495916173259993,
            0.3269540950759322,
            -0.15275487722859252,
            0.6615595983176413,
            1.0477038455437802,
            0.032688318165915664,
            0.0690231688271312,
            -1.5581697571854851,
            1.4846560348278373,
            1.7382823106183534,
            2.3863351199270744,
            0.1846363830520678,
            0.6226446979170821,
            1.19857636168623,
            2.351460606296848,
            0.709657312464479,
            0.12442574218588605,
            2.68579509633441,
            0.3901502733125133,
            1.6190853085152712,
            1.1550531629973677,
            0.8820295134873715,
            0.43631561288939347,
            -0.13396805577741927,
            0.5887298799699033,
            0.019129575295534166,
            -0.23554133400649896,
            0.5547116963356837,
            0.6922859996005919,
            1.7327256076773905,
            0.6695693177123482,
            1.0947735000885563,
            1.6294582511463114,
            -0.2846881276115862,
            0.25533995578341323
        ],
        [
            1.0881718270296523,
            0.6501024448159658,
            0.30941265634974247,
            0.23018404836732823,
            0.23487993604717447,
            1.1115928743803694,
            0.9406949628006971,
            0.66090475415885,
            0.958230343832216,
            0.9093818615900023,
            0.4262998370707468,
            0.7172290407649611,
            0.190989816079341,
            0.8720428047296918,
            0.010972744858850386,
            1.116486590764161,
            0.8999441301274511,
            0.9303559794124912,
            -0.5063903091513565,
            -0.16053932283265238,
            0.9728696014673421,
            0.15098863871977236,
            0.6581682499010334,
            -0.32644202866909944,
            0.7774318104063199,
            0.47579965448493244,
            0.9177628653648671,
            -0.3420862412582276,
            1.2667763481194834,
            0.5550054980801595,
            0.8029730141458808,
            0.23354605693580535,
            0.822401612867266,
            0.42757799596897333,
            0.4177221704923246,
            0.8687053265964932,
            0.590643680735915,
            0.7850223467244436,
            0.5374696178844932,
            0.32004402711763946,
            0.3561670335577467,
            0.09529473210174387,
            -0.039688629880126135,
            -0.22658192998604335,
            -0.27144428895892636,
            -0.16446413763393847,
            0.9642170440687687,
            0.8898887903218793,
            0.12303131190304051,
            0.28471343554008927,
            1.3456436096366764,
            0.13043174447669847,
            -0.20039104069356362,
            -0.30256953698584066,
            0.15444025154625207,
            -0.31805022161569285,
            0.9254574770532283,
            0.4600097857834974,
            0.14904289650608524,
            -0.020002916672644134,
            0.9398928663368121,
            0.23052457376464106,
            0.4736206596366659,
            -0.3226580275454149,
            -0.19916293326358336,
            -0.0694006040336661,
            0.04913285770093347,
            0.004256594799277968,
            -0.0061034414928222,
            0.5123917723004981,
            -0.1296480330542441,
            -0.08544172967150576,
            -0.8090224411267362,
            1.2330950562388274,
            1.0115328759423245,
            0.9474512232245248,
            0.41212332105037053,
            0.6133949805866347,
            0.46030808421194247,
            0.9108798304119953,
            0.2099481177418377,
            -0.05060376129145904,
            1.2457189035942058,
            -0.0480505195515175,
            0.5688306039652308,
            0.7259594130065627,
            0.7037090919980731,
            -0.4911019740744763,
            -0.10778965171485722,
            0.30795178191849815,
            0.09553804047191433,
            0.3450535579261609,
            0.4720761401642915,
            0.8321727423638139,
            1.2172062136414468,
            -0.07215199947752798,
            0.7517063130012747,
            0.9611969025236502,
            -0.4111340088226865,
            0.15430273552943374
        ],
        [
            -0.22652420870761736,
            0.09601505032785856,
            0.05106847787868958,
            0.06306891796668489,
            -0.030155444206059374,
            1.1177850105910399,
            -0.21913389034164404,
            1.4424876478183979,
            -0.03439435912089964,
            0.4262998370707468,
            0.8345541837821125,
            1.2760618912365187,
            0.5592894492727174,
            0.469368201959413,
            0.5587589187024853,
            0.5547730753078429,
            1.3044292326198237,
            0.9807769022987334,
            -0.10401126642230765,
            -0.3167815704453541,
            1.3134708092057341,
            -0.23063486433766897,
            0.10246228690501752,
            -0.34467212551149945,
            0.8999658306944455,
            1.7870037358492188,
            1.6392377808565701,
            -0.32345247629671847,
            0.729735988569645,
            0.8673363929314069,
            0.057681562120465726,
            -0.3058085757823939,
            1.0338537297741275,
            0.7574575085058064,
            0.16088482715136354,
            1.6328723130569327,
            0.51153794437355,
            0.6494498649291565,
            0.9290188366607626,
            0.38188995245393126,
            0.5757156822806317,
            -0.04329130732111367,
            0.2345637971528495,
            0.10093059799830817,
            -0.3476606560054405,
            -0.22454701726766657,
            -0.020292318235422022,
            0.19844286249895202,
            -0.048418785014034904,
            0.35351200882255274,
            1.1942974887030517,
            -0.2894089775948805,
            -0.2565055634972862,
            -0.33629669514549065,
            -0.39588151456791076,
            -0.4197961274344927,
            -0.16295549521512914,
            0.1620054381115088,
            -0.25334869987010017,
            -0.06015811051410624,
            1.1832830350543884,
            0.49590164801765096,
            0.34594597430698004,
            -0.36489756286129843,
            0.27598791039669707,
            -0.2432509448674554,
            -0.3838863828603459,
            -0.30825804414324354,
            0.3552836738159362,
            0.14900107120638803,
            -0.38830316411296406,
            -0.4139827650642233,
            0.06304259816268884,
            1.2339154326159365,
            0.8695366784201332,
            -0.09270964075343913,
            0.9720098835169735,
            0.8573677528849123,
            0.30318235740958155,
            0.03166809012420491,
            0.3088914012435416,
            -0.1567270528386149,
            0.7699364191427099,
            -0.242945924272164,
            0.022440438251740844,
            0.2506054064256544,
            0.9077631384082774,
            0.15314895951846896,
            -0.3751933151477944,
            0.6386634907483002,
            -0.16390859602453745,
            0.5732063253919015,
            0.5222448288681578,
            0.5123234144636243,
            0.9256856198762519,
            -0.23016953320752043,
            0.41541908969077873,
            0.13852435191165743,
            -0.5325110961638045,
            -0.048811192227899106
        ],
        [
            0.4341358996077924,
            0.9925041685109536,
            0.18652770469595226,
            0.18649521296590993,
            0.40555921326306665,
            2.2568830640878765,
            0.8500187745132193,
            3.147573548170948,
            0.4730400796940786,
            0.7172290407649611,
            1.2760618912365187,
            2.9833947966910626,
            -0.33140202605864355,
            0.4383826190995017,
            0.9817854500358744,
            0.6622277655542543,
            3.02519220595157,
            2.3905193145711228,
            -0.21235151009263076,
            -0.44986956200065553,
            2.3728157529723015,
            -0.05313544679901053,
            0.9387668220971511,
            -0.4245849910351509,
            2.564283842260064,
            2.501033629960593,
            3.339697262284257,
            -0.3080528116627721,
            2.6230675915223047,
            2.143009676932581,
            -0.23607243821404975,
            -0.5503033944301153,
            1.0778947482783896,
            1.3004420567705024,
            0.454465440264063,
            3.4886178831569796,
            1.7591564762676233,
            1.399320530999125,
            1.4592353134830474,
            0.47826842569251193,
            0.3548451728206119,
            -0.22059462490202209,
            0.521628873745873,
            0.12645070409753353,
            -0.3978886369273994,
            -0.25884726051287066,
            -0.28646554586104805,
            1.6605157769090262,
            0.0934760233970706,
            -0.03114031875812138,
            1.7415551634480704,
            0.023893011663443486,
            -0.1390801748408895,
            -0.20381062745668507,
            -0.6006072802109627,
            -0.487436040188579,
            0.45044212830284347,
            0.17057394661858596,
            -0.6657006930592141,
            0.01271743811789926,
            2.563632623234959,
            0.6235229620993875,
            -0.1677177365136611,
            -0.23090887849691286,
            -0.6503396130709695,
            -0.37542059947590006,
            -0.3756634446410733,
            -0.6693967882376264,
            1.2192131153286474,
            0.6669113893439761,
            -0.6988906068218408,
            -0.8102936155728955,
            0.8436981984287139,
            2.6834016455740652,
            2.026451894120593,
            0.6048188543120094,
            2.406227908932835,
            1.616315235143082,
            0.8165879696626726,
            1.176456858939549,
            0.7211410574484072,
            -0.1219242010444809,
            2.009883579387173,
            0.05812549939843861,
            0.7419451970488063,
            1.2606412108480403,
            1.9954546126544483,
            1.3234341497771047,
            -0.5058948307695964,
            1.726691033612986,
            -0.33831455300553614,
            0.6069891839218023,
            0.5411524654998474,
            -0.6088993564825742,
            2.459941696511586,
            0.3489266404176944,
            0.7781749209260359,
            0.5585676577182352,
            -0.3852424029275601,
            0.11716822484780719
        ],
        [
            -1.284639160984965,
            0.7249944354536781,
            0.41991754909767653,
            0.49354537341517135,
            -1.6275275186628215,
            0.4467828023079798,
            -0.6342455903077173,
            0.2390161861554133,
            0.3280460244930752,
            0.190989816079341,
            0.5592894492727174,
            -0.33140202605864355,
            3.705452431215136,
            0.5124481030147608,
            0.5737031453514475,
            1.9129990733367395,
            -0.5427341298949416,
            0.39729153128747435,
            0.3116864417033686,
