{
    "pos": [
        [
            0.36174133560992394,
            0.29750745524324823,
            -0.011727553001213946,
            -0.055025707810687045,
            0.16151441995634963,
            0.35017466513223394,
            0.5850024024101651,
            0.1957121308094108,
            0.19592489643331848,
            -0.030806375992667574,
            0.3814627964482108,
            0.03695298969555559,
            -0.12384735955683582,
            -0.08022940906102427,
            0.4999682074892083,
            0.10119339662924157,
            0.011387566556858172,
            -0.21552586697249435,
            -0.13409433052825348,
            0.23953481013985828,
            0.2613393943990834,
            0.17568511531494954,
            0.04943566852587659,
            -0.2686627419042139,
            0.2901362186714537,
            -0.3207000471625152,
            0.15310058504488877,
            0.01584810462484691,
            0.7889873033535522,
            0.07715222946735367,
            0.1734351171470254,
            -0.19782083016329255,
            0.24768587386185303,
            0.10511896193949999,
            0.11680368186411856,
            0.3081004369026341,
            0.3119427758772453,
            0.46091651674050155,
            0.5906315194725376,
            0.16843061262117867,
            0.10807734421525227,
            0.06486108668447416,
            0.10591467175852849,
            -0.1382422242140495,
            -0.23518454989054152,
            -0.048271469300505576,
            0.040372329544135055,
            0.16262709898035985,
            -0.0055593276665426156,
            0.45606784723302773,
            0.5292545913636167,
            0.34560299883865825,
            -0.030062418655452585,
            -0.10908520935014046,
            -0.09785591289733742,
            0.18519307005967456,
            -0.012369389133612636,
            -0.027881425439841664,
            -0.14269143934565298,
            -0.03787004327993179,
            -0.3013995902139459,
            0.3838526209017211,
            0.3171460586382363,
            -0.115417593329661,
            0.2445213528783572,
            -0.15821850915706903,
            -0.1502047470536555,
            -0.13296066223793113,
            0.5398745874253479,
            0.004974312829007469,
            0.01384863989500059,
            -0.041834950198184166,
            -0.051905315501094576,
            -0.5753988764026414,
            0.12268997916314331,
            0.5999929970159134,
            0.03609360498542279,
            0.31411352301093565,
            0.25229761011520446,
            0.399440910607064,
            0.14309742203560233,
            -0.14270441977498238,
            0.4820979256220021,
            -0.008754988574072316,
            0.1990434239507172,
            0.1718683660879995,
            0.4053772982282888,
            0.4254166346725744,
            -0.1744467628267815,
            -0.05048933250274865,
            0.07000876064746037,
            -0.06260555841956615,
            0.47196617727784285,
            0.25493758368991487,
            0.39311656264235784,
            0.3026701372872782,
            -0.014360116159603224,
            0.40184624746657605,
            -0.037324377921894206,
            0.06039534363142342
        ],
        [
            0.29750745524324823,
            1.2902575243821208,
            -0.40142182110993646,
            -0.42893752510800404,
            1.1005482823266892,
            -0.32015362222614296,
            1.0604374677172284,
            -0.13131548576770286,
            0.08230091978307214,
            0.9236478248282192,
            -0.49499781852348196,
            -0.6647676356304347,
            -0.9883027384333746,
            -0.09435746765693925,
            0.5589845449250131,
            0.40388550772749643,
            -0.9516146134197729,
            0.5239246020103346,
            0.027137088004500338,
            -0.3358352185650871,
            1.3056757230021034,
            -0.03830186154580758,
            -0.4343770745006279,
            -0.2984425549234507,
            1.1939632912383218,
            0.5438046904947409,
            -0.7618490505879456,
            0.2302571837672634,
            0.33929635439012795,
            0.06336725258514814,
            0.26795386191107656,
            -0.14540407497880076,
            -0.00018919388453300217,
            0.7864279841347582,
            -0.1538978409339888,
            1.4294493626772804,
            1.4789639704566884,
            -0.08991371256848535,
            0.30869270767404977,
            -0.23608323059052175,
            -0.2956003762473826,
            -0.05350307213801952,
            -0.39270230199500955,
            0.028351448259939044,
            -0.27137690084709454,
            0.04416396990006637,
            0.6002275849491303,
            0.888976155714964,
            0.009024072912356124,
            0.2516101992882171,
            0.6849311325279293,
            0.469350451046768,
            -0.05813721458716449,
            -0.08614954172888227,
            -0.09022119355936009,
            0.17253027023771322,
            -0.24113962260297886,
            -0.13685232163521294,
            -0.47293970401236884,
            -0.04537856237783322,
            -0.40685295932605536,
            0.31258179754165283,
            0.7291862029948482,
            -0.09154533326079436,
            -0.3033924763165712,
            -0.27651302387855575,
            -0.0721286144186029,
            -0.40762240695820257,
            0.309308615454011,
            0.8659465942109863,
            -0.08515324311846383,
            -0.11373636572701354,
            0.17341105270393403,
            -0.9792257912445284,
            0.6752658979776844,
            0.25722671217008775,
            -0.7030735432011274,
            0.10350372423978026,
            -0.32207031477005815,
            0.17824928197205506,
            0.5188695804388241,
            -0.17182609256452375,
            -0.036160639416646545,
            -0.10630046131044922,
            0.13840115507209694,
            1.2368851118422233,
            0.08306692847982958,
            -0.06099555009715393,
            -0.14370657810054535,
            -0.8707350553322963,
            -0.10022182956405407,
            -0.033697205521829844,
            0.06468499983779205,
            -0.5821710113647398,
            1.059518421252647,
            0.5883229861773719,
            -0.09008526420541657,
            0.27695924996698945,
            0.06654164549313168,
            0.14335155828244947
        ],
        [
            -0.011727553001213946,
            -0.40142182110993646,
            0.8366533177491995,
            0.7872339649729128,
            -0.21744690687467846,
            0.3409480813561823,
            -0.7396582541227201,
            -0.1875325721860208,
            0.12774049632863066,
            -1.0127862706075554,
            0.5595535387066297,
            -0.11373571562260248,
            0.19161760958839558,
            0.04408721973383525,
            -0.49902289452788234,
            -0.2942701139911585,
            -0.0949128794978284,
            -1.283526900796186,
            0.2072550162473609,
            -0.2050892656616136,
            -0.34359096412809675,
            -0.30275750253822276,
            1.0245014086929671,
            0.4386549823708653,
            -0.48756523820560266,
            -1.2281559375507698,
            0.21331299618718283,
            -0.04179178345937608,
            0.8146340425724073,
            0.1956821532779223,
            -0.40254930761599833,
            0.2690313200346112,
            -0.46994334857360975,
            -0.9375686129238083,
            -0.5375931527376634,
            -1.1037369642405783,
            -0.7702955469974093,
            -0.22372581016924184,
            -0.3992387545258511,
            0.10424826767911724,
            -0.3972687081782806,
            0.037345035801448,
            0.14353442552831727,
            -0.06028666740724412,
            0.35382521426411073,
            0.05888293574241781,
            -0.3153308479060447,
            -0.5319677454724562,
            -0.0023770208874935067,
            -0.49085844553268726,
            -0.5088112281822269,
            -0.255184660764966,
            0.04481797077444181,
            0.15847377516670763,
            0.16049462041995827,
            0.7620435528217457,
            0.25072522292273813,
            -0.005591602136614405,
            -0.3539682074673325,
            0.060489863758450495,
            -0.5018887117816293,
            -0.5319424386942138,
            0.10440057282241454,
            0.17238810313109493,
            0.01091927280075071,
            0.43024505897318277,
            -0.0865556032145246,
            -0.02601449342755448,
            -0.056333828642413146,
            0.05636159916719592,
            0.2318171463810308,
            0.3371282434517456,
            -0.2998680011029783,
            -0.5576981071960309,
            -0.8701581553959814,
            -0.16238903007431574,
            0.3589314566517002,
            -0.2770842151288199,
            -0.300772424411001,
            -0.30798172971918514,
            -0.17298242406640396,
            0.16561737187987322,
            0.16979749754916548,
            0.09695399745698349,
            -0.3183887785126812,
            -1.2378558412731144,
            -0.3262021649472825,
            -0.4955214558617222,
            -0.18409470067664713,
            -0.6658314587433013,
            0.07126454900565743,
            0.10577031590047681,
            -0.6695737850881277,
            0.9744014239447522,
            -0.7544162059857007,
            -0.7714959470927795,
            0.5115186503521472,
            -0.3222122695568843,
            0.05422408269717236,
            -0.022120135041227645
        ],
        [
            -0.055025707810687045,
            -0.42893752510800404,
            0.7872339649729128,
            0.758865852791963,
            -0.2275365876475935,
            0.20202463306392865,
            -0.7912935158452279,
            -0.11449355456649496,
            0.12697029866297643,
            -0.938291790164168,
            0.523246042371717,
            0.05383947970665323,
            0.1708727290310468,
            0.15390437281615024,
            -0.5968286022217179,
            -0.36557583001833205,
            0.06220164171196139,
            -1.0947891027878747,
            0.17062731808174048,
            -0.24040025160225353,
            -0.24270027142891748,
            -0.33264991947513733,
            0.8889653223602901,
            0.40352039184387434,
            -0.39614512149172193,
            -1.0262273293387938,
            0.34492999275379316,
            -0.04530893075016589,
            0.8013487575133935,
            0.13811751226582744,
            -0.4151671231556507,
            0.2427119300940365,
            -0.4271560465305025,
            -0.819212177776752,
            -0.4557018297165163,
            -1.0418962842180954,
            -0.7407648759855003,
            -0.2858910640998946,
            -0.4368552295006592,
            0.17301970838145697,
            -0.38822359008444135,
            0.021208777662187213,
            0.22404379336798264,
            -0.07184201972434416,
            0.3237846872328115,
            0.04763447223747185,
            -0.3053630629591031,
            -0.47233513189201326,
            0.006415303681922613,
            -0.5331804545079697,
            -0.6397021404178441,
            -0.2478034569609009,
            0.042488162558910754,
            0.14583894149266027,
            0.14425614429806818,
            0.7241115116939858,
            0.17388090020455632,
            0.0369147902829566,
            -0.25369850171031877,
            0.05429619137432943,
            -0.3057270769105403,
            -0.46827469503177177,
            0.028010998511178033,
            0.15825223322508006,
            -0.05577391825174154,
            0.38485959092093786,
            -0.09721822907951794,
            -0.0034899411223640827,
            -0.044921554795090815,
            0.054430114518251804,
            0.20141060581315806,
            0.32903243612579547,
            -0.2507272856435658,
            -0.29395454286416006,
            -0.7416197419976691,
            -0.1849618566850582,
            0.4830404143240956,
            -0.30409026637982534,
            -0.3302034078726938,
            -0.27945134499045565,
            -0.1771679486562436,
            0.16000442447097105,
            0.20258620354072182,
            0.09534367880027812,
            -0.28969118150919887,
            -1.2068358487438753,
            -0.4207748602919491,
            -0.547552592851786,
            -0.1441441921521374,
            -0.5222859254461134,
            0.04432127215202508,
            0.0744385863712076,
            -0.6781385581405804,
            0.8355501104635513,
            -0.6928991632102276,
            -0.7760331889729037,
            0.43814671166632585,
            -0.38786726909782177,
            0.05129204665860409,
            -0.018384135167222256
        ],
        [
            0.16151441995634963,
            1.1005482823266892,
            -0.21744690687467846,
            -0.2275365876475935,
            1.998920773824182,
            -0.8350349207835177,
            1.5910582674733684,
            0.6941616482589982,
            1.3733816449683565,
            0.9191245845396383,
            -1.0103241582433506,
            -0.10223786259577194,
            -0.6552835716713133,
            -0.23961185656922349,
            0.7574539083402743,
            0.2892954746915406,
            -0.15352877119201713,
            1.1217798135405603,
            0.007474531148978951,
            -0.8263943456238225,
            1.129764161985977,
            -0.4306120162826503,
            0.08942160809296457,
            -0.12927478123020816,
            0.31611424855035497,
            0.12423906006245389,
            -0.5378176609057358,
            0.44905795390206776,
            0.1440594743561015,
            0.11874779371507634,
            0.41915883911907903,
            0.01755906469295035,
            0.8921016027698638,
            1.8942097318546278,
            -1.497587703586368,
            2.0351801576314723,
            1.4419604887118966,
            -0.2481144369258711,
            1.397257240081125,
            -0.648577538393214,
            -0.6565524597082488,
            -0.14614926261011948,
            -0.35575596692240496,
            -0.21541748131516122,
            -0.1329644246007908,
            0.0777737904834002,
            1.3236432044963398,
            1.7783480503403983,
            -0.01430296436157075,
            0.7993333720540003,
            0.2968945699904891,
            1.9879545860835535,
            -0.04030228154040522,
            -0.012014709616148075,
            -0.004437576176264086,
            -0.3310007322259694,
            0.006936520160248271,
            -0.4299043621203003,
            0.013004924202880259,
            -0.01669537052927644,
            -1.3757282845892123,
            1.3019962462788728,
            1.3392902189408973,
            -0.009680218425667207,
            -0.47746841111507277,
            -0.1655877019343236,
            -0.17867328320699183,
            0.189945090297965,
            1.9037983524301465,
            1.0413750024666208,
            -0.13313270219517825,
            -0.2894876636947696,
            -0.07463915556047074,
            -1.1471770438667233,
            0.5758383465690884,
            1.8463346471975695,
            0.02519433994588376,
            -0.012567949033365234,
            -1.1625431205282817,
            1.3855978230147983,
            1.3947986641398415,
            -0.11243880267855129,
            1.5686869210405279,
            -0.11476372484320173,
            -0.2063186830159737,
            1.458621102477756,
            -0.18211927705518732,
            0.31007519649552906,
            -0.1491885126386104,
            -0.28249183128856337,
            -0.23011890701844978,
            -0.6895070763352482,
            0.339224378843122,
            -0.829405552822807,
            2.425610233860793,
            -0.06938685288822621,
            0.9050433079537241,
            0.22217793909892875,
            -0.038042322977944736,
            0.13643656464931705
        ],
        [
            0.35017466513223394,
            -0.32015362222614296,
            0.3409480813561823,
            0.20202463306392865,
            -0.8350349207835177,
            1.4174791321321885,
            -0.07127017266373825,
            -0.5470049094523975,
            -0.44555721504508905,
            -0.8885944992714381,
            0.8575745490974749,
            -0.8158991217929336,
            0.5191159083567094,
            -0.6347982982823043,
            0.5697508312874365,
            0.35168197529563944,
            -0.6773611693151592,
            -1.6487180089605677,
            0.10840941381546808,
            0.7942925784662997,
            -1.1786508540115135,
            0.5165490970828626,
            0.7800537159269688,
            0.11303103293267294,
            -0.7406195494503738,
            -1.4292699988375688,
            -0.3894235279546693,
            -0.18852064147599065,
            0.2583796603366077,
            0.3138034707947437,
            0.025408338168823583,
            0.03438532169886426,
            -0.3835071476157985,
            -1.436676470936271,
            0.2495973584212146,
            -1.1451644217862404,
            -0.7842561657539584,
            0.8152424196057226,
            0.04301715327721377,
            -0.05180488954877031,
            0.39701189843323087,
            0.20169155966743302,
            -0.24139588685774568,
            0.07851941391748017,
            0.1097212396322622,
            -0.007455899331943849,
            -0.6349045503579425,
            -1.0844312643509662,
            -0.055241067139388714,
            0.25201050497451505,
            0.9412586276618198,
            -0.6723167394916638,
            0.01918035912440978,
            0.015003125842216088,
            0.04207346288107371,
            0.2961821702936316,
            0.4921680133493805,
            -0.0872154776518283,
            -0.5427811289604791,
            0.02426227715949557,
            -0.7050067784333002,
            -0.6589250113463543,
            -0.04001040721252799,
            0.018852055298911607,
            0.8175130653096524,
            0.2515240223983943,
            0.08149018627175,
            -0.18597942697125938,
            -0.5489733575473855,
            -0.6039481053238268,
            0.2313016657890771,
            0.10584244632388334,
            -0.30293697297454486,
            -1.2262466552608453,
            -0.9753005472411207,
            -0.2459008989312392,
            -0.663111523499243,
            0.3801283924638351,
            0.9053195220529857,
            -0.46533201158355714,
            -0.5178289377355482,
            0.009173592585785232,
            -0.5447402570966532,
            0.057944054860146324,
            0.03324870617973386,
            -0.7390071849551917,
            0.9383907203958577,
            0.5594433084306211,
            -0.2291603332072208,
            -0.49818373893055634,
            0.3105046589745024,
            0.4133737876928506,
            0.29966534625362506,
            1.3135602993149147,
            -1.2118382109567545,
            0.21968103727000937,
            0.04532312690709861,
            0.5513648831475302,
            -0.01455477116445067,
            -0.07207663586484568
        ],
        [
            0.5850024024101651,
            1.0604374677172284,
            -0.7396582541227201,
            -0.7912935158452279,
            1.5910582674733684,
            -0.07127017266373825,
            2.5357166073063944,
            1.0441784532076575,
            1.3690188587497205,
            1.0960663244346076,
            -0.5761637749541131,
            0.12160937989766037,
            -0.24936304199600925,
            -0.6066921493221313,
            1.840552287171444,
            0.6423956830031092,
            0.24677452819830215,
            1.3098716794727345,
            -0.3408934211731067,
            0.1288230610576063,
            0.6273170352780723,
            0.29124812970639546,
            -0.32690964950142565,
            -0.6927937220794717,
            0.1709656420564794,
            0.1143585142941722,
            -0.3217979217182904,
            0.3355147054704827,
            0.15383617368861613,
            0.10828101692340789,
            0.9328153493554185,
            -0.39601875884830307,
            1.6043424923284881,
            2.1045210576253517,
            -0.7388750798588593,
            2.4031819322285757,
            1.530051999384984,
            0.9042466889109477,
            2.480525211133633,
            -0.49242710040481247,
            0.16960429614060654,
            -0.005469121451383985,
            -0.2709356150235153,
            -0.32333969251841066,
            -0.5860494227481943,
            -0.06431961043429461,
            1.1970104610120067,
            1.7060339309873571,
            -0.04795433554421037,
            1.8820337598745078,
            1.458501808382009,
            2.290384874128785,
            -0.08354492849681606,
            -0.2506151317213858,
            -0.21739726622596486,
            -0.9175076399162997,
            0.07993489546540046,
            -0.4495512961172377,
            0.27756980049681096,
            -0.08915675131100603,
            -1.3820555665960412,
            1.9766324157599968,
            1.273871820768065,
            -0.26530674994330566,
            0.28042282429261317,
            -0.5477572286154103,
            -0.2077638753392889,
            0.2470432391916614,
            2.372246813181181,
            0.3095911894127799,
            -0.2238087035889211,
            -0.605206155074829,
            -0.060927653780461624,
            -1.2681065775124978,
            0.8723082108954398,
            2.6481581847395126,
            -0.14711106312535457,
            0.7448381056650457,
            -0.08608882589037187,
            2.014297351989462,
            1.3470881483954518,
            -0.3582896313180397,
            1.9132839299459286,
            -0.14844157973015645,
            0.2747877712248421,
            2.033669363746055,
            0.9616807039082188,
            1.6321889716244269,
            -0.18671145475809964,
            0.6511631480471922,
            -0.05330643447180301,
            -0.7484447861931707,
            1.7183121087647386,
            -0.7228927574023402,
            2.7653125119096273,
            0.8235310129573512,
            0.5113120937882377,
            1.1180923866057895,
            -0.189353855488289,
            0.12768366579424467
        ],
        [
            0.1957121308094108,
            -0.13131548576770286,
            -0.1875325721860208,
            -0.11449355456649496,
            0.6941616482589982,
            -0.5470049094523975,
            1.0441784532076575,
            1.5612927979817424,
            1.4202818531907289,
            0.26609888037297064,
            0.0753341299964006,
            1.726085012957896,
            0.2519482404830863,
            0.3476758307590838,
            0.4655810721916021,
            -0.37597447655455013,
            1.9240802627520202,
            1.2845297187517133,
            -0.5155262571844372,
            -0.027062854811784522,
            0.4948117080388677,
            -0.10581873253595105,
            -0.2810265960857915,
            -0.5261438276677669,
            -0.0473070100160464,
            0.2561153656987179,
            1.3991318135877022,
            0.13148945923373287,
            0.865305044020797,
            -0.19377847077247704,
            0.3780858656236127,
            -0.3691144778101963,
            1.5701833008481987,
            1.752658154025819,
            -0.34209678209696703,
            1.1879096973804715,
            0.3604403932515235,
            0.4354967358572715,
            1.7981053587071767,
            0.37195175512328493,
            0.12283160067197585,
            -0.0426835604967212,
            0.7618439392363621,
            -0.5202990505090658,
            -0.45455648047184527,
            -0.1475598008532983,
            0.6278519923199819,
            1.2144199328818193,
            0.014819821476583117,
            1.0982763551974262,
            -0.21650650730930915,
            1.8897363101914104,
            -0.041588957589653544,
            -0.20743818047511958,
            -0.19571830603289966,
            -0.5537583114211052,
            -0.19864276767010267,
            -0.02724087518752871,
            0.9608802098460005,
            -0.07521506856643932,
            -0.0652949022276297,
            1.9202247230643903,
            0.413018152325446,
            -0.22162690426338316,
            0.026389111024270936,
            -0.4400056537510528,
            -0.37589833824060087,
            0.5536449212703363,
            2.335468753823435,
            -0.15975193296871518,
            -0.20775803240584306,
            -0.3134504038977688,
            -0.03247370945967759,
            0.7218068540544904,
            0.8045403688206196,
            2.2970212702346724,
            1.535142486512249,
            0.34563308964832595,
            -0.26084821881928877,
            1.9416147109837276,
            0.8635644440920489,
            -0.2147420588991334,
            2.4226844348943164,
            -0.01812138664679995,
            0.23908694200375807,
            0.537254743260726,
            0.030361176779335548,
            0.9445641887158669,
            -0.008119518448336685,
            1.662129573898887,
            -0.11670313633655885,
            -0.870601843651686,
            1.1776547094758494,
            -0.5424007453148143,
            2.0500890960237603,
            -0.07775910254301811,
            0.3574326475322864,
            0.29772034024520977,
            -0.21035072834833635,
            0.07856741138014071
        ],
        [
            0.19592489643331848,
            0.08230091978307214,
            0.12774049632863066,
            0.12697029866297643,
            1.3733816449683565,
            -0.44555721504508905,
            1.3690188587497205,
            1.4202818531907289,
            1.9323499553428165,
            0.0949042776077161,
            -0.3020327033879491,
            0.9931782967003372,
            0.266819341902049,
            -0.1622779180006544,
            0.7652599634634862,
            -0.10049975622463375,
            1.2637981573755397,
            0.8244790763750782,
            -0.23879391329115865,
            -0.39317187559859934,
            0.2025768054453015,
            -0.3288030581432605,
            0.5401239994097898,
            -0.15693586069034585,
            -0.6947872888864657,
            -0.6351417795668806,
            0.6226701109889152,
            0.3051449372536592,
            0.6093435884857425,
            0.08642517329918345,
            0.41170659097204854,
            -0.06266574601663531,
            1.550481677442087,
            1.7757015740679152,
            -1.5149404297859383,
            1.290423239080189,
            0.3871466108260182,
            0.2768332010619666,
            2.116571221779899,
            -0.2721335004570919,
            -0.31498579969821894,
            -0.06641584949390587,
            0.2615614743964477,
            -0.4962258369137447,
            -0.14756715063678028,
            -0.029194329037450173,
            1.030891636594771,
            1.462736032821087,
            -0.027241889969673153,
            1.2416188966174864,
            -0.015298178596770129,
            2.4390352366753585,
            -0.016740528430252512,
            -0.053752583223350615,
            -0.029303660119986936,
            -0.5365573426037481,
            0.21259915839527457,
            -0.3706562147849757,
            0.6142160832445773,
            -0.017046883012597082,
            -1.3811344394562242,
            1.8653841463914558,
            1.0832918200248567,
            -0.053487842864943985,
            -0.01699721814628381,
            -0.1150659956222331,
            -0.32539704458192964,
            0.6645865178093958,
            2.7634863356239308,
            0.22652772833471052,
            -0.09490962750928483,
            -0.3099762927684417,
            -0.31717863877049446,
            -0.5590393818570116,
            0.20657371704895586,
            2.7946217427573425,
            1.1347081341577858,
            0.2013989061747751,
            -0.8292835342178061,
            2.119993328420301,
            1.3303322573722272,
            -0.10469811311453799,
            2.723133281803437,
            -0.028196432546083686,
            -0.17095199768274658,
            0.5944631716881225,
            0.03677332823378706,
            0.9627819804423192,
            -0.15572197072975472,
            0.9292461997910746,
            -0.12373677355151842,
            -0.9843528859706612,
            0.9491699309855133,
            -0.23795755614648187,
            2.380025602651531,
            -0.47860981344918124,
            1.1874907296909833,
            0.34296778859929056,
            -0.1895523885563552,
            0.06675503890969518
        ],
        [
            -0.030806375992667574,
            0.9236478248282192,
            -1.0127862706075554,
            -0.938291790164168,
            0.9191245845396383,
            -0.8885944992714381,
            1.0960663244346076,
            0.26609888037297064,
            0.0949042776077161,
            1.5508725575578926,
            -1.0703350820276962,
            0.02233787497587478,
            -0.6582240345793339,
            0.046000800075900135,
            0.5036495361007899,
            0.3508457926387986,
            -0.11919409364870603,
            1.8890388704647412,
            -0.1729548726069962,
            -0.2273445413278164,
            1.0561247318565739,
            0.07948381796506276,
            -1.269891954052187,
            -0.48336411620220965,
            0.9720411945312141,
            1.7186827582816075,
            -0.4795598868769383,
            0.19940142803120756,
            -0.8870555299798846,
            -0.23148734881659583,
            0.4670685254039364,
            -0.2579622844719932,
            0.5528763977159289,
            1.6130088196302612,
            0.2135545814988894,
            1.8943868465941476,
            1.4603705523823716,
            -0.12360982440446076,
            0.4751263986570547,
            -0.2808767627338398,
            0.09743098149534517,
            -0.12535787115281866,
            -0.2861350586352643,
            0.06244935986701183,
            -0.40240056814523273,
            -0.018455328486214978,
            0.7594921311792098,
            1.1688753467467305,
            0.016059145662503795,
            0.46999210367323957,
            0.424981541093735,
            0.6608264614733653,
            -0.06254968774087424,
            -0.1553844134588921,
            -0.1660241514737832,
            -0.8008179137765682,
            -0.41145438676336976,
            -0.06350153806983676,
            0.3177293823084979,
            -0.06947118493343625,
            0.4011347568734489,
            0.781907351286014,
            0.2220819884279636,
            -0.16924232328935995,
            -0.38798909278596344,
            -0.5271083942115854,
            0.05952982169949709,
            -0.02297147671676334,
            0.336643626294131,
            0.4714968759131388,
            -0.3109932853399151,
            -0.398103367480114,
            0.40630662132640316,
            0.4562672864474948,
            1.2733794248881325,
            0.3377358601404752,
            -0.4523565401156579,
            0.14073605064906783,
            -0.19403820939712582,
            0.49212464477263657,
            0.5564093541834836,
            -0.19244524404281704,
            -0.016320570803752484,
            -0.14912883680505284,
            0.26799925900452704,
            1.8471593760171274,
            0.02851971278502683,
            0.26234130285603036,
            0.19782064558792845,
            0.4126748496132618,
            -0.2050609649762913,
            -0.251677915577283,
            0.5117638160018103,
            -1.5294917776126407,
            1.4736247219028393,
            0.7996918234242574,
            -0.42000696038315843,
            0.21164823971643393,
            -0.020378632457368304,
            0.08328029132595488
        ],
        [
            0.3814627964482108,
            -0.49499781852348196,
            0.5595535387066297,
            0.523246042371717,
            -1.0103241582433506,
            0.8575745490974749,
            -0.5761637749541131,
            0.0753341299964006,
            -0.3020327033879491,
            -1.0703350820276962,
            1.5050657556005893,
            0.6030229325534686,
            0.2385656152584316,
            0.3815892356694707,
            -0.23852472012279802,
            -0.43936196031066993,
            0.5750487537714579,
            -1.3107528940111484,
            -0.2048848923639721,
            0.5999153595069939,
            -0.11286176878348692,
            0.21544881588396703,
            0.3603361335902968,
            -0.18050586140557867,
            0.23679086640045785,
            -0.8800580656949419,
            1.1610115253376754,
            -0.2607304132671004,
            1.8321283346895052,
            0.024081793067410415,
            -0.26672267178568976,
            -0.23620004080783652,
            -0.24935363205627792,
            -1.1504703785519648,
            0.876633017215027,
            -1.2005447969889556,
            -0.7415893818267173,
            0.5669810978413546,
            -0.14403242093860932,
            0.9445831317889524,
            0.28453145586376766,
            0.16651657449296936,
            0.7528121458598034,
            -0.20774864161015538,
            -0.16690602482716477,
            -0.11997066191640884,
            -0.8512856075156923,
            -0.8872013838189221,
            0.024589800513169276,
            -0.1399718037153912,
            -0.06218128038727869,
            -0.6355916803884871,
            -0.003561892553244645,
            -0.10499553452218742,
            -0.09969992948286455,
            0.9251203929631653,
            -0.08419793613766588,
            0.3190489893102135,
            -0.1708873382508983,
            -0.031173964813061103,
            0.4941811233297288,
            -0.21879247224650436,
            -0.3586036741775628,
            -0.11173993914295824,
            0.4778850612017667,
            -0.010147983933792008,
            -0.2610251488006861,
            -0.2635732788193052,
            -0.09040610865571644,
            -0.5380962460369237,
            0.16806231848130668,
            0.3053881353424278,
            -0.11522345208315606,
            0.0961821074217591,
            -0.33335440658591486,
            -0.14239047461782114,
            0.7393100836319837,
            0.2567031560282011,
            0.7493331903163662,
            -0.18243815030788094,
            -0.6504191901661549,
            -0.07896387263766894,
            0.2340140605037395,
            0.11499247075582707,
            0.31047637501004566,
            -1.3225112522046194,
            0.2494184920453495,
            0.04206332537512394,
            -0.22277019735113535,
            0.07170061306996976,
            0.21118078178072408,
            0.23429658330318948,
            0.11740452521756142,
            1.1619560996568477,
            -0.9940296661697613,
            -0.03737337278265722,
            -0.3676329371983366,
            0.11930258649948444,
            -0.016501870377015917,
            0.02343834890105268
        ],
        [
            0.03695298969555559,
            -0.6647676356304347,
            -0.11373571562260248,
            0.05383947970665323,
            -0.10223786259577194,
            -0.8158991217929336,
            0.12160937989766037,
            1.726085012957896,
            0.9931782967003372,
            0.02233787497587478,
            0.6030229325534686,
            2.718447958034048,
            0.31984576265028686,
            1.105944291465362,
            -0.39046520450636146,
            -0.9759350194550523,
            2.8408953979131666,
            1.443672698734395,
            -0.7178620846223676,
            0.07857542841164994,
            0.7600235665868906,
            -0.16642571881213616,
            -0.7724125877271596,
            -0.6586771485019138,
            0.4367534193619756,
            0.887532577473352,
            2.5177808148558745,
            -0.0627123410242146,
            1.4191639663043711,
            -0.48404943422112556,
            0.06459559816484688,
            -0.5303287762095928,
            1.3859251925636074,
            1.4559948172250277,
            0.602764978499392,
            0.5627887663334841,
            -0.08147186708828107,
            0.24619021223789173,
            1.108563116459488,
            1.1581229704257905,
            0.30615496703138945,
            -0.045947066707944156,
            1.4747735602641425,
            -0.5839254249627422,
            -0.571109159525608,
            -0.24215895514543037,
            0.09452166064603158,
            0.7968263247074858,
            0.07313347080976249,
            0.5257480240773168,
            -1.06873116172631,
            1.207859515593409,
            -0.03994151866598663,
            -0.2721989065625189,
            -0.280904131563354,
            -0.2518673621947733,
            -0.6088579416107862,
            0.3873262732186643,
            1.3317220614659513,
            -0.10313432850504717,
            1.3546896288675943,
            1.7610780622645081,
            -0.3664929887760088,
            -0.2943229318874262,
            -0.11499949878356873,
            -0.5759659340064465,
            -0.47457181274573035,
            0.5092429762127186,
            1.8601641553510444,
            -0.49046166491081095,
            -0.25181255185096935,
            -0.13797318591576657,
            0.1790362335137833,
            2.2746907330188617,
            1.1374031960248985,
            1.6109651196971537,
            2.3901623739399245,
            0.21402823824648973,
            -0.01203633411972522,
            1.612498673159951,
            0.305586164502355,
            -0.21415833808088044,
            2.251333122965396,
            0.043961020521071086,
            0.472731709568758,
            -0.17369656784110885,
            -0.4361817956946773,
            0.4671831482478068,
            0.1402994685321144,
            2.2990258829953976,
            -0.14159179826711193,
            -0.7697321204214057,
            0.921443727038893,
            -0.6240526041251544,
            1.4028676643703462,
            -0.20229522018239374,
            -0.28151450513752446,
            -0.13557086453442674,
            -0.20046085518409093,
            0.07651058216758
        ],
        [
            -0.12384735955683582,
            -0.9883027384333746,
            0.19161760958839558,
            0.1708727290310468,
            -0.6552835716713133,
            0.5191159083567094,
