{
    "pos": [
        [
            2.7048495243837682,
            1.5195498766484739,
            0.24436896499938843,
            -0.0022142729444079717,
            1.483937919027149,
            0.37491921890082236,
            2.4180347504451163,
            -0.31015794170173083,
            2.1563149528982555,
            0.9667463823073338,
            -0.7498613412332109,
            -0.3275954722356092,
            -1.7811924778279513,
            0.5533960936751507,
            -1.120545433669618,
            0.8424946369864919,
            0.025513679857971663,
            0.4118318125641822,
            -0.44092987934541833,
            0.35750380751174277,
            0.34825793661200044,
            0.03976722566581215,
            1.3662268268514186,
            0.19867417051808078,
            0.9837531082098488,
            -1.5570157210766171,
            -0.4174298415328941,
            0.02775926473664876,
            2.120731943440222,
            0.5332903174879141,
            1.415227085108325,
            0.8073043671712521,
            -0.7906759488068773,
            -0.6480389969455861,
            0.634977796604378,
            -0.00043802194595772255,
            1.144143079700877,
            0.36131867207518736,
            -0.5107685516520125,
            -0.6519663354282277,
            -1.2171740874366215,
            0.1091890488251802,
            -0.66851240151134,
            -0.4573141932621771,
            0.267243850903539,
            0.29721921808256685,
            1.6401630189303955,
            2.249920646809,
            0.3327166946422588,
            -0.2573016852208561,
            0.12032967466222949,
            1.4442440765986122,
            0.20128686233476678,
            0.2466596734538289,
            0.8641752902714179,
            0.4200670569165896,
            2.3372178523609497,
            -0.08574339451864499,
            0.3455088377322215,
            0.10459647148266545,
            -0.2656802698012247,
            -1.410469474282361,
            0.32299501452191093,
            0.27383132652033065,
            -1.639441236228262,
            0.456722642657289,
            0.7196801247788199,
            0.4631677353320403,
            0.8098346498423107,
            0.9975736300932063,
            0.42565579298449124,
            0.5959405085491345,
            -0.1923954630763545,
            0.7798919247491933,
            0.850768148477759,
            2.355605915261395,
            0.1956351854129585,
            -0.9429134518080148,
            0.23756073309031725,
            2.3341197673515652,
            0.44410188693212993,
            0.28577861959797585,
            1.4902526723008722,
            0.2960493099474423,
            0.7960752751807392,
            1.5196448847495192,
            -0.08286137519319593,
            0.26674028325801113,
            0.24521810771034325,
            0.08816050683903318,
            0.32888385718944413,
            -0.6589718641352886,
            0.015195207761492425,
            -0.1718358358605646,
            1.4415660413740647,
            0.5388977231709006,
            0.5051622764740429,
            1.8447119602077742,
            0.3358376314389828,
            0.34528216031259285
        ],
        [
            1.5195498766484739,
            2.7257988848339108,
            0.6557157810646702,
            0.5315920156944238,
            0.11821013122786626,
            0.8098567668004132,
            2.429317493015918,
            0.8497715824332531,
            2.2710978117005736,
            0.4888791369051019,
            -0.3932736406439954,
            0.318731993852549,
            0.22074564019958332,
            0.15655260049584555,
            -0.22853455610106815,
            1.610798262377388,
            0.3155644826447659,
            1.3189835290140473,
            0.08124474385170295,
            1.3098507849163123,
            -0.14985536409923683,
            1.0039321168813968,
            2.477930381029564,
            0.09823793733329966,
            1.5739044688151944,
            -0.8015663644353901,
            -0.11160161717109465,
            0.2191916532301495,
            3.3269648226343946,
            0.9865265925210518,
            -0.7736268956034817,
            -0.0151807374736117,
            -0.17828989479402813,
            -0.27100407903351653,
            0.9560335442465082,
            0.4383400993014922,
            1.50584041275796,
            0.7216076457045102,
            -0.9293329236164276,
            -0.1757459716991561,
            -0.4997997396465171,
            -0.08425857945747131,
            0.13701487737426438,
            -0.467207665843953,
            0.12776002401100015,
            -0.2123778896136771,
            0.35664029437689004,
            3.191634626926011,
            0.3594594941128302,
            -0.8316538558397721,
            0.13353100790740086,
            1.6630571780304237,
            0.25398204230038657,
            0.2725579509389515,
            -0.1652132722859827,
            0.430486871091924,
            2.3684587006674143,
            0.5887233731513241,
            0.4058934737811841,
            0.17468425809165772,
            0.3536482880397256,
            -0.4105962998118182,
            -0.5591215196206579,
            0.2958498288962559,
            -0.8687784966982675,
            0.17252811214536412,
            0.43238895405333394,
            -0.2201445334642602,
            1.109060419254099,
            1.1493380862072897,
            0.1085841623361058,
            0.14719673493806423,
            -0.1403660870473575,
            1.2779646272551017,
            1.8342266265839227,
            2.27829380458148,
            0.9045335029833735,
            -0.3226424795923795,
            1.582776652366456,
            2.74788199324943,
            1.0333830205182861,
            0.24996531391123578,
            3.04908277947349,
            0.7767677170365647,
            1.4270456963700007,
            0.8931884214139345,
            0.6311862152304033,
            1.206739828769022,
            0.2431061347905128,
            0.2919628028353717,
            -0.08211623099838207,
            -0.3906612214165552,
            0.4126627793675155,
            0.19412208703369477,
            1.8983260551939596,
            0.7365265151096986,
            0.8747466683422319,
            1.3439604203670843,
            0.31269695308866874,
            0.33654306261661504
        ],
        [
            0.24436896499938843,
            0.6557157810646702,
            0.545968161083697,
            0.5367969028399214,
            -0.4444008251448927,
            -0.22762785450270903,
            0.24423293238444171,
            -0.11145481617560199,
            0.3383342156093307,
            -0.5607190898205147,
            -0.48401600169902786,
            -0.4477147615755521,
            -0.26787722121174057,
            0.018858781372978587,
            0.055026336978447256,
            0.05710362816275514,
            -0.5109343934215235,
            -0.17397853480516567,
            -0.15485597791041888,
            0.20428094102451025,
            -0.4777604925757446,
            -0.017126623588339922,
            0.32555687535374345,
            -0.0029345575846305705,
            -0.07524597887933837,
            -0.7643342967655283,
            -0.6758586017172333,
            0.4223890708209803,
            0.30205287243503465,
            -0.1708402599695582,
            -0.467946669715745,
            0.17317386595907916,
            -0.1125394576854685,
            0.134299893660317,
            0.2520055825397996,
            -0.597162551517391,
            0.3261294792221836,
            -0.19963996012796162,
            -0.8082755435784919,
            -0.23080501702634468,
            -0.4496294564882708,
            -0.0750255870133013,
            -0.2561071448314554,
            -0.28314610373971394,
            -0.021544188010073823,
            -0.13264831102030403,
            -0.06319084788592194,
            0.5642522452804731,
            0.04922721175519188,
            -0.5608307218696817,
            -0.47087348268373436,
            0.24008267599222216,
            0.039555684878833326,
            0.013342756683797977,
            -0.011406434955319053,
            0.24894482513609129,
            0.3158748538160218,
            0.07552418112586753,
            0.052562163804659084,
            0.020623919982740168,
            -0.3198917092101281,
            -0.3657603265474912,
            -0.6179026703431812,
            0.01775636124911074,
            0.5244598134453139,
            -0.02054016018426137,
            0.014333812069237565,
            0.051317292518785,
            0.15289246887609498,
            0.3249628389680624,
            0.07387227192667749,
            0.014505675788853083,
            0.18735894150048152,
            -0.3125078794084386,
            0.21933494425073963,
            0.25212785607965554,
            -0.0919307888696404,
            -0.3845009643116454,
            0.05919268051369695,
            0.31468971118888817,
            0.2124763515823024,
            0.041236758329683765,
            0.22106426157474154,
            0.2712833823876783,
            -0.19446476897972256,
            -0.12571669086147594,
            -0.2639722737948746,
            -0.06719459853472134,
            0.04633763384385792,
            -0.4517489237284412,
            -0.06486877150770758,
            -0.16361203205073097,
            -0.08935936789872226,
            -0.28078296303989586,
            -0.034871060213144144,
            -0.11273965149384552,
            0.060096058081456905,
            0.2376066981549102,
            0.45741337725037945,
            0.4573957334924428
        ],
        [
            -0.0022142729444079717,
            0.5315920156944238,
            0.5367969028399214,
            0.5729394245997574,
            -0.6125069517895435,
            -0.22409961675624226,
            0.10366573222760751,
            -0.08754504394150459,
            0.11268681066122528,
            -0.6959476971666807,
            -0.3945355063068286,
            -0.3102526951755814,
            -0.14849350790910948,
            -0.13396332291161106,
            0.2369758093159549,
            -0.08373301016753638,
            -0.42649400444104696,
            -0.13664899672513453,
            -0.14802025240613037,
            0.15152577186203678,
            -0.5803659952968605,
            0.13403488136276215,
            0.23506256073704102,
            -0.017624397108677164,
            -0.15535596426427745,
            -0.7611468918127455,
            -0.5900121295763336,
            0.440084746637759,
            0.1391991667812099,
            -0.22322727827035074,
            -0.7040371118673752,
            0.07401886573071814,
            -0.0858308262776998,
            0.21734955716876075,
            0.15728608611465889,
            -0.6061443855723363,
            0.19098919235112588,
            -0.19051803627927621,
            -0.748282492330099,
            -0.13082159736303994,
            -0.29082952153116026,
            -0.10848655483034986,
            -0.1595610067738634,
            -0.24766590189369397,
            -0.034757318275942764,
            -0.18833262114334623,
            -0.3115973367088448,
            0.392743046441389,
            0.027775724315940505,
            -0.6205319035947093,
            -0.5064886362459236,
            0.07238969213456643,
            0.05377815275897238,
            0.00011680664516333494,
            -0.1063684337717253,
            0.22330774881954574,
            0.10792641010185107,
            0.1451433433696732,
            0.021603119096291756,
            0.022872007138334816,
            -0.17113261817573303,
            -0.10615898044213756,
            -0.7666518433710938,
            -0.000769622879602473,
            0.6232034764798542,
            -0.10054212579982376,
            -0.03508139602537286,
            -0.03744458448730473,
            0.025234506733153823,
            0.2209312160049074,
            0.009543993397415816,
            -0.09162858740532848,
            0.1509127368044536,
            -0.38502831702243684,
            0.13731420832383218,
            0.03328536863719788,
            -0.135742033167456,
            -0.1270041254655286,
            0.06903321405835693,
            0.11314511544916012,
            0.12176683900910341,
            0.01681425672124091,
            0.06898443338670356,
            0.3057908950114728,
            -0.13371283417900678,
            -0.23218849409348816,
            -0.1825409852559705,
            -0.026331869384111313,
            0.030249307624099782,
            -0.37237674401482157,
            -0.11107784043765478,
            -0.13030458207436346,
            -0.16357912740345437,
            -0.46316413143632734,
            -0.17840634909482384,
            -0.052165053612439116,
            0.011363669012798483,
            0.009089665634429329,
            0.4656733591338463,
            0.4331421944699007
        ],
        [
            1.483937919027149,
            0.11821013122786626,
            -0.4444008251448927,
            -0.6125069517895435,
            1.6382874428654848,
            0.6227589382160434,
            1.0759487124953961,
            0.36390005953426213,
            0.8403700712014862,
            1.156534198143322,
            0.12138148254597114,
            0.5743128159530982,
            -1.3866913972365822,
            0.4298367427033828,
            -0.7092700302776885,
            0.2228335608531456,
            0.9067855184291602,
            0.5146651281130622,
            -0.16234713745542304,
            -0.2826053503448527,
            1.2390929164725961,
            -0.4387622684247989,
            0.2834828511218714,
            0.08987666111695991,
            0.993111036602951,
            0.31104257850825107,
            0.9190611711199579,
            -0.40520744032260975,
            1.0401565899139065,
            0.803779701664237,
            1.5978878191955976,
            0.3399863579168835,
            -0.3408913386200083,
            -0.32159800654167153,
            0.1388484680617379,
            1.169978488257061,
            0.6765885961682278,
            0.43718620107456774,
            0.752604069284578,
            -0.28605346784545127,
            -0.5363069471564498,
            0.11165802420098435,
            -0.26011440158998783,
            0.07161556772768216,
            0.1391271298945805,
            0.39924840019672536,
            1.0996376701624926,
            0.7801579277990004,
            0.12565602739912202,
            0.4751921718034111,
            0.6533009419874429,
            0.5698838378477089,
            0.03641684267557779,
            0.11927174597798258,
            0.5666236593481784,
            -0.0471343123522507,
            0.9436682625032797,
            -0.41165768061413593,
            -0.09060988019408171,
            0.01818125437245909,
            0.32292846813991494,
            -0.7730359089749788,
            0.8837149012383478,
            0.13161197126377402,
            -1.6132386842288815,
            0.29533798357419416,
            0.32466703322535345,
            0.25305669162849864,
            0.6624767413763192,
            0.33877602697335507,
            0.11848214416546168,
            0.2822089066666592,
            0.21741376175271476,
            1.0352708699253674,
            0.3882409998306811,
            1.0823893592969793,
            0.6170661009040641,
            -0.24787649528670042,
            -0.1770101775499341,
            1.0454137774646242,
            0.13684484089928972,
            0.1098401903021314,
            0.5451051582159221,
            -0.22135525663756447,
            0.3634003571614928,
            1.263300046057598,
            0.30389975088390475,
            0.3802003580910314,
            -0.029798090592382483,
            0.6850501110832502,
            0.2402169698724325,
            -0.18257498642188297,
            0.10347368658761232,
            -0.11206929303458918,
            1.1408232263272284,
            0.33281038754848685,
            0.18534584419389277,
            0.9669259589653679,
            -0.2344775690677127,
            -0.18476940691021948
        ],
        [
            0.37491921890082236,
            0.8098567668004132,
            -0.22762785450270903,
            -0.22409961675624226,
            0.6227589382160434,
            1.2209987277303698,
            1.0528829368822439,
            1.5959505187948506,
            0.5547483234195902,
            0.6808669112322758,
            0.6769681991884644,
            1.7553154782602112,
            -0.12310946861912334,
            -0.18638590813287514,
            0.33691747420842444,
            0.4200987192104739,
            1.7609728088636498,
            1.5494645722928688,
            0.17402143402122122,
            0.16410169990126053,
            1.0321092916068555,
            0.5328698170314536,
            0.994092666319896,
            -0.012146693304365325,
            1.6523337194766636,
            1.02444227843032,
            1.7931386692544462,
            -0.2732139143681528,
            1.9461948159154148,
            1.350075806281838,
            -0.3214807771128599,
            -0.4704840530874946,
            0.08954055695989264,
            0.20014848078908445,
            0.1894741350568535,
            1.9726173151012252,
            0.9234512873058857,
            0.8910683055474259,
            0.8161298258051026,
            0.23661190182798655,
            0.20240089516240417,
            -0.12950055710280525,
            0.522580377477182,
            0.17041044185088497,
            0.023571441463712317,
            -0.03816227461641779,
            -0.30975477856662953,
            1.3760867018148704,
            0.1283626660810454,
            -0.08036195868033863,
            0.7402609482120401,
            0.4485050579402458,
            0.1347324954242971,
            0.14134989081980204,
            -0.34036947918153876,
            -0.1072887714818227,
            0.6773206701652007,
            0.13917886698215312,
            -0.22846849227577803,
            0.08628631213846617,
            1.4062802307122348,
            0.4339639517752959,
            -0.059870777569828615,
            0.13903066469678288,
            -1.225330585288809,
            -0.08183369428188891,
            0.0387045315195537,
            -0.46838314863201086,
            0.8501413135005249,
            0.3272790769298184,
            -0.3004566680799159,
            -0.32514339973994394,
            0.3863088379455696,
            1.6006900164268414,
            1.1206238078219213,
            0.7512564483945035,
            1.361757600111918,
            0.9022349945958187,
            0.8089328474490257,
            1.1696105486649995,
            0.4249613194787764,
            0.04647727165258981,
            1.5149603585777962,
            0.20777032432397782,
            1.0925407652060712,
            0.9336786834022881,
            1.2294420722005455,
            1.4352472950719126,
            -0.11890614919783037,
            1.3303186701145475,
            -0.16343922662050261,
            0.052540087838507235,
            0.2050661163774514,
            -0.5764682679778501,
            1.5301650215013058,
            0.76877729891428,
            0.39030179570927603,
            0.2626636388649919,
            -0.2277479480350221,
            -0.2421141885296763
        ],
        [
            2.4180347504451163,
            2.429317493015918,
            0.24423293238444171,
            0.10366573222760751,
            1.0759487124953961,
            1.0528829368822439,
            3.253586919113715,
            0.3829711036922694,
            2.5599749718422444,
            1.1912780459091505,
            -0.2900915712127195,
            0.6458338881175999,
            -0.5888205898396849,
            0.046974700040375406,
            -0.5939975481271998,
            1.4769091075487546,
            0.8081598260125082,
            1.5481170882582271,
            -0.15855259119432846,
            1.0280975265655623,
            0.06251920766710167,
            1.4204566384997788,
            2.507625237061891,
            0.2078844223527901,
            1.696931314771591,
            -1.4629760067414752,
            0.21369337800481839,
            -0.09210218140196175,
            3.47544703180513,
            1.0487784504896238,
            0.17053744631060652,
            0.21782048782587476,
            -0.6418278810989161,
            -0.6575734743383329,
            0.739354638577557,
            0.5827513773170985,
            1.2947061499204633,
            1.0194742215333419,
            -0.36786567868569175,
            -0.1456092079361426,
            -0.46587059217310584,
            -0.007266507021939456,
            0.0749087205644315,
            -0.41743802262429575,
            0.31116630809585555,
            -0.0024720857464995112,
            0.904793921366422,
            3.2762490407173086,
            0.4491610121713583,
            -0.6015197260184861,
            0.42352337514352406,
            1.7482412740484876,
            0.38765789387184024,
            0.3633823043568208,
            0.31339915138010166,
            0.4132090146537228,
            2.870106548547975,
            0.6116154037294036,
            0.5303839349648252,
            0.21634613969810323,
            0.7106635752647815,
            -0.2969076732037347,
            -0.1457146299189626,
            0.3831189084971076,
            -2.108203587141238,
            0.27742648142462406,
            0.794059393028765,
            -0.09770569050327177,
            0.8733763881773067,
            1.0875743563082423,
            0.19988301493613386,
            0.28615303284861204,
            -0.696935726357446,
            1.539497079295968,
            1.6073476225419492,
            2.814980039102194,
            0.6340929956557368,
            0.10616971285016885,
            1.4306329945163219,
            3.1347382465968945,
            0.6531526371210602,
            0.3239880262796131,
            2.890966992089061,
            0.7605894481137141,
            2.1755332149353346,
            1.645680087383616,
            0.8332871653407219,
            1.249640435350185,
            0.3415795025297411,
            0.8446707281366317,
            0.13186335744025682,
            -0.631624272822862,
            0.14559421078271387,
            -0.2793296864567897,
            2.1193315849764063,
            1.318942342694288,
            0.8888782529952062,
            1.6162600767661481,
            0.17652596631516645,
            0.08368346976493246
        ],
        [
            -0.31015794170173083,
            0.8497715824332531,
            -0.11145481617560199,
            -0.08754504394150459,
            0.36390005953426213,
            1.5959505187948506,
            0.3829711036922694,
            2.933237681519172,
            0.07249410879219856,
            0.28558445754523026,
            1.021630289908407,
            2.5581168371657155,
            -0.19668229675886478,
            -0.15500917596661684,
            0.8818959284229241,
            0.17578677841715237,
            2.475200724217253,
            1.9426314771927773,
            0.3417196480842001,
            -0.05190521282550506,
            1.8039880960305414,
            -0.11283870303056956,
            0.8161903484201766,
            -0.1505581827811907,
            2.3269741356503926,
            2.4615613629657016,
            2.801817190328668,
            -0.14085166582843445,
            2.2150127957236876,
            2.0123022992670285,
            -0.8975184698505005,
            -0.8315755853638649,
            0.5093906547616771,
            0.8609576507945251,
            0.2841620046378163,
            3.1565453553208815,
            1.548852722166909,
            0.9522320333636561,
            1.084210276077818,
            0.2309597860693856,
            0.09560047710049097,
            -0.2803817227589611,
            0.6661056180897825,
            0.32297944222159286,
            -0.1694341914865099,
            -0.1244315728440108,
            -0.9521803933644097,
            1.4170943943996441,
            0.03656479324507028,
            -0.17829521399196133,
            0.870113775459032,
            0.23102390314518792,
            0.023287907705363715,
            0.07606801963185104,
            -0.8125656212050258,
            -0.23780848976698163,
            0.05609989245179359,
            -0.1552501522696179,
            -0.7324946266667964,
            0.0462548140674123,
            1.8893621913256096,
            0.37074365397936065,
            -0.36331089831526037,
            0.070574454835005,
            -0.7287733553526401,
            -0.2541191924763016,
            -0.38402163910798714,
            -0.7301169624716612,
            1.5174172541138107,
            0.40076999794658036,
            -0.5941927378550712,
            -0.6921261747477508,
            1.5086136264394021,
            2.099043897783581,
            1.581439709978419,
            0.2025628316182,
            2.390664844687908,
            1.0245334943875066,
            0.7778676995284018,
            0.892472713491218,
            0.7985310371774457,
            -0.05058911167065702,
            1.6568679871683232,
            0.10978293082496043,
            0.4980473093910036,
            0.8257642727149446,
            1.611559624696523,
            2.004849766559561,
            -0.41105991878773296,
            1.621835805959641,
            -0.4255584829915551,
            0.35256884433360025,
            0.38799724408090125,
            -0.913641719526207,
            1.9232450566322292,
            0.4757399770455719,
            0.3451990751966013,
            0.007678702534275369,
            -0.1952687513428867,
            -0.10416864940156233
        ],
        [
            2.1563149528982555,
            2.2710978117005736,
            0.3383342156093307,
            0.11268681066122528,
            0.8403700712014862,
            0.5547483234195902,
            2.5599749718422444,
            0.07249410879219856,
            2.5128748246352406,
            1.0758069153014405,
            -0.5678222959021526,
            -0.28838209075228,
            -0.1798018349060408,
            0.5032198842174314,
            -0.9189362660708937,
            1.6848975545922684,
            -0.08365612999531728,
            0.8396432923957861,
            -0.018712821483359978,
            1.1593990335073447,
            -0.003560132979462878,
            0.6589193840610302,
            2.1689695954542874,
            0.1798942114406605,
            1.2199537348861011,
            -1.0920452812036359,
            -0.5154113296129096,
            -0.04212279749104343,
            2.8793612091780365,
            0.7049615936144412,
            0.449786732524201,
            0.383358859780192,
            -0.40001584579653005,
            -0.7445224513141013,
            0.8866819209617788,
            0.06445082645168815,
            1.2172902542459814,
            0.586199357775094,
            -0.7579283197537499,
            -0.35714359301329807,
            -0.6895624365501835,
            0.10250897742008763,
            -0.1668913424320965,
            -0.45400062139512454,
            0.23125352895318604,
            0.0675107164975153,
            1.2567837480951591,
            2.8241530146724276,
            0.3713854743655319,
            -0.31648439122691213,
            0.2749564215190319,
            1.783061869285007,
            0.20834780514951287,
            0.27915299114508957,
            0.36100536886756746,
            0.4015809690842358,
            2.62202755180689,
            0.36327283401217797,
            0.584866989219577,
            0.14510535294303079,
            -0.19613305551729837,
            -0.9121541824670278,
            0.24157393891605528,
            0.311305598804923,
            -1.3706544099223577,
            0.4277264096790006,
            0.6632820036230342,
            0.1689439792304806,
            0.9033654004640648,
            1.075651160448597,
            0.3609271406581605,
            0.546411184224484,
            -0.5194820320185197,
            1.0947365770358128,
            1.4048864417267097,
            2.5715641962412725,
            0.4295508919158022,
            -0.8610864533014176,
            1.1786996878367189,
            2.7600832705210037,
            0.8215838415286734,
            0.2959933248056404,
            2.656142863617053,
            0.49212427941343484,
            1.285803391086802,
            1.1357685227446281,
            0.20577987074487006,
            0.6365957634764703,
            0.3406030142295379,
            0.06064567396592179,
            0.19424434378250915,
            -0.5010421273130532,
            0.43477221350368195,
            0.7514437030395235,
            1.7479539859606312,
            0.607631736317174,
            0.8148445036886836,
            1.7378419215122112,
            0.10771896067756759,
            0.16065301520741682
        ],
        [
            0.9667463823073338,
            0.4888791369051019,
            -0.5607190898205147,
            -0.6959476971666807,
            1.156534198143322,
            0.6808669112322758,
            1.1912780459091505,
            0.28558445754523026,
            1.0758069153014405,
            1.4630093074540058,
            0.34412747663817744,
            0.4671323621745065,
            0.27130180603801,
            0.32607981364013633,
            -0.6495976774756578,
            0.9800034583724868,
            0.6876893464412497,
            0.7709682317090316,
            0.22811092566967997,
            0.4280847212216039,
            0.7490416546327375,
            0.3432098241372112,
            0.8734222971123468,
            0.10752617907145903,
            0.909708671869482,
            0.5333503247832215,
            0.6821453387365006,
            -0.6248092461952673,
            1.3814483424012334,
            0.7262500048254896,
            0.9519706149082099,
            -0.016996288026003763,
            -0.05168052498986745,
            -0.6254028806843963,
            0.21601660639027198,
            0.9637895615626825,
            0.3494229778432879,
            0.6399948023081712,
            0.6849478177883179,
            0.08826360197262147,
            0.1807646968849641,
            0.16969298456627493,
            0.25360476944606763,
            0.12857485696311496,
            0.1602886308012052,
            0.2361354072912204,
            0.8745245772697532,
            0.9601622105544195,
            0.15441112402220855,
            0.6203792186172974,
            0.8570280584697306,
            0.7758812038653604,
            0.05666145662207115,
            0.14899626457964962,
            0.22142899566187235,
            -0.11369352737444803,
            1.1563545486703874,
            0.07990412331945063,
            0.2604878194460001,
            0.05516789400490214,
            0.3180498139347381,
            -0.10361195221195313,
            1.0515481779776297,
            0.16365781845114952,
            -1.5585894311155708,
            0.3002947217285668,
            0.3648258421678456,
            0.03417853019154888,
            0.40870950437723236,
            0.22233192564197923,
            0.11262046604005341,
            0.3177676347027616,
            -0.5037777122665273,
            1.1607011719243465,
            0.5978619900538121,
            1.2230632559685848,
            0.47106574455425554,
            -0.045723775045373685,
            0.6394124630140812,
            1.2631029843036867,
            0.25241745881950844,
            0.12069603613017094,
            1.362862241883678,
            -0.10408651095470188,
            0.999515981273392,
            0.8754702564248591,
            0.5011170148012731,
            0.5061964979456394,
            0.12759434575296857,
            0.6677998540887454,
            0.20407566095419527,
            -0.05530275770336007,
            0.4341363891330273,
            0.913567251952305,
            1.1736718244588622,
            0.4859439612797954,
            0.4230461382517107,
            0.7587833231054697,
            -0.5923256001142496,
            -0.5420119964107477
        ],
        [
            -0.7498613412332109,
            -0.3932736406439954,
            -0.48401600169902786,
            -0.3945355063068286,
            0.12138148254597114,
            0.6769681991884644,
            -0.2900915712127195,
            1.021630289908407,
            -0.5678222959021526,
            0.34412747663817744,
            0.8581701719783221,
            1.3303634315221924,
            0.5592100972195228,
            -0.31172395522756113,
            0.5239631695599368,
            -0.1110603648323006,
            1.255011366768137,
            0.8195452027562302,
            0.2901776319358257,
            -0.16263779985154247,
            0.7016642507605532,
            0.30757964862118725,
            -0.07001106306799665,
            -0.06618863373469205,
            0.6357218108327296,
            1.396612486482148,
            1.4866869680541466,
            -0.3693163803886803,
            0.23142808347578112,
            0.6587383425753863,
            -0.3738717092757337,
            -0.5941112985307394,
            0.32994553797974807,
            0.255501030689184,
            -0.2441019887451812,
            1.3931217542405703,
            -0.028636632999886988,
            0.48390158202564404,
            1.0409434027864288,
            0.454348877446959,
            0.7192199381461831,
            -0.07320066953430743,
            0.6215493012445636,
            0.3822775569090029,
            -0.0558088244031827,
            -0.04516265810883423,
            -0.6665062655214262,
            -0.25158835373146454,
            -0.05835613502584777,
            0.30600636526985014,
            0.6014341902996634,
            -0.35279639566879367,
            -0.0011113320584456435,
            -0.00526338052170679,
            -0.4396533932945488,
            -0.31580023763724774,
            -0.5339077052281471,
            0.06411400201786183,
            -0.2710961783081192,
            0.005654359337299398,
            1.0553768210262535,
            0.8876227995756842,
            0.1553774966974621,
            -0.018297664864613837,
            -0.4541833489733882,
            -0.18738897478438077,
            -0.2063536221392982,
            -0.43216410138351613,
            0.11859499040289873,
            -0.30697997630061546,
            -0.34236563191299335,
            -0.3864852316028368,
            0.1760481759398522,
            0.7877077040532674,
            0.2163938232784317,
            -0.46580290843877403,
            0.7228195389706387,
            1.0350920834946884,
            0.3144046217991474,
            -0.26396015475921003,
            -0.041692722955882146,
            -0.08552393309220734,
            0.2058376154555837,
            -0.10952777412150222,
            0.46931457117573566,
            0.12495115760962908,
            0.8498193937707994,
            0.7468209841760524,
            -0.16880687815554582,
            0.9638434552950124,
            -0.15966486212548436,
            0.3079294320161847,
            0.11979405408189324,
            -0.20628227398568413,
            0.3949109550696,
            0.33908997223182635,
            0.01326226816925537,
            -0.5698466462759456,
            -0.44843726639324305,
            -0.46920302326751795
        ],
        [
            -0.3275954722356092,
            0.318731993852549,
            -0.4477147615755521,
            -0.3102526951755814,
            0.5743128159530982,
            1.7553154782602112,
            0.6458338881175999,
            2.5581168371657155,
            -0.28838209075228,
            0.4671323621745065,
            1.3303634315221924,
            3.102449824237982,
            -0.33067732388346105,
            -0.6633572922309624,
            1.083457278065657,
            -0.23765143105937403,
            2.9913144786148065,
            2.197186761141764,
            0.20234536308050788,
            -0.33417359550382614,
            1.5819389538784066,
            0.7034179909131532,
            0.6424455249140475,
            -0.1007326893504613,
            2.1382007332857724,
            1.902082830441777,
            3.1782653907260894,
            -0.33976466461416854,
            1.876775159894942,
            1.857444584979849,
            -0.8711398180185452,
            -0.9341579143635962,
            0.2384416929121898,
            0.7419725414793433,
            -0.13333406482628868,
            3.1314299492768853,
            0.9567325414762972,
            1.199821207818564,
            1.6260258931211853,
            0.5532194023095248,
            0.6130532727706087,
            -0.30200054102441154,
            0.9109878264368325,
            0.44830848693276715,
            -0.05833537792840087,
            -0.13187119889075552,
            -1.2094982367649691,
            1.0157627479854943,
            0.0507938156329954,
            -0.16093330538165698,
            0.9835644642261736,
            -0.1385284683668286,
            0.16806728321891096,
            0.11175532218804494,
            -0.7185703694794219,
            -0.31512086773619874,
            -0.0946509669026161,
            0.10837906128910309,
            -0.6664870320169498,
            0.08786302450472477,
            2.5174171613265344,
            1.2162395725071797,
            -0.44255458776171797,
            0.08953551141270025,
            -1.3788035095456168,
            -0.38569253540127024,
            -0.22606346527102678,
            -0.8816101823301443,
            0.9299149217382108,
            0.05723371865731657,
            -0.6838732123712769,
            -0.8543743425701458,
            0.8759342875512193,
            2.0576574394359533,
            1.1729404985678986,
            0.03652662966322721,
            1.9886867583080083,
            2.0443766900993796,
            0.7537944590317767,
            0.6514498127212276,
            0.2563619971781764,
            -0.0566027091153707,
            1.1703362115937797,
            0.208783258871941,
            1.2896052294719607,
            1.053960257841529,
            1.9647627430865247,
            2.113576638507788,
            -0.3519447751973606,
            2.212755236963154,
            -0.3820466789428044,
            0.257297649010858,
            0.0009614102640485918,
            -1.6599356252702184,
            1.6594119232149074,
            1.092281484727934,
            0.24090803876431047,
            -0.4203862203621335,
            -0.29642339184872846,
            -0.3863260741213622
        ],
        [
            -1.7811924778279513,
            0.22074564019958332,
            -0.26787722121174057,
            -0.14849350790910948,
            -1.3866913972365822,
            -0.12310946861912334,
            -0.5888205898396849,
            -0.19668229675886478,
            -0.1798018349060408,
            0.27130180603801,
            0.5592100972195228,
            -0.33067732388346105,
            3.7105044801709144,
            -0.28189135895100326,
            0.35909033214181907,
            1.2160042047681048,
            -0.6352280906365895,
