{
    "pos": [
        [
            2.9914246532019004,
            0.9387398371228589,
            -0.181165122116886,
            -0.3798499694084011,
            1.539893556750207,
            -1.011552002404789,
            0.657439516259519,
            1.367302307908508,
            1.8719698807932381,
            1.6195386035907,
            -0.26268141294310754,
            1.8523148196413848,
            -1.01189138470059,
            1.8540854796199089,
            -1.102195544204812,
            0.675201420932074,
            1.4451290985050147,
            0.5037012509672631,
            -0.003116231344511507,
            0.6302254780192592,
            3.1173284024849135,
            -1.9810162350118177,
            0.3715332914353064,
            -0.323535562547138,
            1.4197961522293554,
            2.3355143566830976,
            1.9923947737945606,
            0.11750001690295381,
            -0.3470205316200767,
            -0.23285406321928967,
            3.040062623690589,
            -0.20573782898980064,
            2.201862743566725,
            -0.18365433716267965,
            -0.9390169616929994,
            0.6906623999051843,
            2.211511045525217,
            0.15949950810729563,
            0.5680508943353396,
            -0.6683958033983577,
            -1.4978443618245683,
            0.002058382106327248,
            -1.1049026654317886,
            -0.27227110569006674,
            -0.3330743745100536,
            -0.028402887499555326,
            1.6761316870072498,
            1.5019020228593762,
            0.17221817132145198,
            0.8169545357252945,
            -0.155034699327314,
            1.425144193884596,
            -0.1163637572730413,
            -0.1626201950846462,
            -0.08451101455096893,
            0.9880690919657451,
            1.9216199548771207,
            0.053011225248119395,
            0.5294904769995262,
            -0.17612842880361843,
            0.9930912922310475,
            0.3092553282095218,
            0.744655072008622,
            -0.14498990045889606,
            -1.1626735288574934,
            0.09923902332372149,
            -0.36649443744446897,
            -0.14124080902885947,
            2.479408907933715,
            2.4763114394303276,
            0.1446808481658141,
            0.022843595839703083,
            0.9041576351999813,
            1.9557641170419888,
            0.3815942963588468,
            2.4714116816743537,
            0.8152757696576959,
            -1.7001044258142712,
            3.110231972359471,
            0.20568622237385611,
            1.1177057669864814,
            -0.21215306312888185,
            2.5439768816800754,
            -0.2933269291424785,
            -0.006847993236659659,
            2.200196190898239,
            -1.8204589140204663,
            0.44800915585742235,
            -0.37571157045885684,
            -1.4288399105046055,
            -0.014394152536143321,
            -0.8596071647218577,
            1.2326837258266403,
            -0.6043866331373977,
            1.7447173462088725,
            0.04242035137507527,
            0.6536011091135651,
            1.3965416005986158,
            -0.5440823929143696,
            -0.08209061299483149
        ],
        [
            0.9387398371228589,
            2.284585810152799,
            1.5742118720330418,
            1.4932401609545838,
            1.823067309930415,
            0.754955120741538,
            0.8681633970881368,
            1.9135099556680704,
            1.1246652006392805,
            2.6603264592305904,
            -0.38955699519866993,
            3.0494632636129784,
            1.563324280919465,
            0.3669907726614727,
            0.054113946316174326,
            1.6451513990128692,
            2.9709632636244487,
            0.7792221210971038,
            -0.0132733547456905,
            1.5723840931046844,
            2.542581910545107,
            0.08417845460828946,
            1.3589155572665692,
            -0.3777924378346592,
            3.475052394697744,
            0.46879604822116555,
            1.8643904666583424,
            0.07936855134193119,
            2.603436156408709,
            1.1297044412964876,
            0.9020109968837722,
            -0.683694569967023,
            0.2588231387428629,
            0.6080561294980332,
            -1.131533716949472,
            1.8405286156267548,
            2.096358583358622,
            0.5149276461920294,
            1.3766360916531308,
            -0.17705824531050476,
            -0.14180012927986535,
            -0.538258710846147,
            0.38256584799932536,
            -0.3789312865937324,
            -0.32842116215085865,
            -0.10632065506740035,
            2.4827750785166542,
            1.007630189852528,
            -0.10522676468520366,
            0.025583990342742866,
            -0.7147197961450981,
            2.1320206798902857,
            -0.10277917646419531,
            -0.11142292042428908,
            -0.14397661174972115,
            0.016575304401788695,
            -0.5918730880849042,
            -0.3794628882487329,
            -0.021813953686365115,
            -0.12689210156901792,
            0.2698433601030788,
            1.2350451523575086,
            0.8239669494251445,
            -0.1098847895057767,
            0.15739457227126488,
            -0.09393689322387161,
            -0.8294759643749581,
            -0.7556417394770701,
            2.3887944651883837,
            2.60799174130622,
            -0.9647956758931074,
            -0.16893941716486072,
            0.5547639762584231,
            3.343340262037068,
            1.081265179009452,
            2.14568904377326,
            1.6553351163352046,
            -1.1954303478175041,
            0.7611768974303083,
            1.8743844271286214,
            1.706214199952285,
            -0.31264089958529784,
            1.812451434961469,
            -0.50878460265679,
            2.1834684625332335,
            2.3222465247850366,
            0.5473840354760158,
            3.219091114966115,
            0.18553147606752318,
            0.09661582348246664,
            -0.5588493860319441,
            0.8265324062883724,
            2.11019746608719,
            -1.042109695241806,
            -0.07822321566832578,
            2.0299714782742,
            1.0268580943280379,
            1.5242521558339395,
            -0.4889269803499342,
            -0.4024186391862397
        ],
        [
            -0.181165122116886,
            1.5742118720330418,
            1.724216674893679,
            1.6549214057841213,
            0.7497067603166858,
            0.6038117003304502,
            0.03614394061512664,
            1.3191781625905585,
            0.17086409066004507,
            1.4954350028700714,
            -0.7167561591902697,
            1.9123823919470069,
            1.537675292408286,
            0.2701525372726188,
            -0.06734539668840492,
            1.057428830888993,
            1.8196255628256164,
            0.7271295453058515,
            -0.004394688033617029,
            0.7473166614883751,
            0.9751000323818216,
            0.165141338872025,
            0.9052096507559783,
            -0.3519696080290251,
            2.092546898310731,
            0.47916213966759325,
            1.3297815505536212,
            -0.09909291538556175,
            2.555409141597094,
            0.5722540986995533,
            -0.10412907580636337,
            -0.6914040017551102,
            -0.2835942385853613,
            1.5340935467774142,
            0.18514836063083223,
            1.7675393060558224,
            0.9734575074119903,
            -0.08850616538167203,
            0.5023768759305733,
            1.0638444285694848,
            -0.2815381678172106,
            -0.497520788089377,
            1.7228324241537634,
            -0.15822781887803858,
            -0.308888553929951,
            -0.03065901833437747,
            1.2866730737588634,
            0.7276293540013428,
            -0.14926384271523568,
            -0.3182779017606688,
            0.2937986902583793,
            0.8102168209494734,
            -0.0975598183207568,
            -0.09586089981906026,
            -0.14712715810426746,
            0.18631664542956217,
            -1.0767895630239759,
            -0.22941248546331605,
            -0.23854747924053293,
            -0.1264009821691913,
            0.44216702805266583,
            1.247351601951745,
            0.43038172884282827,
            -0.09060940840789013,
            -0.07232451715545198,
            -0.13571554131080307,
            -0.6778964496535926,
            -0.645857288976913,
            1.2944429498747745,
            1.3490549157037774,
            -0.8707859897004426,
            -0.2360215910382232,
            -0.02560729878780809,
            2.131514455871811,
            1.6098793075593212,
            0.8918232028172959,
            1.267205098713926,
            -0.8714581338454465,
            -0.2483964706804681,
            1.7672648591749478,
            0.45918023858012225,
            -0.31562492233564204,
            1.2865214981706767,
            -0.5960737993982428,
            1.5450568360152335,
            1.2731424566381475,
            1.3004878595868399,
            2.072441895241325,
            0.39741202341685833,
            1.615595907697491,
            -0.5410681164704262,
            2.0485315052236595,
            0.9319107135566965,
            -0.608073927900029,
            -0.5667009840024857,
            1.4635494459243545,
            0.3593083197625871,
            0.4689241128642195,
            -0.23560048679505555,
            -0.4127865335383571
        ],
        [
            -0.3798499694084011,
            1.4932401609545838,
            1.6549214057841213,
            1.6187869886642685,
            0.6622241932168041,
            0.7763481198734757,
            -0.02547572634895061,
            1.1256944321203655,
            0.06684505524732381,
            1.409464454171967,
            -0.6090510970329598,
            1.7321637688693472,
            1.6753957596292335,
            0.03810297677794176,
            0.17351565107174102,
            1.0054514563346915,
            1.6658365299987068,
            0.692687373327799,
            0.008959750354671904,
            0.722918395185426,
            0.7181946731835664,
            0.5092533647951013,
            0.9088577062570509,
            -0.3018371685919834,
            1.9669444493144932,
            0.2522834903718126,
            1.113977177496798,
            -0.11570709189148722,
            2.439574493256225,
            0.7212291544226151,
            -0.32878241889300097,
            -0.6605850559659943,
            -0.4026969918024832,
            1.338726662762363,
            0.08046567045498125,
            1.6381352621484575,
            0.8539148924780477,
            0.08533571857507338,
            0.5005500543679827,
            0.8759470565842564,
            0.024541329228423406,
            -0.5233190972676173,
            1.54515407745236,
            -0.12337444665240352,
            -0.25404025450418316,
            -0.030439649262980786,
            1.2056726487959943,
            0.499548311751207,
            -0.16437833307876706,
            -0.3187633391523807,
            0.15515593658625546,
            0.8001416208983162,
            -0.07288659616548274,
            -0.06549041739361348,
            -0.12979578167925396,
            -0.030461006587551274,
            -1.1648557517610638,
            -0.2630098209873359,
            -0.3444167452956116,
            -0.0873410850569409,
            0.27663724746543716,
            1.1678164933156965,
            0.31312319188413273,
            -0.06385452601802338,
            0.18004160483912596,
            -0.16174636856525854,
            -0.6830055095141413,
            -0.658644761457748,
            1.0346556308703296,
            1.1828015605049476,
            -0.8976103908118008,
            -0.21588867047496674,
            -0.11376514600500436,
            1.934981809826572,
            1.4055312284388184,
            0.7431317180222766,
            1.1038598700530622,
            -0.5282440019926886,
            -0.4793961550468953,
            1.6536651772487152,
            0.536168811829299,
            -0.2778310663998969,
            1.0249122768957144,
            -0.5597193307911584,
            1.5857038293737546,
            1.1040689693057157,
            1.3550673560186073,
            2.050637632069353,
            0.3986976963939919,
            1.5345918237050677,
            -0.5706642327230006,
            1.9081116935454376,
            0.8772682626606142,
            -0.6346082486979469,
            -0.6583872970469278,
            1.4826145199424368,
            0.37857510205484274,
            0.42065998257766074,
            -0.20008624958570723,
            -0.3801338918136279
        ],
        [
            1.539893556750207,
            1.823067309930415,
            0.7497067603166858,
            0.6622241932168041,
            1.9050310877488976,
            0.3093519418458167,
            1.2999334103943043,
            1.6975350904726358,
            1.435555304530135,
            2.3730066473888813,
            -0.022226029309350807,
            2.6863197426940433,
            0.6263053285605601,
            0.45851212085927273,
            -0.1773160777938341,
            1.3795930916859893,
            2.6762511919319474,
            0.40575096762849017,
            -0.04343649408335026,
            1.5442729862979667,
            2.857447099523614,
            -0.4503904362342547,
            1.0378066338698564,
            -0.25539001838569386,
            3.0972874103263646,
            0.3019146786509992,
            1.5556499401662525,
            0.24044142401971597,
            1.5619105533844955,
            0.8314031240238582,
            1.4504344334556298,
            -0.3403279067298688,
            0.5786928127477938,
            -0.24556618391698393,
            -1.5307599694713911,
            1.091039893064048,
            2.0405901827140713,
            0.47661552932202694,
            1.4675126980046957,
            -0.8761846134144532,
            -0.322162417917261,
            -0.23774468267595017,
            -0.6705629451727346,
            -0.43691058348347495,
            -0.23435022642613318,
            -0.124640871633648,
            2.303542670158755,
            0.9982528420249586,
            0.0011520490279278964,
            0.23895644676127337,
            -1.0711844028762494,
            2.1637444156314767,
            -0.08638627998494605,
            -0.10573178941698379,
            -0.08632353569227431,
            0.126922867688299,
            0.10425284250819548,
            -0.2709855885915452,
            0.355570477516856,
            -0.11332037776304293,
            0.13156459503056747,
            0.6777024743203627,
            0.922243972441084,
            -0.10414936668973108,
            -0.0300075962612974,
            0.03939744981789603,
            -0.4722255899125964,
            -0.4150829848909243,
            2.4004868939248105,
            2.4764473483141756,
            -0.5130297146138172,
            -0.05443722029629194,
            0.9054556639630015,
            2.918773440881076,
            0.31716994632293366,
            2.2201903757207972,
            1.3883848128245848,
            -1.3440072575551743,
            1.3906276595130105,
            1.1895320944240642,
            1.7532198171203008,
            -0.1870887979727334,
            1.5284214532867455,
            -0.17276322446993464,
            1.5983887006757391,
            2.1750969833315588,
            -0.35248355027056977,
            2.6707219807868277,
            -0.07723914394567613,
            -1.1433551619313556,
            -0.21231002360390147,
            -0.460475008895412,
            2.1295819169870343,
            -0.7827927024672258,
            0.3832160798729796,
            1.4892989347259227,
            1.0287184855037121,
            1.687773743247246,
            -0.4784767353154228,
            -0.23158923686367264
        ],
        [
            -1.011552002404789,
            0.754955120741538,
            0.6038117003304502,
            0.7763481198734757,
            0.3093519418458167,
            1.6079766308856158,
            -0.09250695652467582,
            -0.21478747427924416,
            -0.2181308012006096,
            0.8457038573156948,
            0.3735859829280382,
            0.4698041426030173,
            1.9411393730368285,
            -1.3304981143304544,
            1.6220874828600171,
            0.5633144186172638,
            0.5836040447543482,
            0.27536207105488536,
            0.08574800398204752,
            0.6293536666892448,
            -0.4902828171148263,
            2.3899742788722538,
            0.7901732900356939,
            0.09426499031414681,
            1.0368553677350867,
            -1.1804475148629494,
            -0.3640545359121273,
            -0.11435604195268129,
            0.8960719556468576,
            1.588342521631553,
            -1.1773221397310518,
            -0.2474371205595273,
            -0.7548123189751262,
            -0.6575061044022795,
            -1.0809772554277306,
            0.32141447154825753,
            0.27294813883246644,
            1.3505986375131216,
            0.6382301492936509,
            -1.0394149691898942,
            1.9241853494266004,
            -0.5196378476961058,
            -0.5813894601046058,
            0.050926966050548,
            0.1570148464852938,
            -0.04576289727578239,
            0.754600684150722,
            -0.9480093334190248,
            -0.1821808591527865,
            -0.07067977532931036,
            -1.113488274187399,
            0.9643121673405176,
            0.10013316765550762,
            0.1355130490837994,
            0.020772126684608032,
            -1.3980347311671286,
            -1.0926457050927585,
            -0.43283274443741576,
            -0.7949298237550239,
            0.17994632355914478,
            -0.8776670698002621,
            0.28062068537797785,
            -0.3644767817828381,
            0.11333682440108837,
            1.7337050741619973,
            -0.2511687776226768,
            -0.5453704040985645,
            -0.5560832538306617,
            -0.48174261005045904,
            0.2543242569650251,
            -0.7873122177787711,
            0.006632058122663916,
            -0.39588066276824785,
            0.5310760430852307,
            -0.5152799106745752,
            0.07154155479486847,
            -0.12916713448315997,
            1.6237713290127098,
            -1.3129245558596332,
            0.4278344857419706,
            1.2965942451360033,
            0.04658813202310937,
            -0.6947212540162964,
            -0.12140968908798136,
            1.5198437754260625,
            0.10419827388352587,
            0.9199010803181262,
            1.6276204561213328,
            0.18678162462845035,
            -0.058714223675977124,
            -0.56698779091493,
            -0.062342363697635,
            0.6829105665177467,
            -0.7513568334849212,
            -0.7848725245995511,
            1.29414651563795,
            0.6196564563114547,
            0.38340305227313776,
            -0.014666344616961778,
            -0.04656896841705034
        ],
        [
            0.657439516259519,
            0.8681633970881368,
            0.03614394061512664,
            -0.02547572634895061,
            1.2999334103943043,
            -0.09250695652467582,
            2.013080459131083,
            1.207431194131774,
            0.8070657190261675,
            1.1477851193957471,
            0.4023325832191485,
            1.6125605803280065,
            -0.3921577472267764,
            -0.2090865291047427,
            -0.5687798997274411,
            0.8013484906425568,
            2.0533800113977985,
            -0.5444156056394318,
            -0.1715455088609625,
            1.356464866872003,
            1.9917773138501527,
            -0.9740471519556831,
            0.3321039373673472,
            0.010221104625557758,
            2.3417421252532633,
            -1.4429565007762022,
            0.26033074526654076,
            0.547650438305609,
            1.112701130065868,
            0.08245225306917602,
            0.5183737935952161,
            0.25646543013952605,
            -0.5856971473832837,
            -0.6900066259106253,
            -1.1285472733908775,
            -0.08001306240878468,
            0.6263993983453423,
            -0.4753448169042952,
            1.4306339903336178,
            -0.7191632540224024,
            -0.534899809262739,
            0.3528770938415224,
            -0.6432726820017706,
            -0.53138249655657,
            -0.02536289253421683,
            -0.16319687680008366,
            1.1632592667490238,
            0.6876200187642048,
            0.07083139865342845,
            -0.22861009172716795,
            -1.177076880148638,
            1.2988159571614775,
            -0.0709403610527227,
            -0.09058281091925953,
            0.0026670118556973983,
            0.2987440306522081,
            -0.36098701930092375,
            -0.05352540945629929,
            1.0520618244940025,
            -0.11323905135461826,
            -0.3946740982215426,
            -0.08289756964902532,
            1.098754096052149,
            -0.09080574263220757,
            -0.2867946968926694,
            0.3039849282038282,
            0.4664059692817721,
            0.2935091592079321,
            1.5915836013724265,
            0.9830280346027879,
            0.11105458703137848,
            0.010906990893383841,
            1.2074279914386714,
            1.7660641985311596,
            -0.39557082209151384,
            0.940220274098311,
            1.192747737103995,
            -1.7532252533595647,
            0.5375332622318161,
            0.6340008857762764,
            0.7189645915655,
            0.038461831167223355,
            -0.13104563030252453,
            0.5323244781161521,
            0.8331726727273008,
            0.8902608374143837,
            -0.27675401890293777,
            2.0772035350947395,
            -0.15239820746767935,
            -1.693536030996127,
            0.5051982401185459,
            -1.2475874499334338,
            1.6661220101136982,
            0.261525863017563,
            -0.20247136476631097,
            0.8205288360502943,
            0.5041033506710877,
            1.1360013416216692,
            -0.15908958405604726,
            -0.06000606401856499
        ],
        [
            1.367302307908508,
            1.9135099556680704,
            1.3191781625905585,
            1.1256944321203655,
            1.6975350904726358,
            -0.21478747427924416,
            1.207431194131774,
            2.2096890164417067,
            1.193644975094969,
            2.1805337156074787,
            -0.6063022104478663,
            2.9207340554196906,
            0.38208879355576036,
            1.0505752784045979,
            -1.0528553451415876,
            1.3891122002927834,
            2.8849063155145696,
            0.4833301248972463,
            -0.10398150421646592,
            1.3484420830986623,
            2.917847948260463,
            -1.5032613278506661,
            0.8867892289421129,
            -0.42941874291636534,
            3.146123668231647,
            0.7834920907030187,
            2.018584339685638,
            0.23353547214726722,
            2.4219962682468994,
            0.10175521293715481,
            1.4228153369797598,
            -0.4938888749640202,
            0.38013447604262685,
            1.0982550591451294,
            -0.43315000345267296,
            1.655083944490345,
            1.8090700315114996,
            -0.5486132030812753,
            1.147579906854176,
            0.6012271979401311,
            -1.4221244317199109,
            -0.15056821190568634,
            0.9615695265172248,
            -0.48656957112607113,
            -0.4258105149224044,
            -0.10176500060507579,
            2.045582749008112,
            1.662958566685298,
            0.0012870524198216856,
            -0.09633031285232922,
            -0.09421968923976502,
            1.5644972437881524,
            -0.17883934790775943,
            -0.20978408978975188,
            -0.15925248208172274,
            0.9423456620110865,
            -0.22137178163714757,
            -0.10948020088578687,
            0.6366056912355145,
            -0.2613197481879619,
            0.7265699579474023,
            1.0845623531170108,
            1.2141627569491995,
            -0.19450315536574658,
            -0.9709836343137662,
            0.11292467487027055,
            -0.37078315808521056,
            -0.34639438413710283,
            2.7955985901945706,
            2.3933849656993402,
            -0.48008545008514764,
            -0.1938899760939389,
            0.928526440861468,
            3.2031173701301663,
            1.4566028218951195,
            2.0156343780892114,
            1.9555168616444443,
            -2.5015161298947586,
            1.3601027439619824,
            1.8026874232347139,
            0.8130232993488684,
            -0.33707314211996886,
            2.055815576774196,
            -0.3399438946822417,
            1.3867541265446963,
            2.2264325395211864,
            0.19107381908463456,
            2.5507565314439113,
            0.1078416926265517,
            0.1546461602807212,
            -0.11229636569739283,
            0.9278968868009322,
            1.8406488310402513,
            -0.43811759616338797,
            0.16785928955448673,
            1.3770588128348658,
            0.6243819963286756,
            1.3131266103095753,
            -0.45579472380157443,
            -0.4033126551628066
        ],
        [
            1.8719698807932381,
            1.1246652006392805,
            0.17086409066004507,
            0.06684505524732381,
            1.435555304530135,
            -0.2181308012006096,
            0.8070657190261675,
            1.193644975094969,
            1.3817171389340361,
            1.6621576722144205,
            -0.048584663355169026,
            1.833295916649415,
            -0.11765771561952992,
            0.8738505186046654,
            -0.4128443061842139,
            0.8429393008987033,
            1.6642286574817338,
            0.3676670856846086,
            -0.011061642438968629,
            0.9143921591695625,
            2.436173530924061,
            -0.8594450295312672,
            0.599383831191806,
            -0.2170010770876911,
            1.84678490017342,
            1.0248140162435904,
            1.3998905303372056,
            0.14528998220096973,
            0.4007485395928589,
            0.3388572098175757,
            1.837956345628532,
            -0.20863288255590526,
            1.1618495191162266,
            -0.3330651812201989,
            -1.1431720907519323,
            0.6682091961303542,
            1.771623782800179,
            0.3888978295803256,
            0.8715226447018349,
            -0.8084132200101288,
            -0.6071327230696967,
            -0.11093585185966334,
            -0.9186962420288831,
            -0.2833368316170498,
            -0.20979070502791816,
            -0.06519607212173519,
            1.6638743974351475,
            0.9417180692265231,
            0.06987443286879566,
            0.4725116358573065,
            -0.6188192181164376,
            1.5436888038582195,
            -0.07172966673794762,
            -0.09704968395557217,
            -0.06157945880420405,
            0.3544227029163049,
            0.8641099520658699,
            -0.11044483001889817,
            0.32283421348564767,
            -0.1003006616417703,
            0.3890975107339985,
            0.3599450321645593,
            0.6448020487531203,
            -0.09087344830301032,
            -0.3699141194211939,
            0.04598188828292082,
            -0.3606230109208062,
            -0.24042399985393328,
            1.949416572144699,
            2.040790839850513,
            -0.1598661642653594,
            0.003157029674302136,
            0.7339309546705343,
            1.9652517380738181,
            0.1534186877367806,
            1.9467351568536242,
            0.8343457495010409,
            -1.1006968033528086,
            1.8417078636138842,
            0.5021880437575167,
            1.2921910132811285,
            -0.14639184508945688,
            1.6070428061992954,
            -0.17440476591290965,
            0.6837281322647174,
            1.787666944052277,
            -0.9485926655950992,
            1.2965670216105227,
            -0.2057540782594931,
            -1.2006985263431766,
            -0.10949791471478604,
            -0.6986681367336064,
            1.4119917955021515,
            -0.614379602660535,
            0.8945004270731085,
            0.6464323157413795,
            0.7391852718625548,
            1.3078186857623448,
            -0.4219122488094081,
            -0.10897224491170936
        ],
        [
            1.6195386035907,
            2.6603264592305904,
            1.4954350028700714,
            1.409464454171967,
            2.3730066473888813,
            0.8457038573156948,
            1.1477851193957471,
            2.1805337156074787,
            1.6621576722144205,
            3.2984256926807607,
            -0.25232742321352597,
            3.6225611022462245,
            1.6264015332502355,
            0.49998809990811977,
            0.17532762922575051,
            1.9398737116100644,
            3.4866628297345508,
            0.9018443635519274,
            0.0027256797798881753,
            1.939599753143416,
            3.352232771764841,
            0.11344011410236508,
            1.6203738589211734,
            -0.40737549982077614,
            4.1014361402894,
            0.7047188901767639,
            2.2283158800062424,
            0.12272684771585253,
            2.5195237248729083,
            1.468891067436724,
            1.5316762714995336,
            -0.7253791531426318,
            0.7173754917615907,
            0.13500224834866295,
            -1.8281706532773596,
            1.9359323655843867,
            2.7806688106219717,
            0.9532441447055874,
            1.7603742524829225,
            -0.8600541528319321,
            -0.025479175639168777,
            -0.6148851138615147,
            -0.37299779907385605,
            -0.4576995187351971,
            -0.34922872927471693,
            -0.13390693533059742,
            3.136829541457088,
            1.1395895696637472,
            -0.0848078828661568,
            0.28307822337591826,
            -1.1938033962691899,
            2.8350192316338663,
            -0.10107037080240422,
            -0.11471589975915511,
            -0.1462886625234082,
            -0.1016239850094836,
            -0.21470291335450298,
            -0.4680508174838461,
            -0.010728150637603736,
            -0.118662540922236,
            0.2411740311095322,
            1.2618685612300264,
            0.9533197579301891,
            -0.11498589225385897,
            0.30897220261379094,
            -0.10585751389019721,
            -1.0003892540320953,
            -0.8730810170804512,
            2.9439655925522534,
            3.3431780201786774,
            -1.0458495305655175,
            -0.13121136503010594,
            0.7842134992051103,
            3.9489578883958045,
            0.8325792979948211,
            2.876810174758626,
            1.7823916098506793,
            -1.2267344587025413,
            1.3902183652716626,
            1.8897384396116177,
            2.4240322207933533,
            -0.3247950396653579,
            2.232481437837456,
            -0.5364574027155179,
            2.4966752258324676,
            2.9310813176181187,
            0.08906367908717593,
            3.7093686098508707,
            0.06956182263309928,
            -0.6465440796128666,
            -0.64137927445433,
            0.23098627647567732,
            2.6746587114053506,
            -1.3675954192490307,
            0.28399946272060816,
            2.299965594184384,
            1.3988679757064229,
            2.076556944988061,
            -0.6423182050657622,
            -0.3958684614627331
        ],
        [
            -0.26268141294310754,
            -0.38955699519866993,
            -0.7167561591902697,
            -0.6090510970329598,
            -0.022226029309350807,
            0.3735859829280382,
            0.4023325832191485,
            -0.6063022104478663,
            -0.048584663355169026,
            -0.25232742321352597,
            0.6860823817016537,
            -0.5578187982848027,
            -0.09033012696643626,
            -0.8480053232723865,
            0.6580242875792116,
            -0.18541536155304228,
            -0.33810614070209466,
            -0.4401119304337962,
            0.00021813066670310716,
            0.15777949264078706,
            -0.3842918217410543,
            0.7919969391225262,
            -0.09995993853648193,
            0.25670566619142504,
            -0.22350782619024248,
            -1.2076253682695108,
            -0.920173322938751,
            0.13405491345695816,
            -0.8072023682789434,
            0.40654185658730513,
            -0.4161992515997605,
            0.3562177526299447,
            -0.36594185492207104,
            -1.3462603201269883,
            -0.8403449242099015,
            -0.9169662748956998,
            -0.344943835746097,
            0.5409999192479056,
            0.32311174774316376,
            -1.240433544463815,
            0.9354619384254843,
            0.13950040786774237,
            -1.388841233521486,
            -0.005660705653787344,
            0.2516225002158456,
            -0.04103351507560538,
            -0.16970785941401534,
            -0.7195083942879241,
            0.017655122704151992,
            0.07927523974491447,
            -0.9480128199614449,
            0.23932994452864975,
            0.08742692770621506,
            0.09873548934128493,
            0.09736070641010564,
            -0.6881764909067037,
            0.0029264752209731313,
            -0.07530054144385843,
            0.01992265748714265,
            0.13133808881607587,
            -0.7684773914743394,
            -0.6250556377335975,
            -0.1689138983738595,
            0.08525666225634515,
            0.779762072237746,
            0.036139607385394505,
            0.2683904519871056,
            0.19843627988529777,
            -0.6463376494439792,
            -0.49247374617199413,
            0.174875678223871,
            0.14205618452976418,
            0.10386266600711509,
            -0.6233014545692481,
            -1.2693790075218148,
            -0.3192679275413569,
            -0.528204765928575,
            0.8570054847631694,
            -0.39045050076997184,
            -0.6872451507305577,
            0.4612606141323932,
            0.21831020014327837,
            -1.1499539024793834,
            0.42537481654233444,
            -0.015133421044337882,
            -0.5315032343905228,
            -0.36493095339818177,
            0.013279640533203586,
            -0.17432103060595616,
            -1.334749969993639,
            0.18023643100045209,
            -1.494665475323509,
            0.13441899815674896,
            0.09201790250915233,
            -0.11293135893264176,
            -0.0733911192795842,
            0.1747424311523651,
            0.13829027681808498,
            0.10499612347481051,
            0.20631139737631277
        ],
        [
            1.8523148196413848,
            3.0494632636129784,
            1.9123823919470069,
            1.7321637688693472,
            2.6863197426940433,
            0.4698041426030173,
            1.6125605803280065,
            2.9207340554196906,
            1.833295916649415,
            3.6225611022462245,
            -0.5578187982848027,
            4.34784518250327,
            1.3895628954437211,
            0.9370673287302312,
            -0.5610524327210532,
            2.224893837659667,
            4.2711388660927545,
            0.8833852233115718,
            -0.07492645683839898,
            2.215775393021459,
            4.101073380249448,
            -0.8714945152437532,
            1.6712325568601256,
            -0.5459979527613813,
            4.868183626600783,
            0.8220021424120499,
            2.75410040222849,
            0.25152689821059887,
            3.3934557481953322,
            1.0581832974913532,
            1.8254946082267602,
            -0.8007159267282034,
            0.5851863768050616,
            0.8389077456001477,
            -1.484083075877695,
            2.379050775179585,
            2.9719924443048997,
            0.22741519770924154,
            1.9644785069987425,
            -0.13369341586629785,
            -0.9238052482107451,
            -0.5002807288391311,
            0.4662228394931248,
            -0.637907913109466,
            -0.5055285786195031,
            -0.16194403417600553,
            3.4194727861234973,
            1.8311169905777456,
            -0.0636074498842608,
            0.06395752411125978,
            -0.8797752494407772,
            2.906850730357243,
            -0.18538696508137628,
            -0.2135464724777008,
            -0.2015197784447058,
            0.5324119408587753,
            -0.4229442012259906,
            -0.38993617909521283,
            0.4315450746670935,
            -0.2516094475181697,
            0.5891635023467227,
            1.5623730322786007,
            1.4562666843681282,
            -0.2042499438635733,
            -0.4040861244119362,
            0.010962458125389233,
            -0.8814644276815068,
            -0.7993074472737968,
            3.7737853826430605,
            3.7420244983743345,
            -1.0287708344167552,
            -0.2217959032649418,
            1.140568802542092,
            4.756989653637834,
            1.5219265192829203,
            3.1716940554080324,
            2.515144573682379,
            -2.48754501778261,
            1.6849142845434808,
            2.5012274198466575,
            2.117508079302124,
            -0.43355752036448114,
            2.7373199962371033,
            -0.5559275672159857,
            2.634010211827193,
            3.368313520173094,
            0.2939001055613453,
            4.249108438973988,
            0.13894410000901133,
            -0.2834621961986627,
            -0.4858451356001808,
            0.8094534566140854,
            3.0142440828385992,
            -1.1623133371312941,
            0.191222475311564,
            2.4938659594069432,
            1.331326352506729,
            2.2286104642882174,
            -0.7111027263196776,
            -0.537173537590633
        ],
        [
            -1.01189138470059,
            1.563324280919465,
            1.537675292408286,
            1.6753957596292335,
            0.6263053285605601,
            1.9411393730368285,
            -0.3921577472267764,
            0.38208879355576036,
            -0.11765771561952992,
            1.6264015332502355,
            -0.09033012696643626,
            1.3895628954437211,
            2.8485980315563837,
            -1.0475018996955348,
            1.6759333951197244,
            1.0727609038510304,
            1.340622948677868,
            0.8269182073070275,
            0.11943657212840995,
            0.8685596979526746,
