{
    "pos": [
        [
            0.2814811989830314,
            0.3529891036762005,
            0.2782509601855091,
            0.21078330337810014,
            0.2599238142666686,
            0.2625556768050203,
            0.350080776417077,
            0.09740667701901631,
            0.2511495109913587,
            -0.1672081493400528,
            0.21144947467315134,
            -0.12396702655368286,
            -0.004545770995980342,
            -0.08451438740579036,
            0.2925470240952437,
            0.19503330368658706,
            -0.14091293748043757,
            -0.39272065628204356,
            0.013187008037726496,
            0.1999266195327013,
            0.09639390854899023,
            -0.010382189181340736,
            0.459005681075701,
            -0.025397923721600664,
            0.11622098561980597,
            -0.5127311768863588,
            -0.004886958358200834,
            0.03459256147196938,
            0.6421193325696234,
            0.15339292680119737,
            0.15177679161335728,
            -0.01989744190744855,
            0.06128934658306811,
            -0.044430906397764564,
            -0.06192589532908305,
            0.05267518723035167,
            0.22485356417363345,
            0.13124161730214276,
            0.3189182203485498,
            0.02721931327764416,
            -0.2159166985296809,
            0.025003761725315557,
            0.003716553514437121,
            -0.14210666245280407,
            -0.0299334221821563,
            0.004922028692438004,
            0.11292357658442301,
            0.13755810132684096,
            -0.014178527947251513,
            0.2594486733380774,
            0.41961693963994046,
            0.31817078072063765,
            -0.025304114718242166,
            -0.012164075665657113,
            -0.0030431268532597235,
            0.33708497357367073,
            0.08791958991360938,
            -0.04607076025863614,
            -0.19955998038581768,
            -0.00382760241243115,
            -0.4775516927208749,
            0.11383992830822803,
            0.3819659463547935,
            -0.011243362597718187,
            0.05254861743886612,
            0.015146434473428814,
            -0.021183429547041492,
            -0.06726938692444688,
            0.3958925657197975,
            0.16773834503879173,
            0.03462131183366567,
            0.04812958124442016,
            -0.10272782653393131,
            -0.710078314896422,
            -0.07255758638732966,
            0.4553262121973772,
            -0.0018324664299630919,
            0.02045114997600195,
            0.23434153967489535,
            0.26453418084338676,
            0.19552931127470977,
            -0.04339811073053686,
            0.3696516703436742,
            0.014595956415375278,
            -0.0083942071290468,
            0.016947292414340745,
            0.19400894281363185,
            0.20984149141517974,
            -0.1435643924431285,
            -0.29438402226069627,
            0.030753432176394063,
            0.06409338237244966,
            0.19111221527462452,
            0.34374125521270993,
            0.21078663358394545,
            0.032146168487397056,
            0.2866007532449364,
            0.24898241148503708,
            0.011895956736307061,
            0.01704482378899105
        ],
        [
            0.3529891036762005,
            2.236151990999932,
            0.5128168132587009,
            0.4312694880422255,
            1.7797493475240707,
            -1.2209110961720395,
            0.8201962213748069,
            0.43270063849554896,
            0.6051713274347776,
            1.0921440365363153,
            -1.0420692690130353,
            0.040294077675500195,
            -0.6557723502522723,
            0.672329509078838,
            -0.12252213439430691,
            0.80888843570788,
            -0.3387428133916715,
            1.1174882236074413,
            0.14044719780585282,
            0.12764466482369866,
            1.7776720254554736,
            -0.732641352992809,
            0.47043057850336534,
            -0.032452741027910036,
            1.8993739026125203,
            1.0312394408225847,
            -0.17605934310066157,
            0.2858814903228141,
            0.8189532471653506,
            0.09568643016622491,
            0.6996387879360269,
            0.04893828862796446,
            0.00487071000742938,
            1.39447677059141,
            0.4725452716126415,
            1.4394597655397545,
            2.2151097903737633,
            -1.3235269049985119,
            -0.19620818752623287,
            0.002886884071568483,
            -1.61959775476241,
            -0.2750861280031522,
            -0.046127171510649136,
            -0.40923814753175747,
            -0.055890770111084,
            0.09661345708957912,
            1.199998239449833,
            1.6768553007073177,
            0.019222497709874036,
            0.029508108594617666,
            0.5458608709679825,
            1.0661327388903428,
            -0.1545803843394335,
            0.02760694472153737,
            0.005881048691005862,
            0.86475697377813,
            -0.474030391832663,
            0.15656671383488774,
            -0.05208762955339176,
            -0.019926153460909105,
            0.03970008112001558,
            0.2685254683244019,
            0.9537700616730069,
            0.02857545451903575,
            -1.3833651559052818,
            -0.24519316923746826,
            0.38018513211459976,
            -0.13319327088324562,
            0.5941113021425471,
            1.6238073268807982,
            -0.32276856717652336,
            0.1150622654400281,
            0.3604092610232265,
            -0.3905129851676151,
            1.3658950075181315,
            0.4981250261604914,
            0.04868759402266543,
            -1.014881674652811,
            0.5237100851778979,
            0.591936335928961,
            1.0314368859158016,
            -0.05160484652763381,
            0.4175388161882479,
            -0.029110810398999282,
            -0.15022424702910894,
            1.4963338090206193,
            -0.7564594395002511,
            -0.45277848635437623,
            0.11058640174966033,
            -0.720501554281245,
            -0.4051595215777806,
            0.4300262842172471,
            -0.12128115285448604,
            -1.0294358848960605,
            1.4799942067763014,
            0.1504326571522659,
            0.6492837944141912,
            -0.021263539486476277,
            0.2268041708360413,
            0.03454864068990852
        ],
        [
            0.2782509601855091,
            0.5128168132587009,
            1.051392580554126,
            1.0091825767748663,
            0.2732630522529911,
            -0.4312197279570626,
            -0.3468892394616826,
            0.7294480606092992,
            0.5636177655616319,
            -0.4359289212310804,
            0.42113057731950604,
            1.1401888070275796,
            0.230584647838446,
            0.924512572006354,
            -0.6838304650436868,
            -0.10116657426126796,
            1.0302094779456499,
            -0.10981853771103954,
            -0.0812375040041836,
            0.43191198320794577,
            0.6577716968092281,
            -0.5625321362451952,
            0.8901046277457342,
            0.05143506023201882,
            0.8035321037789306,
            -0.13265381268737625,
            1.3238588385076233,
            -0.031843977532650405,
            1.773511515670505,
            0.0165163810092926,
            0.14764329680757318,
            -0.014409352327663008,
            0.06330679075429475,
            0.17430696482533875,
            0.6776959192091347,
            -0.36952247080890654,
            0.30988466679664683,
            -0.6878228750930636,
            -0.20208170045929452,
            0.774531061564158,
            -0.979806221943679,
            -0.10080517088545321,
            0.825272516816307,
            -0.5449346944880017,
            0.016990498171376354,
            -0.032258859642877384,
            0.1586025119395655,
            0.4312791624050378,
            0.03356617794778486,
            -0.18594576156528414,
            -0.3560280947506006,
            0.4983268454694118,
            -0.07787356757783521,
            0.013010887855503327,
            0.001004536559233018,
            1.1161449697152406,
            -0.29685851113858774,
            0.37819272090263195,
            0.28360404048647403,
            -0.007027733965464579,
            0.5023743847344977,
            0.18232351487334586,
            0.17530289774733268,
            0.013606054458066556,
            -0.6688848303785588,
            -0.02492319340749568,
            0.06056232301217729,
            0.09887315495806592,
            0.6736972789171688,
            0.45402659120940936,
            -0.09607870629180536,
            0.34164224139255117,
            0.055746146151511494,
            0.49019412141587804,
            0.46457114384196113,
            0.519856861119736,
            1.317660244222834,
            -0.7126007999091665,
            0.7079193273472977,
            0.5423312777311666,
            0.2591299140155852,
            0.020725769825236825,
            1.0018606322002082,
            0.11828847914751697,
            -0.05819870680937869,
            -0.5055804271962888,
            -0.6788014140695284,
            -0.32913079574699694,
            0.016500543238918083,
            0.19455778557366002,
            -0.16299125770586181,
            0.27238269883301003,
            -0.0853436114947134,
            0.21653639357670357,
            0.23779736108282168,
            -0.5018131176747612,
            0.49713121463409815,
            -0.22734050927219773,
            0.09642855777141086,
            -0.022657021101714483
        ],
        [
            0.21078330337810014,
            0.4312694880422255,
            1.0091825767748663,
            0.9858295630845495,
            0.23910387673493538,
            -0.527436769321162,
            -0.44033062910244425,
            0.7372308230400946,
            0.5391546881946686,
            -0.4078436623280361,
            0.3813909314535889,
            1.2166257348784457,
            0.21593949785975775,
            0.978149293953713,
            -0.7848127195469707,
            -0.17798378150402702,
            1.1049789936685652,
            -0.008297873319053356,
            -0.08897408413262708,
            0.3533302553583635,
            0.6832626516496519,
            -0.5893092096593016,
            0.7925277982041894,
            0.05835396134361884,
            0.8005211422859176,
            -0.014045394577035387,
            1.3736472158503181,
            -0.03464550719199346,
            1.6888216276936785,
            -0.02419985034636197,
            0.09855350531521406,
            -0.009956383972595868,
            0.0588597661256149,
            0.2113566976102753,
            0.669621077457331,
            -0.37262965500637063,
            0.26460826259894604,
            -0.7442254729161163,
            -0.2717343312407859,
            0.7906188277370995,
            -0.9570739108233678,
            -0.11103831517019631,
            0.8551746035167818,
            -0.5260115644361419,
            0.023074439512761374,
            -0.03390108277164843,
            0.14370737953752247,
            0.42798195007572337,
            0.03945817037535231,
            -0.26174617693780844,
            -0.5044929453168058,
            0.45591839375499177,
            -0.07207535273084249,
            0.01657167732866629,
            0.0017003623963036505,
            1.0666557992600487,
            -0.3317462844185465,
            0.39503681568129356,
            0.33932649746665444,
            -0.0064905078760796086,
            0.6221469478661245,
            0.1812611406528226,
            0.09907154212130051,
            0.017032235969810097,
            -0.7062316019648782,
            -0.028965882258094322,
            0.04983450925963004,
            0.11819258729157067,
            0.6284351056291311,
            0.4385546310684282,
            -0.10418404822439178,
            0.3397245209552355,
            0.07866735641461921,
            0.6777599591997753,
            0.4943766889041878,
            0.44359287227275934,
            1.3782022335448418,
            -0.7330701970034177,
            0.6131856613406542,
            0.5072061456490579,
            0.23128975953635217,
            0.031443582012332744,
            0.9737659077588563,
            0.11700217694442205,
            -0.06091875992229047,
            -0.5321633508862104,
            -0.7661860869075647,
            -0.4072117282647025,
            0.045940213696015066,
            0.26597684704478575,
            -0.17788922174582514,
            0.23958176875053355,
            -0.1511653405988151,
            0.13216096032827993,
            0.22324608744553887,
            -0.5429036002590593,
            0.44629835150700886,
            -0.3100004314822351,
            0.09435499842837532,
            -0.02200197269515636
        ],
        [
            0.2599238142666686,
            1.7797493475240707,
            0.2732630522529911,
            0.23910387673493538,
            2.445545140119693,
            -1.4574298226707152,
            1.573426277691842,
            1.1912999209076223,
            1.7316081974971558,
            1.1427067769183785,
            -1.3064197271890217,
            0.5458936466118555,
            -0.48649961923191554,
            0.3454528332924386,
            0.38553177792527854,
            0.5309566066996708,
            0.4185681903998564,
            1.696677208659888,
            -0.009793796756239261,
            -0.4467478020464724,
            1.6037783750888683,
            -0.8272526601497026,
            0.4890992399949009,
            -0.09794607317630444,
            0.9736244999366778,
            0.6289697807126693,
            0.017707361430736448,
            0.47814131287140804,
            0.6112113126043455,
            0.08981466126974684,
            0.7620783547267483,
            0.040319431195459526,
            1.0266674584049216,
            2.4607160315584906,
            -0.8966522102304186,
            2.221915901630563,
            2.0619113311270727,
            -0.9534496733256548,
            1.2045017276407748,
            -0.36811936859921385,
            -1.4344904064667636,
            -0.28641953755010174,
            -0.020966260383531925,
            -0.5449200135315836,
            -0.11331757562296602,
            0.08028691077991407,
            1.7280999087851574,
            2.3940779198193844,
            -0.000515587249263453,
            0.768609965811101,
            0.26820566350170666,
            2.4602634046482947,
            -0.11685789063080186,
            0.006374688033536375,
            0.002027567346629297,
            0.0880039519491874,
            -0.24020646092792552,
            -0.19438753527498379,
            0.37239405338838105,
            -0.021247003153907637,
            -0.9131708159405708,
            1.457915707709135,
            1.4643318122856117,
            0.008454106111790689,
            -1.1627355094832255,
            -0.26339511460139664,
            0.07423207063859734,
            0.3522174932229757,
            2.2209952348337945,
            1.5025833625979101,
            -0.32809578004895806,
            -0.1788808186016383,
            0.10297070307118801,
            -0.6057793835368274,
            1.2370875454182644,
            2.13068009909305,
            0.6225208322819437,
            -0.6556800951132877,
            -0.5078437844032705,
            1.7942774427250985,
            1.7471618319194224,
            -0.09081421905838201,
            1.9919913953811426,
            -0.07253885851041571,
            -0.27995853876462873,
            1.7642413653814035,
            -0.6712398060541274,
            0.16382641780373408,
            0.0222090979715441,
            0.002612938731633149,
            -0.43409321385002686,
            -0.4263108431852531,
            0.3950108564378842,
            -1.2312438483806925,
            2.8727028249274422,
            -0.2121028559979906,
            1.2552921940959743,
            0.102977926812119,
            0.049107635443169526,
            0.0842374768941089
        ],
        [
            0.2625556768050203,
            -1.2209110961720395,
            -0.4312197279570626,
            -0.527436769321162,
            -1.4574298226707152,
            2.2607651453064967,
            0.06552833645270217,
            -1.1388316475515528,
            -0.9332491454572841,
            -1.1099798807906862,
            1.321092912828591,
            -1.5715665464713735,
            0.2440202314401316,
            -1.3854152861644957,
            1.1489928049494336,
            -0.0048036147517966435,
            -1.3393954747670285,
            -2.302262586530827,
            0.0590827106620773,
            0.32510896063714567,
            -1.7083571966390534,
            1.117219202497652,
            0.06690869541465531,
            -0.04544135698951083,
            -1.5020404262975802,
            -1.9853367842248204,
            -1.0273751602686545,
            -0.23504224591063402,
            -0.2712793478626076,
            0.3139922044149946,
            -0.4052444130697569,
            -0.08132372403587441,
            -0.46608582912012814,
            -2.0928544059208716,
            -0.43670026623654645,
            -1.261329688049748,
            -1.5395323005387154,
            1.8828130682922808,
            0.4229876541788139,
            -0.3440261966340066,
            1.555228002435057,
            0.4015132491613854,
            -0.6224667807567532,
            0.5043087580113349,
            -0.015256809394395669,
            -0.03652813987381908,
            -1.1904890902811187,
            -1.864403711944525,
            -0.0687919999232549,
            0.3870457630204471,
            1.031424668067543,
            -1.266626939100193,
            0.11535944004952531,
            -0.055735248611914735,
            -0.012299957081148484,
            -0.31665885571436103,
            0.7614068653852211,
            -0.3813774178889002,
            -0.9775188253891964,
            0.013581734229644902,
            -1.2145300898724758,
            -0.7283585234261234,
            -0.2323657794796261,
            -0.05508139689375893,
            1.7923759765767284,
            0.2931423369066132,
            -0.30655091805618984,
            -0.4266563267622441,
            -0.8871139222263242,
            -1.2763662787581422,
            0.4720354550979489,
            -0.08015646813008898,
            -0.5067485812456152,
            -1.8573451792419569,
            -1.7311693544386086,
            -0.54144475640859,
            -1.4131622266339663,
            1.3501543849057454,
            0.0717568619963093,
            -0.925575483237707,
            -0.9966209133495648,
            -0.06688553200060034,
            -1.034709230631411,
            -0.007722013357963785,
            0.22875203906337369,
            -1.056940467725608,
            1.6703283436471488,
            0.852312443763032,
            -0.46466837934574756,
            -0.7465039332499421,
            0.5919905469193335,
            0.013221351681136998,
            0.36432130535795104,
            1.7873970922852955,
            -1.6984647053841107,
            0.5346968974243421,
            -0.5514732032729212,
            0.7789728036485014,
            -0.15058415614864326,
            0.016136396948334013
        ],
        [
            0.350080776417077,
            0.8201962213748069,
            -0.3468892394616826,
            -0.44033062910244425,
            1.573426277691842,
            0.06552833645270217,
            2.012810908552524,
            0.55350969445717,
            1.3011487439579057,
            0.6664620297474155,
            -0.801919688489726,
            -0.5923248035945642,
            -0.06993542170099729,
            -0.9316590545104897,
            1.5708766837362973,
            0.7248500200646391,
            -0.4066547265315024,
            0.5985151385039124,
            0.002197401240403921,
            -0.16551003442549445,
            -0.0019189065940480423,
            0.0832864556830728,
            0.3859432124865839,
            -0.15836004691238004,
            -0.5774734357913147,
            -0.5928132987760696,
            -0.9791861909390862,
            0.36232430323331966,
            -0.43073270021625104,
            0.29665679187826366,
            0.6989522726480004,
            -0.00505241626930335,
            1.1093998074920428,
            1.4603380788381108,
            -1.467740282458269,
            1.723687207436947,
            0.9986265556395048,
            0.5371616554061425,
            1.9686013956336923,
            -0.9635783045556938,
            -0.1454849374114092,
            -0.020215268552066526,
            -0.6829466069196272,
            -0.15454884586675424,
            -0.13147211723786986,
            0.05487946716460218,
            1.143497342542167,
            1.3174402810954,
            -0.07491734147421844,
            1.4529876678095122,
            1.2254870140149867,
            1.9737163063553507,
            -0.031509947279627026,
            -0.04087019925840352,
            -0.006005258935145145,
            -0.7990488262188657,
            0.4403916838339472,
            -0.6176797661569363,
            -0.044965204445024734,
            -0.00955324414897206,
            -2.030515893650294,
            1.2806829651892002,
            1.3533968197404018,
            -0.03898656832428991,
            0.21460083042030514,
            -0.10215511309828418,
            -0.051636192445186316,
            0.30848165746764517,
            1.875020019472427,
            0.4299486809230471,
            -0.07167752665646614,
            -0.46091745373397475,
            -0.2718106498998824,
            -1.8650589523852485,
            0.07350864724108928,
            2.1670811405351653,
            -0.554926436566396,
            0.42584057591521873,
            -0.47956061552354856,
            1.4883435469655126,
            1.2760482586978688,
            -0.1448823841685105,
            1.43035219979163,
            -0.11827338619317895,
            -0.15565129174627776,
            1.5178891642124936,
            0.7462106555900707,
            1.2224322735831756,
            -0.20907801452793517,
            -0.055204778705469464,
            -0.03236203771123616,
            -0.6031254707126431,
            1.0517484994893957,
            -0.3051093983675759,
            2.1111843635594782,
            0.28733934567315444,
            1.0046565247862371,
            0.8358843561576669,
            -0.12476486587566155,
            0.05756462869641543
        ],
        [
            0.09740667701901631,
            0.43270063849554896,
            0.7294480606092992,
            0.7372308230400946,
            1.1912999209076223,
            -1.1388316475515528,
            0.55350969445717,
            1.6908989298308512,
            1.7706896746933236,
            0.13642863997479296,
            -0.4678607928811094,
            1.8282705388532972,
            0.6072330173398485,
            0.7273444236582075,
            -0.2042205573868846,
            -0.02422082095460506,
            1.9933626469734318,
            1.3049161911719191,
            -0.22670963327039054,
            0.14421773719461622,
            0.47319936015875347,
            -0.7484933911379197,
            0.8193465416684499,
            -0.009371988217944589,
            0.03460981058880136,
            0.19967186401242595,
            1.4458177777846322,
            0.1890135478933017,
            0.8759938371013363,
            -0.0575449704900876,
            0.561581197397038,
            0.008749555929642583,
            1.2794876647656919,
            1.8238371422216784,
            -0.3075536459909652,
            0.7911106029598122,
            0.5944456128773864,
            -0.7049003295380983,
            1.1161662567632376,
            0.2702338068454114,
            -1.0541817209404065,
            -0.21706631642435106,
            0.7757358301090255,
            -0.7469236773248618,
            -0.023043000082295855,
            -0.0374393298071474,
            1.0442763933495909,
            1.572071190300668,
            0.006399782082480317,
            0.6770085391277068,
            -0.4590838124878214,
            2.147356936312611,
            -0.08271033243288255,
            0.002374903219634689,
            0.0018801173297599645,
            0.03408551390487151,
            -0.15824132121202472,
            0.09202605538100456,
            1.0835217923329592,
            -0.008830254936962819,
            -0.11736130092002757,
            1.473226522943503,
            0.628185327010757,
            0.0028046215329944634,
            -0.8199351335359003,
            -0.15147639980303848,
            0.05504862776179234,
            0.7953049912254448,
            2.2524913987634316,
            0.4782758423054847,
            -0.29483571822796756,
            -0.05660051387566285,
            -0.018182530775632835,
            0.8066352205974083,
            0.8454465147217498,
            2.1908388375467838,
            1.8543630668481654,
            -0.680032999770237,
            0.13717556089845567,
            1.9378725974684607,
            1.204385889439549,
            0.0020817056010079596,
            2.474444191958448,
            0.05751872088035104,
            -0.23272858388454534,
            0.4242892732269334,
            -0.7252921371095974,
            0.40795508250707907,
            0.1686292974856284,
            1.354143153357079,
            -0.3321495069961781,
            -0.43755802029254887,
            0.6420781437211488,
            -0.628112852389971,
            1.9751605906684855,
            -0.7240538125968141,
            1.2035569399730104,
            -0.09307477649416313,
            -0.052143262232737846,
            -0.04446982944352103
        ],
        [
            0.2511495109913587,
            0.6051713274347776,
            0.5636177655616319,
            0.5391546881946686,
            1.7316081974971558,
            -0.9332491454572841,
            1.3011487439579057,
            1.7706896746933236,
            2.2141616294161817,
            0.2310572074996971,
            -0.5638885441986219,
            1.4423960382995822,
            0.42129204674025234,
            0.27601276241702816,
            0.437771614298893,
            0.10277054537227431,
            1.657930966016477,
            1.2149253435775451,
            -0.21750907294660438,
            -0.11733083752913705,
            0.5201250242067333,
            -0.6698850587365719,
            0.9354621863919299,
            -0.0768415452372852,
            -0.24154971585800566,
            -0.3008293353538446,
            1.0030375944166894,
            0.33134079981821735,
            0.9259432494756542,
            0.08243105420262345,
            0.664145953497285,
            -0.004200096001745701,
            1.6081716497746479,
            2.1662763817054453,
            -1.1053007594409923,
            1.3712314608076124,
            0.8323747866355534,
            -0.32942373702543826,
            1.9086562412936958,
            -0.09439454801618319,
            -0.9744343155541817,
            -0.1810045924251075,
            0.48916703375755965,
            -0.7445266152899159,
            -0.0850841300413,
            -0.014937157633995122,
            1.351443871392473,
            1.9192178526515766,
            -0.01889425070645538,
            1.172826581554324,
            -0.06233522884431552,
            2.7872819134990383,
            -0.07311462278337509,
            -0.017406013094717867,
            -0.00240053921611093,
            -0.18663117715376312,
            0.05035787164732739,
            -0.19805185144304827,
            0.870833219841707,
            -0.012547785406261565,
            -1.0747944640804683,
            1.9196620857054354,
            1.1922514164039126,
            -0.01564607139479984,
            -0.5761634355311753,
            -0.14818695078592056,
            -0.105502692775157,
            0.8017029588255847,
            2.968165670536578,
            0.6106702296919442,
            -0.23646404978812183,
            -0.206007386628988,
            -0.19564176187810056,
            -0.18385888227025254,
            0.6576577556914163,
            2.974475824780084,
            1.5743821178970538,
            -0.34976397585043006,
            -0.3418879449105239,
            2.395471595511587,
            1.6070920431319362,
            -0.06536777519640029,
            3.014815623363221,
            0.008937782343232139,
            -0.27448334272343805,
            0.7879064794043803,
            -0.3796296241766657,
            0.8028409094301532,
            -0.01984886864197788,
            1.0865947980656179,
            -0.28601675028128243,
            -0.7572718522071525,
            0.925743347746603,
            -0.5190204555455261,
            2.673317340340893,
            -0.6486767886731283,
            1.520458846517859,
            0.21791949718420975,
            -0.11267086595270269,
            0.01748089473960765
        ],
        [
            -0.1672081493400528,
            1.0921440365363153,
            -0.4359289212310804,
            -0.4078436623280361,
            1.1427067769183785,
            -1.1099798807906862,
            0.6664620297474155,
            0.13642863997479296,
            0.2310572074996971,
            1.3246528695468358,
            -1.4093779978693903,
            -0.2063749977576098,
            -0.42418334880325576,
            0.09629801652206194,
            0.08894704522601055,
            0.5457513881244013,
            -0.33975939162352065,
            1.623412716051622,
            0.09356783107616568,
            -0.26177962011433814,
            0.8027892907735105,
            -0.2987824445300013,
            -0.4842676049754772,
            -0.037204515217294946,
            0.7205920350616087,
            1.419067701269894,
            -0.7121284776917762,
            0.2364281470859273,
            -1.1081486049596103,
            -0.09550650902540438,
            0.46167754675117867,
            0.06834269870756854,
            0.22676329126631478,
            1.396897949496892,
            -0.05228104353152015,
            1.4477353628743108,
            1.3633242040861795,
            -0.7940784914608584,
            -0.03887615852657004,
            -0.51020763939036,
            -0.5699013589176919,
            -0.2118782952786985,
            -0.4390172722924339,
            0.022689161833811318,
            -0.026633867891608234,
            0.07867342107024375,
            0.9317923577001745,
            1.1843647453367063,
            0.0017305320165814744,
            0.10884644913422543,
            0.222453874738574,
            0.657769044647732,
            -0.06148612156362281,
            0.02296035232277252,
            0.0072965984437196475,
            -0.48257301874271025,
            -0.2533452398135476,
            -0.0732404692874721,
            0.2498470097160715,
            -0.007923067817604903,
            0.12625141576053056,
            0.30562805854376,
            0.35255340256079065,
            0.02228688570916604,
            -0.8056734326880746,
            -0.22107880004629346,
            0.3196265396115299,
            0.11278425688796515,
            0.10591497186739576,
            0.8137338804880243,
            -0.2925221372548302,
            -0.22327050311100002,
            0.33138360641437437,
            0.2647458573428567,
            0.9834498516897661,
            0.10249768282043326,
            -0.462110804977778,
            -0.45796523513159343,
            -0.16172436473966426,
            0.2870093706961134,
            0.6868937280836158,
            -0.009435176300592076,
            -0.1790771294056522,
            -0.10240745678580838,
            -0.1171115390264209,
            1.595358221880875,
            -0.40501027634755754,
            -0.14480062482512543,
            0.27108652193304555,
            -0.003207713282755366,
            -0.29681128128192796,
            0.005211111902786265,
            0.005795805372489108,
            -1.4076627544997011,
            1.1859541764500052,
            0.29282464116136503,
            0.16290328334483803,
            -0.07859396310222454,
            0.07791902206370982,
            -0.0008560241981915772
        ],
        [
            0.21144947467315134,
            -1.0420692690130353,
            0.42113057731950604,
            0.3813909314535889,
            -1.3064197271890217,
            1.321092912828591,
            -0.801919688489726,
            -0.4678607928811094,
            -0.5638885441986219,
            -1.4093779978693903,
            1.5936885094924298,
            -0.13881916523448584,
            0.21105739439930124,
            -0.1431803283112174,
            -0.12090614414578993,
            -0.5578562487384388,
            -0.09030841544431739,
            -2.004185636961957,
            -0.038159416458793574,
            0.22154488388413573,
            -0.7039783399184785,
            0.376998636983265,
            0.4257875842215369,
            0.04164259851580551,
            -0.5267485211988193,
            -1.5263313496724176,
            0.5045489078956851,
            -0.26733320300932367,
            1.2656942321242735,
            0.12817090229418332,
            -0.5939797781065089,
            -0.07358468950144832,
            -0.5606055707565872,
            -1.8080281900908006,
            0.15846421955311338,
            -1.629140953783167,
            -1.3824883656067655,
            0.8554976336955562,
            -0.25184295451870436,
            0.5500108915103817,
            0.6434604198780419,
            0.25031223896809,
            0.3500119453260629,
            0.0813444529916138,
            0.026564317444898372,
            -0.06753684602278752,
            -1.1364520181005011,
            -1.4606055843787533,
            0.0034688037381670356,
            -0.31471908766457746,
            -0.1493437906340533,
            -1.0838637189198488,
            0.06941816251962724,
            -0.021741738982056412,
            -0.008007345801849057,
            0.7085562557513513,
            0.23868579351444166,
            0.09088273797199548,
            -0.5489796840528485,
            0.007861067835879892,
            -0.09826311466480511,
            -0.6349722251086957,
            -0.4031997144412106,
            -0.020804987937188265,
            0.8900745438096127,
            0.2550173533772623,
            -0.35336292236616373,
            -0.3403874270501406,
            -0.5205019160340599,
            -0.7810232865074355,
            0.3628144243812214,
            0.2994727141891048,
            -0.32542471935896167,
            -0.5237607673597476,
            -1.122143339702148,
            -0.543971461333361,
            0.16906042155200368,
            0.5268889705059823,
            0.14857916564450416,
            -0.6845731111195638,
            -0.9099302367930845,
            0.003863835068842786,
            -0.2580449734778906,
            0.1014356847752104,
            0.16278110660778655,
            -1.753553121067811,
            0.4672185026134863,
            -0.049415663856917896,
            -0.34347491262615815,
            -0.43253609622145933,
            0.3522545080514922,
            0.1304191432584917,
            -0.22085737272745185,
            1.6106243751550104,
            -1.5790683914911645,
            -0.1884675109912096,
            -0.36984061976297045,
            0.06821684649654214,
            -0.043428762096369006,
            0.025312023988239077
        ],
        [
            -0.12396702655368286,
            0.040294077675500195,
            1.1401888070275796,
            1.2166257348784457,
            0.5458936466118555,
            -1.5715665464713735,
            -0.5923248035945642,
            1.8282705388532972,
            1.4423960382995822,
            -0.2063749977576098,
            -0.13881916523448584,
            2.75407476740413,
            0.8094236322605788,
            1.5581280947339986,
            -1.3040190411400607,
            -0.5043018794718915,
            2.8417784663979244,
            1.3726115999075397,
            -0.29277734402252414,
            0.26227214581028213,
            0.6452860854720721,
            -1.0360019023393203,
            0.7654777868857151,
            0.0909993899810964,
            0.4411157481964383,
            0.7165069072590146,
            2.488550295584054,
            0.0162471398614822,
            1.3528328457808163,
            -0.279892151152027,
            0.27258494352769574,
            0.017861208016244853,
            0.937517475081595,
            1.460630195295498,
            0.5478236093407275,
            -0.04982275165327077,
            0.15173020983219426,
            -1.2965676659668244,
            0.1458418475643166,
            0.9602799565464898,
            -1.2773747612161819,
            -0.2761700643876676,
            1.4363430729773707,
            -0.8572944542562042,
            0.056026382220735804,
            -0.08167785072551925,
            0.6321011794170719,
            1.2114561166730307,
            0.05841036827731916,
            -0.08447213125014787,
            -1.4181830269305558,
            1.5014717774500006,
            -0.08660337411412197,
            0.03118053999129678,
            0.006717540385059637,
            0.5336598150816653,
            -0.5064627385038842,
            0.5202982545324042,
            1.4478949934751155,
            -0.005325956632626878,
            1.1974586530498041,
            1.0805152569884948,
            -0.07399911687823943,
            0.030463579539527774,
            -1.2315414316643833,
            -0.13717242327559975,
            0.11081608035753845,
            0.8339203398753009,
            1.68326231505754,
            0.36099699850984746,
            -0.3448597469432573,
            0.21796498771918552,
            0.16876278916489248,
            2.303677038179919,
            1.081179623758018,
            1.4059161026729727,
            2.7518608404301355,
            -1.1719858092494309,
            0.4547546107239547,
            1.5353368774751588,
            0.7418236743245448,
            0.09889846455766367,
            2.2527120958211944,
            0.14708854938317611,
            -0.2038264643140788,
            -0.39238998911312883,
            -1.4546332453167294,
            -0.2913220589132934,
            0.36851948466670237,
            1.7989421268122279,
            -0.4206467556867054,
            -0.18308532961441018,
            0.1290050062511385,
            -0.6788127914254545,
            1.2149406375917031,
            -1.1217066607432844,
            0.8935063952822022,
            -0.6857392886823445,
            0.01544348686362075,
            -0.09412989266043215
        ],
        [
            -0.004545770995980342,
            -0.6557723502522723,
            0.230584647838446,
            0.21593949785975775,
            -0.48649961923191554,
            0.2440202314401316,
            -0.06993542170099729,
            0.6072330173398485,
            0.42129204674025234,
