{
    "pos": [
        [
            1.41465331238036,
            0.6430493615349698,
            0.2929763268415351,
            0.18893629369822929,
            0.85406017516507,
            -0.23518127282222923,
            1.047238221847047,
            0.13509778422423407,
            1.0583796601458073,
            0.9606855999996449,
            0.42107355438826577,
            0.40843599896974664,
            0.5382819578455978,
            0.3583411056118825,
            -0.5828970768885855,
            0.897627223292448,
            0.4865040797200161,
            -0.1604261050494373,
            -0.28683436407517804,
            0.7993780626789361,
            1.2920291228596597,
            0.08930127118759124,
            0.7122407087451923,
            0.08467549285782028,
            -0.030593364841033806,
            -0.279552789189723,
            -0.7128887511715208,
            0.10197842658601171,
            -0.28381701437826634,
            -0.14361076450107982,
            0.7309985748332117,
            0.2501467508617976,
            -0.22493470998742482,
            -0.631845948660464,
            -1.272124506830962,
            -1.6898871948363299,
            0.9234760854811861,
            0.09949924668024186,
            0.1533643663025401,
            -0.48339795909740735,
            0.3176429302979565,
            0.11516173202594873,
            -0.6578782205903296,
            -0.3467724131914867,
            0.08021419461895153,
            -0.036223712101560536,
            1.1245350539152332,
            -0.5816178968711214,
            0.089226854694476,
            -0.01665251512017558,
            -0.5962763448686714,
            1.2559911348695991,
            0.05404544375136549,
            0.0014529771157802138,
            0.4546768688663885,
            -0.2030101065465252,
            0.47353935068102104,
            0.14790485616000118,
            0.8790683455445006,
            0.024189016613570383,
            -0.07766492096473623,
            0.22232812167824198,
            0.6100814904199673,
            0.005018331895529765,
            0.49099743544809915,
            0.07906192529855843,
            0.12543451462740615,
            0.23444285058267653,
            -0.36751703688152115,
            0.4599336618218073,
            0.36162390158984276,
            0.4823981511281269,
            -0.610166433417508,
            1.0470708709773058,
            -0.5692075240118262,
            1.2055382726377464,
            -0.21498103482280428,
            -0.25365766731071643,
            0.365643073345399,
            0.23660544375588347,
            0.8413493797631425,
            0.11273368287740476,
            -0.33972589174705103,
            0.027579979649415866,
            0.5499152823463808,
            0.31426301490505126,
            -1.6374487833454374,
            -0.39460385986620616,
            -0.09681950754274629,
            -1.3679505974545203,
            0.17874859539498567,
            -0.7286139450138547,
            0.747698182887823,
            0.6299011200941156,
            0.5291097366471806,
            0.38617364714652413,
            1.1079507113871345,
            0.8832280557666865,
            -0.1137438329835024,
            0.1568908892932346
        ],
        [
            0.6430493615349698,
            1.8443623350877836,
            0.2545481248671774,
            0.31762200395668094,
            0.9385012611627981,
            -0.3931018121067679,
            1.2137173599679374,
            0.612585696144555,
            0.6929874306920936,
            1.1775289049257587,
            -0.15398456158659535,
            0.5404460423703837,
            0.7197290138325494,
            0.31342909623996873,
            0.5300919267228891,
            0.9038642583393701,
            0.20879796972676146,
            1.2669219482914305,
            -0.009817367102030156,
            0.6557400293606409,
            1.5719702433905502,
            0.9212276362748814,
            0.4640288607624796,
            -0.10928147513951295,
            1.0816107880072583,
            1.330661802081293,
            -0.5267802614064999,
            0.18202182493590005,
            -0.16577225285180044,
            0.26956886212700243,
            -0.17370129706058052,
            -0.3640604716475552,
            0.14002459170547815,
            1.107122148661788,
            -0.30298212026672283,
            -0.3487040614498398,
            1.7553666006079158,
            -0.0815239597120614,
            -0.2483135139358162,
            0.02068931917650826,
            0.22331303473151057,
            -0.26195303648585316,
            -0.09410776350451347,
            -0.19273929275484372,
            -0.10824087375194996,
            -0.4698316738217426,
            0.5776232833928342,
            0.5298676084147528,
            0.03375715044053292,
            -0.43666072119400373,
            0.08734572319661091,
            1.138790507522409,
            -0.04641426532752338,
            -0.050070638279701186,
            -0.8411547045952151,
            0.1385330457968972,
            -0.2891828962158591,
            0.15978881406373005,
            0.708412866371019,
            0.0020107709898118348,
            0.5001803314712773,
            1.1092691164894437,
            0.29048330726345273,
            -0.052339691620830436,
            0.20350384275436514,
            -0.5734525822886765,
            -0.10275126586892147,
            -0.4642179832742701,
            -0.6474906287144399,
            1.16548931476763,
            -0.35393216051469517,
            -0.38554189866914323,
            -0.296465637335198,
            0.9517809131445101,
            1.1383886915802943,
            -0.2862771429122476,
            -0.11557892267394548,
            0.3886638456674181,
            0.7801959227581907,
            0.5475430103191504,
            1.2129456045154563,
            -0.018202808658847366,
            0.09482576632092919,
            -0.11183023896617642,
            1.1298796144998895,
            1.2257152180043178,
            -0.8633710215757646,
            0.042314824353230376,
            -0.20846269686243335,
            -0.5537371603483477,
            -0.349421504963652,
            0.012971527178670351,
            0.6013310472277613,
            -0.715248502336534,
            1.4657049616276128,
            1.1167434529185658,
            0.7757133201856041,
            0.6766692363941132,
            -0.04692565378028222,
            -0.06397783365494653
        ],
        [
            0.2929763268415351,
            0.2545481248671774,
            0.94070632463922,
            0.9592605886425217,
            -0.4297141548371948,
            0.2837280678890203,
            -0.20467321778316006,
            0.5722228943266039,
            0.45976764880676213,
            0.1380800149421996,
            0.8146052306718308,
            0.7016100388583895,
            0.8927689528283678,
            0.4751538193781074,
            -0.3475878027931165,
            0.1115566495106444,
            0.5794715763262571,
            -0.6814124239645797,
            -0.13916416234862036,
            0.7448746684248558,
            0.47286801488607866,
            0.5566588499120009,
            0.916946076402179,
            -0.02347032692026294,
            -0.05755947186845343,
            -0.6273731713797117,
            0.5462278448769166,
            -0.12484636217337071,
            0.8263727076799919,
            0.07430715061681718,
            -0.6613333634883203,
            -0.22299175222682865,
            -0.25297700872474277,
            -0.4328975847845903,
            0.43657760198206763,
            -0.814034922769811,
            0.15581690258215852,
            0.10864020799057533,
            -0.4825802337722648,
            0.7731731516249694,
            0.021222809545468554,
            -0.04937468134520693,
            0.8510108187014125,
            -0.29424810859467293,
            -0.039723854213559846,
            -0.3187042406449263,
            -0.13386868668112983,
            -0.28502189277009715,
            0.012319203661562694,
            -0.7356055276774933,
            -0.13702592618659895,
            0.27437313415724235,
            -0.006884059043633523,
            -0.038043303500734656,
            -0.3840933979647365,
            0.8166465604315708,
            -0.024292109028216956,
            0.22018072923580806,
            0.5663877397630831,
            0.005886249837674483,
            0.5163729502827387,
            0.6857781602984376,
            -0.121084719342239,
            -0.03597861776250519,
            0.4223246714264295,
            -0.09301434956069277,
            -0.22416635155658918,
            -0.2706617746271571,
            -0.2747307597235364,
            0.31860959770879727,
            0.1617540258195939,
            0.012060673948097202,
            -0.822287187871869,
            0.6956643422173568,
            0.11338184594906918,
            0.007568830092975582,
            0.6036265038153865,
            0.1613934696368525,
            0.1413819427214117,
            0.6215621279275512,
            -0.11274570954503826,
            -0.0160236997225764,
            1.3745711430174876,
            0.010337347597378194,
            0.836018618361309,
            -0.6064905450823138,
            -0.21259585185766183,
            -0.1106773398647175,
            -0.11726381635689127,
            0.13201947508062004,
            -0.05350954808707922,
            0.795376130360403,
            -0.262423462712762,
            0.833532849448618,
            -0.6854970139167509,
            0.10141570044827485,
            0.5144986162799694,
            0.024288183562196707,
            0.05869902686172738,
            -0.028544796429701893
        ],
        [
            0.18893629369822929,
            0.31762200395668094,
            0.9592605886425217,
            1.0049230595571947,
            -0.47611096481113446,
            0.2924639317257327,
            -0.17142411145346492,
            0.686574504779908,
            0.47727608554463724,
            0.2415133811928381,
            0.7523227406114006,
            0.7254695127297611,
            1.059567389296177,
            0.46106843889469884,
            -0.23896264345150542,
            0.17490567846768446,
            0.5932746197220397,
            -0.5814094999725335,
            -0.12894474967664302,
            0.8322843040980121,
            0.46730529287113587,
            0.6908498235883359,
            0.9303800014816006,
            -0.04585654221422721,
            -0.11117592873875233,
            -0.5818832480251139,
            0.6110791592387772,
            -0.14273561410791277,
            0.9491278909638103,
            0.11630103175079197,
            -0.8141497176212917,
            -0.28526713170046286,
            -0.21248728782168783,
            -0.2582065059603062,
            0.5862432396549392,
            -0.688746834174093,
            0.23421591347463724,
            0.13179445410241875,
            -0.5010115746732033,
            0.7931371898971099,
            0.04932213164103096,
            -0.08697180194875337,
            0.8790192310255298,
            -0.25387031276585104,
            -0.0592497793996069,
            -0.36548817968906366,
            -0.1496549231665322,
            -0.21380081272771168,
            -0.0022501522114706917,
            -0.8073968783742116,
            -0.01117925153596061,
            0.3293617080201159,
            -0.013618132410448573,
            -0.046251199096730186,
            -0.5078493913912271,
            0.7795638638884591,
            -0.0638229622574119,
            0.20627170504278777,
            0.6622210733775469,
            0.005877319394290974,
            0.631231624944494,
            0.8761087606552751,
            -0.16981692720794686,
            -0.04440123519600053,
            0.4737250809503821,
            -0.14083687527420172,
            -0.24076945655904802,
            -0.32547224160782173,
            -0.3255620439198522,
            0.3670237048039652,
            0.11082296918309838,
            -0.11083263181446706,
            -0.8551143547005937,
            0.7979311590784124,
            0.21869571971998047,
            -0.06375573232209779,
            0.5733816145392499,
            0.23243965786839638,
            0.09185869332410007,
            0.7740042437174367,
            -0.11180949469313749,
            -0.03181407616867587,
            1.5178052182275301,
            -0.004817535984012329,
            0.9631980711727668,
            -0.5089091206438056,
            -0.04991392056913583,
            0.017767301786857738,
            -0.11353623733604493,
            0.3281330066084803,
            -0.1028065549898558,
            1.0439924791090047,
            -0.30815475920980334,
            0.767690004016669,
            -0.6741666063436039,
            0.20033681321059615,
            0.562935290952908,
            -0.010062901241366344,
            0.07134007904472936,
            -0.05613247250280359
        ],
        [
            0.85406017516507,
            0.9385012611627981,
            -0.4297141548371948,
            -0.47611096481113446,
            1.2267785125488366,
            -0.40726174356230516,
            1.2662357506991424,
            0.09936503915378128,
            0.5926293358521167,
            1.0239274859162353,
            -0.2792693525221101,
            0.11261372090289999,
            0.06953284202634803,
            -0.03205315734717351,
            0.17921317712648555,
            0.880228893659071,
            0.13474348985827542,
            1.033271267709997,
            -0.046044639374896085,
            0.24759336156324085,
            1.202614977052738,
            -0.040000315703919445,
            0.00032667777351244034,
            0.008617600518643756,
            0.5707609435836417,
            0.9097728874206521,
            -0.8748741732843661,
            0.22003126947727547,
            -0.6581549653566028,
            0.11644597565178261,
            0.7879721317630916,
            0.11593530169946704,
            0.19659461826803748,
            0.41985848149941446,
            -1.3288284581063912,
            -0.39004104984579374,
            1.2428975493692818,
            0.0758472662479018,
            0.5000158525384245,
            -0.9035504597167956,
            0.35595525602523237,
            -0.017137389913012026,
            -1.0936202264609942,
            -0.015079275905429498,
            0.016256308298762855,
            0.002064984915713897,
            0.9839307370820306,
            0.04676075017016895,
            0.05100699178407084,
            0.3671552674226585,
            -0.19545829139302898,
            1.0921734938643144,
            0.0181404182236929,
            0.004880693805897148,
            0.10701987949189556,
            -0.7808886021579063,
            0.09332762331210648,
            -0.026394033954870555,
            0.4026865545281081,
            0.01246944481951749,
            -0.10368272773306274,
            0.1568602506368658,
            0.5698011365750383,
            0.003172951272904739,
            0.1591438542990207,
            -0.14486307712625096,
            0.1183524450438006,
            0.0958498679900864,
            -0.09970163013760884,
            0.5029646537089623,
            -0.10134669520883009,
            0.058108585576121655,
            0.37679800157340604,
            0.6455418583032078,
            -0.019236786291711334,
            0.5796063516364958,
            -0.49397911905074104,
            -0.050192280611039954,
            0.46753572660716136,
            -0.09650846996881297,
            1.180333091563937,
            0.06602050251683278,
            -1.1688077582153253,
            -0.0327143239840017,
            0.18392034999482712,
            1.1506547575822619,
            -1.1357120599831174,
            0.11985227668760007,
            -0.12866186069729688,
            -1.0801318569758809,
            -0.03207311161059375,
            -1.0310860613156905,
            0.9813253198995966,
            -0.5332382780000828,
            1.5443772596534444,
            0.6291197567236743,
            0.7125382062134382,
            0.7715841931252843,
            -0.16944737961079226,
            0.08086004162455504
        ],
        [
            -0.23518127282222923,
            -0.3931018121067679,
            0.2837280678890203,
            0.2924639317257327,
            -0.40726174356230516,
            0.563430277928961,
            -0.4827827339062538,
            0.6927662958336512,
            -0.00018843617975921613,
            -0.08744727942977792,
            0.8040850925777945,
            0.6865502318158836,
            0.5023481865653401,
            0.038757145833704106,
            -0.0656211099458344,
            -0.06716261807284167,
            0.7635679413807052,
            -0.23259548213687253,
            0.052206387346481545,
            0.25227874807307943,
            0.1982719733835634,
            -0.18746319905369188,
            0.43539933086307664,
            -0.036389888785644524,
            0.10975051913870776,
            -0.315562175172545,
            0.9526293984056919,
            -0.12190274213153006,
            1.002572803790003,
            0.4532888010018942,
            -0.49619395141790196,
            -0.18850114305220378,
            0.14928504016938604,
            -0.333745958465513,
            -0.058727858638225806,
            0.3627954760942774,
            -0.128188220998293,
            0.4674825441929633,
            0.3236163429483108,
            0.21383302629942974,
            0.21403712351841434,
            -0.01662302259690702,
            0.3475707002962086,
            0.10447247867656984,
            -0.05120760123646759,
            -0.08857885748385008,
            -0.36364598205327353,
            -0.30645610263107986,
            -0.02845032834184923,
            -0.17108824995939886,
            0.017440835263983757,
            -0.0061256680042260266,
            0.0023810913895176674,
            -0.015653706496173713,
            -0.3400725690523348,
            0.0020248500525007766,
            -0.2754896881392997,
            -0.0021935153245636694,
            0.002614351896946876,
            0.0047011894970916505,
            0.48252468002989657,
            0.23799880699976655,
            -0.1696414273853565,
            -0.019043786522155413,
            0.383514669040107,
            -0.0002469660919288386,
            -0.34501626788205014,
            -0.20595712761292306,
            0.6542290161065659,
            -0.20476697785155584,
            -0.047372679787407244,
            -0.12907549224443712,
            0.595233002880318,
            0.43822979495454883,
            -0.358143282799229,
            -0.09612236792516331,
            0.7370583304396847,
            0.19319682557199663,
            -0.007587289471474461,
            0.07898484145236806,
            -0.06899884468393035,
            -0.0281971614104648,
            0.6126239097248312,
            0.043402965795399095,
            0.07411181051194292,
            -0.5430998310641487,
            0.3225599113575986,
            0.7694566066778991,
            -0.23389010316151346,
            0.44556978665245367,
            -0.06842683695950587,
            0.29828389641639175,
            0.004600800976968254,
            0.4704281831934547,
            -0.2686791100848088,
            -0.2044353837597099,
            0.30496468596790144,
            -0.2563368090171208,
            -0.08274004006737568,
            -0.03161120553706554
        ],
        [
            1.047238221847047,
            1.2137173599679374,
            -0.20467321778316006,
            -0.17142411145346492,
            1.2662357506991424,
            -0.4827827339062538,
            1.9316284295775572,
            0.6237460479901321,
            1.2908803190974227,
            2.0555464514363972,
            -0.46591250232034814,
            0.2529029983831139,
            1.2961246122737036,
            0.029737709844680205,
            0.2562049722967557,
            1.6881841605493957,
            0.3877408870683811,
            1.1044851450195041,
            -0.21669484205337902,
            1.2004583891413843,
            1.5101525851639845,
            0.6472595473171195,
            0.40550452079308497,
            -0.027748546994572094,
            -0.31876110911574534,
            0.491101722057915,
            -0.959569168066074,
            0.12139443848375048,
            -0.14226574648540805,
            0.0868266887546656,
            0.45983656331164646,
            0.0665849818956362,
            0.20237476616223635,
            0.735624881299045,
            -1.1438577703637487,
            -0.8228015846871168,
            1.8309226549490392,
            0.2565051159219681,
            0.5152035941942432,
            -1.1864567385377738,
            0.6710018219591761,
            -0.07669441249016071,
            -1.4386893242986778,
            0.04137998181561823,
            -0.0011483323628624213,
            -0.14857976459856378,
            1.6110916771011572,
            -0.08593862440649834,
            0.012165583182601662,
            0.0473142398210664,
            0.16873794153406754,
            2.0221969275800804,
            0.03317282835079984,
            -0.028458942858898106,
            0.018831748246326135,
            -1.2439078508029295,
            0.3783209304158343,
            -0.06651472206106548,
            1.506402564420513,
            0.030256202725094435,
            0.3440794021664319,
            1.1805855977395672,
            0.6279842161258139,
            -0.02704586674621487,
            0.7623020678518313,
            -0.17841141540671449,
            0.2144416027625481,
            0.1316716290998983,
            -0.6313550541082957,
            0.7757657320119579,
            -0.004315351174346333,
            -0.22981613002254608,
            -0.37539569601959877,
            1.7363262994792963,
            -0.13666478914147734,
            1.1920904111688728,
            -0.9757968989276548,
            0.045211857702045714,
            0.08656762629809403,
            0.9419129973142198,
            1.3635562755677986,
            0.05876948383928036,
            -0.5637806246501309,
            -0.079324125239371,
            1.0564071579205427,
            1.6755659223916923,
            -1.0168618730582375,
            0.5221810882996597,
            -0.04450086667965031,
            -0.655218390578838,
            -0.0747593527251801,
            0.09237286142928441,
            0.9981189456716018,
            -0.26474827063400336,
            1.468491548074121,
            1.2144357513319548,
            1.570027079624707,
            1.011246294307864,
            -0.13235268857652951,
            0.045620804419740674
        ],
        [
            0.13509778422423407,
            0.612585696144555,
            0.5722228943266039,
            0.686574504779908,
            0.09936503915378128,
            0.6927662958336512,
            0.6237460479901321,
            2.0987447278655567,
            1.014559279822337,
            1.6015216210668115,
            1.0806407990519442,
            1.6510176080127719,
            2.320421583290363,
            0.16775493817981113,
            0.38282532917740386,
            1.2592535744290045,
            1.7614397187701099,
            0.7180168788705369,
            -0.02318400911551223,
            1.595937376086252,
            1.671911215610174,
            0.6123981717776488,
            1.2541407186860698,
            -0.16269741301010654,
            0.14591821463839746,
            0.0929985465311293,
            1.2377084923339812,
            -0.15740251242640185,
            2.0591863395309957,
            1.0520917161233443,
            -1.0758054793096086,
            -0.5530715287785292,
            0.5033423774879622,
            0.4606587524849056,
            -0.49381924416101086,
            0.3153575659156093,
            1.4759160126392898,
            1.0546450903998938,
            0.766533172172883,
            -0.21041731523004775,
            0.9154047825713332,
            -0.22912955952257452,
            -0.11929600327170707,
            0.24069449969613999,
            -0.16843976083578088,
            -0.49555930059156356,
            0.3905373210314712,
            -0.3458730148919202,
            -0.06915779966575768,
            -0.6095331423346584,
            0.4308819312490605,
            1.621439030763057,
            -0.002801997887937133,
            -0.07944738255998168,
            -1.1277020551865187,
            -0.7326984360543427,
            -0.4417147123744443,
            -0.020755361258796345,
            1.3388597603101944,
            0.02768017113367411,
            1.5142846981545792,
            1.8974599374201113,
            0.014655677771868943,
            -0.08572177134995189,
            1.35965767759857,
            -0.36176888426596837,
            -0.5852423495543373,
            -0.5568854543999037,
            0.5324776363802701,
            0.5037463495235193,
            -0.27937898070988604,
            -0.7473775353102341,
            0.6629391562039386,
            2.3609247375316356,
            -0.21728959461706576,
            0.3065752614348635,
            0.7184845274225651,
            0.6501059303551585,
            0.12412370984515742,
            1.2351187595925646,
            0.9773625483572426,
            -0.058186496449438296,
            1.239255040997923,
            -0.028496813206460532,
            1.3937802466716125,
            0.47919113021939536,
            0.1300565128476253,
            2.022940742193954,
            -0.50741510402748,
            0.7494184817471577,
            -0.3713530804433643,
            1.2319491996012242,
            0.6285696452379333,
            0.4450961092370407,
            0.7155947361028863,
            0.854547304504735,
            1.837629952270033,
            0.22169809911389599,
            -0.20974864754002476,
            -0.11120338896063171
        ],
        [
            1.0583796601458073,
            0.6929874306920936,
            0.45976764880676213,
            0.47727608554463724,
            0.5926293358521167,
            -0.00018843617975921613,
            1.2908803190974227,
            1.014559279822337,
            1.4282324141205627,
            1.7636785623969171,
            0.4271609359951857,
            0.7884809364871652,
            1.8196255493093276,
            0.28908396645083306,
            -0.22482869508583098,
            1.4787456793169618,
            0.9738947915652185,
            0.12665109433048166,
            -0.3083464633574765,
            1.596042200949343,
            1.45353730801597,
            0.6513395168946152,
            1.0523989633421258,
            -0.011213816978167541,
            -0.6567582807320398,
            -0.4864460979556269,
            -0.16732227376715772,
            -0.05158851778854232,
            0.7476182450358548,
            0.17531106350184178,
            -0.025760198754782932,
            -0.00360193974461549,
            0.009183593455946907,
            -0.08920561288697548,
            -0.8546501923354779,
            -1.2655588643652453,
            1.3596532520330582,
            0.4997600293681352,
            0.37115117395895036,
            -0.6178784609906933,
            0.6867244802585915,
            -0.01830126539520589,
            -0.7479481614108228,
            -0.09333337809276268,
            -0.001651017320937415,
            -0.23646293180658917,
            1.273962812280838,
            -0.5882680477018344,
            0.008599307608167107,
            -0.3576925834541357,
            -0.005140299820837312,
            1.8865110830770218,
            0.047876690618951744,
            -0.041523054417879714,
            -0.03352552798920414,
            -0.7218150372266348,
            0.39859073121290844,
            0.04392993627379471,
            1.686198612694571,
            0.03615020060850531,
            0.6582974956882822,
            1.336476336548184,
            0.4374770247851667,
            -0.03879966975768521,
            1.1152521087112572,
            -0.04497510037681373,
            -0.004596965094289913,
            0.05248156815536001,
            -0.4166154407111615,
            0.5693193977389596,
            0.23358013614323458,
            -0.0873350862036234,
            -0.6838673755814443,
            2.0675418362974862,
            -0.5810918912233044,
            1.327365839028317,
            -0.29620965887823747,
            0.06406243538753807,
            -0.03845877986936267,
            1.1933532241226128,
            0.9134424435479144,
            0.05350880120507484,
            0.4947853214054099,
            -0.018263065573015057,
            1.2888466597388566,
            0.6876339021165775,
            -0.8995326877919644,
            0.6200488618667821,
            -0.13622311326257375,
            -0.35737118791646966,
            -0.0017193767966751053,
            0.636894378563976,
            0.6695879669955929,
            0.7270043555851212,
            0.46472180765005017,
            0.8575983031659936,
            1.8070894251879641,
            0.7795405621593925,
            -0.11024076102021128,
            0.05003927613348456
        ],
        [
            0.9606855999996449,
            1.1775289049257587,
            0.1380800149421996,
            0.2415133811928381,
            1.0239274859162353,
            -0.08744727942977792,
            2.0555464514363972,
            1.6015216210668115,
            1.7636785623969171,
            2.7538618466429186,
            0.021903374632125074,
            0.9337290906263226,
            2.562212462746647,
            0.08410543035945982,
            0.3449222683572046,
            2.2297558427311475,
            1.1930010469382872,
            1.1200873949388908,
            -0.2690904208368758,
            2.0542801053814563,
            1.956401402430975,
            0.9899948092396684,
            1.013901160073269,
            -0.09543859812456798,
            -0.7370199299452554,
            0.09927770318327572,
            -0.2446762580906984,
            -0.03167862383827055,
            1.0276619533167983,
            0.4889198773640928,
            -0.19025871270607872,
            -0.15582413884863544,
            0.3783178574176619,
            0.8118977174106896,
            -1.0893459031285482,
            -0.7123094707126978,
            2.2366046134725934,
            0.7753601488416599,
            0.8242647077987032,
            -1.2392025908020865,
            1.0859108385696852,
            -0.15522771262355164,
            -1.4271808442447151,
            0.19087122283350397,
            -0.06724446166578699,
            -0.3451953969039669,
            1.749759383065036,
            -0.36028862614285573,
            -0.04073879841210488,
            -0.30304750799821556,
            0.47407103468660294,
            2.6981137204131382,
            0.040450829131468795,
            -0.06670389501135625,
            -0.39959274546798906,
            -1.6105787549925978,
            0.2937697188073524,
            -0.10486404902905598,
            2.2607257905201794,
            0.045648142824361616,
            1.084557376844524,
            2.133819502064273,
            0.5343224666171192,
            -0.06660612354532237,
            1.486417846838478,
            -0.2470923311358051,
            -0.018565547079422495,
            -0.05159960120157563,
            -0.4441422874127883,
            0.8453392721167751,
            -0.0347416215330567,
            -0.5933153850947278,
            -0.30981851823410467,
            2.871980479300242,
            -0.4255911025385312,
            1.4670396713231053,
            -0.7107027637037164,
            0.31093951738607617,
            -0.13858154625357264,
            1.7203527108761354,
            1.5182322163996413,
            0.024960235324425144,
            0.3033317627600314,
            -0.08477737928693738,
            1.7393030632346964,
            1.7060968637612224,
            -0.6559065248244601,
            1.5057187253036768,
            -0.19850516513011443,
            0.016761875839048562,
            -0.19673793792287642,
            1.093083533888839,
            1.0641356633127284,
            0.18594804717752872,
            1.3462032796760413,
            1.516409942116473,
            2.4238432294044703,
            0.9799533849068776,
            -0.18504519148208554,
            -0.014979708059097919
        ],
        [
            0.42107355438826577,
            -0.15398456158659535,
            0.8146052306718308,
            0.7523227406114006,
            -0.2792693525221101,
            0.8040850925777945,
            -0.46591250232034814,
            1.0806407990519442,
            0.4271609359951857,
            0.021903374632125074,
            1.7300637546276652,
            1.4164825974948128,
            0.822811525815339,
            0.39944311265387,
            -0.5061266875684266,
            0.09019920378008459,
            1.4489994676597941,
            -0.6104464202292413,
            -0.04277414704161772,
            0.6533127578228267,
            1.0597014315366484,
            -0.2602232783910727,
            1.163502814775611,
            -0.01062870635445666,
            0.5816241547167678,
            -0.5492479023356086,
            1.219923872640181,
            -0.11561170309725498,
            1.3656342794050584,
            0.6375171203560721,
            -0.464616664348086,
            -0.23218175686551473,
            0.017469343450008615,
            -1.0123146680948243,
            -0.6472066744344619,
            -0.44041779720169477,
            0.1839720428896095,
            0.6743838419956432,
            0.33838683231510996,
            0.47954406446453446,
            0.3469759741167877,
            0.02319318781518461,
            0.6341166935936038,
            -0.1656910096495762,
            -0.04826318602463065,
            -0.22700758261353024,
            -0.25639458284149746,
            -0.7359598896642385,
            0.02665290035481841,
            -0.4128955020339626,
            -0.4709553949021431,
            0.37510651643900034,
            0.017704534285982683,
            -0.02443554526464689,
            -0.4230269353746942,
            0.4157677520701617,
            -0.3157614774697166,
            0.1783683891787347,
            0.20622113197286868,
            0.01309644686904739,
            0.6806805061530785,
            0.32744844322301714,
            0.004612686736143775,
            -0.02830481597158717,
            0.6950093392697804,
            -0.0189577921256217,
            -0.5644606722338025,
            -0.32629947966597816,
            0.8467874134875633,
            0.006264983101335786,
            0.10289220086509883,
            0.15618395196535045,
            0.561547317140074,
            0.9821609392040642,
            -0.6239768479812021,
            0.1683279612021593,
            1.3766453721638352,
            0.19599394783545407,
            0.4382382348246074,
            0.03944821529311364,
            0.2711969214605788,
            0.010849070481490197,
            0.9591790255210638,
            0.09255410212970862,
            0.37572418608327013,
            -0.9968193696852586,
            -0.5263598678796887,
            0.6958005155251561,
            -0.4763767831255432,
            -0.20481545695552789,
            -0.03459872277816531,
            -0.127185993597392,
            0.3083216165573838,
            1.1248664730094426,
            -0.2486418337905176,
            -0.24925689362415837,
            0.844760399174397,
            0.013577172552849383,
            -0.17201019253908023,
            0.032198309247142155
        ],
        [
            0.40843599896974664,
            0.5404460423703837,
            0.7016100388583895,
            0.7254695127297611,
            0.11261372090289999,
            0.6865502318158836,
            0.2529029983831139,
            1.6510176080127719,
            0.7884809364871652,
            0.9337290906263226,
            1.4164825974948128,
            1.6338501587859646,
            1.563785245543459,
            0.3325450534703342,
            0.01602806601404524,
            0.7722452325042921,
            1.6398443260460234,
            0.29131932378543357,
            -0.017824509068589428,
            1.1438584309043083,
            1.6611115358910091,
            0.24069222782693542,
            1.2565391603688658,
            -0.09999787254322381,
            0.6793763942056017,
            0.07150581862497316,
            1.1304778178096697,
            -0.08679032393045603,
            1.6162593164684325,
            0.907888687409608,
            -0.7302867913833566,
            -0.44437290940374724,
            0.29211383577378625,
            -0.12842045546533257,
            -0.7153458318741941,
            -0.095536157553048,
            1.1104274847308127,
            0.8448149877015988,
            0.5395208118669154,
            0.1351837336443616,
            0.6537748667854578,
            -0.13917269668389123,
            0.23988827651618158,
            -0.0039344040476514104,
            -0.12395167930079985,
            -0.4239886930716423,
            0.13177795761179417,
            -0.4490218123694992,
            -0.008373906591484829,
            -0.5345552269273128,
            -0.06498634101792644,
            1.1347466410774578,
            -0.0006842431978753368,
            -0.05640566319191956,
            -0.9037857992516148,
            -0.11290482180689615,
            -0.45928263083322796,
            0.11114485377136983,
            0.7831422094286178,
            0.019471441212036547,
            1.1331892933885883,
            1.1876497848458016,
            0.07764469984841715,
            -0.0623502865611879,
            1.00966006082586,
            -0.28710483203803855,
            -0.6060965679690092,
            -0.5219815999335954,
            0.6543195113690354,
            0.43758532889165036,
            -0.1601846741537709,
            -0.31969148436855205,
            0.6776439867315657,
            1.747376319761214,
            -0.23267742435831346,
            0.15068262945922087,
            1.0829702744136502,
            0.4760265394956683,
            0.4817865966918589,
            0.6025631707209587,
            0.8615719140605714,
            -0.02244154596514177,
            1.004378502515762,
            0.01913345047175174,
            0.9829707078531403,
            -0.08091021314443946,
            -0.41565630666375863,
            1.3364870556840105,
            -0.5494056372532653,
            0.0777678542651118,
            -0.25700190164473463,
            0.3732296906717364,
            0.6164065045733281,
            0.6302884682438852,
            0.5507852643606748,
            0.44301949014552466,
            1.4163148057920183,
            0.23743796545494802,
            -0.21368119789833806,
            -0.04143427352340479
        ],
        [
            0.5382819578455978,
            0.7197290138325494,
            0.8927689528283678,
            1.059567389296177,
            0.06953284202634803,
            0.5023481865653401,
            1.2961246122737036,
            2.320421583290363,
            1.8196255493093276,
            2.562212462746647,
